,sojourn_time,cdf
0,0.0,0.4818652849740932
1,0.01,0.4868419500742093
2,0.02,0.49176909984039896
3,0.03,0.49664724575745833
4,0.04,0.501476893830441
5,0.05,0.5062585446453003
6,0.060000000000000005,0.5109926934288427
7,0.07,0.515679830107999
8,0.08,0.5203204393684221
9,0.09,0.5249150007124213
10,0.09999999999999999,0.5294639885162358
11,0.10999999999999999,0.5339678720866605
12,0.11999999999999998,0.5384271157170285
13,0.12999999999999998,0.5428421787425572
14,0.13999999999999999,0.547213515595069
15,0.15,0.551541575857089
16,0.16,0.5558268043153309
17,0.17,0.5600696410135761
18,0.18000000000000002,0.5642705213049541
19,0.19000000000000003,0.5684298759036295
20,0.20000000000000004,0.5725481309359042
21,0.21000000000000005,0.5766257079907418
22,0.22000000000000006,0.5806630241697184
23,0.23000000000000007,0.5846604921364086
24,0.24000000000000007,0.5886185201652135
25,0.25000000000000006,0.5925375121896355
26,0.26000000000000006,0.5964178678500069
27,0.2700000000000001,0.6002599825406802
28,0.2800000000000001,0.6040642474566826
29,0.2900000000000001,0.6078310496398455
30,0.3000000000000001,0.6115607720244123
31,0.3100000000000001,0.61525379348213
32,0.3200000000000001,0.6189104888668319
33,0.3300000000000001,0.6225312290585183
34,0.34000000000000014,0.6261163810069381
35,0.35000000000000014,0.6296663077746794
36,0.36000000000000015,0.6331813685797733
37,0.37000000000000016,0.636661918837818
38,0.38000000000000017,0.6401083102036278
39,0.3900000000000002,0.6435208906124121
40,0.4000000000000002,0.6469000043204904
41,0.4100000000000002,0.6502459919455494
42,0.4200000000000002,0.6535591905064453
43,0.4300000000000002,0.6568399334625591
44,0.4400000000000002,0.6600885507527086
45,0.45000000000000023,0.663305368833621
46,0.46000000000000024,0.6664907107179754
47,0.47000000000000025,0.6696448960120145
48,0.48000000000000026,0.6727682409527354
49,0.49000000000000027,0.6758610584446609
50,0.5000000000000002,0.6789236580961978
51,0.5100000000000002,0.6819563462555882
52,0.5200000000000002,0.6849594260464533
53,0.5300000000000002,0.6879331974029426
54,0.5400000000000003,0.6908779571044841
55,0.5500000000000003,0.693793998810148
56,0.5600000000000003,0.6966816130926221
57,0.5700000000000003,0.6995410874718078
58,0.5800000000000003,0.7023727064480376
59,0.5900000000000003,0.705176751534923
60,0.6000000000000003,0.70795350129183
61,0.6100000000000003,0.7107032313559942
62,0.6200000000000003,0.7134262144742755
63,0.6300000000000003,0.7161227205345544
64,0.6400000000000003,0.7187930165967813
65,0.6500000000000004,0.7214373669236731
66,0.6600000000000004,0.7240560330110715
67,0.6700000000000004,0.7266492736179567
68,0.6800000000000004,0.729217344796129
69,0.6900000000000004,0.7317604999195574
70,0.7000000000000004,0.7342789897133986
71,0.7100000000000004,0.7367730622826941
72,0.7200000000000004,0.7392429631407453
73,0.7300000000000004,0.7416889352371718
74,0.7400000000000004,0.7441112189856567
75,0.7500000000000004,0.7465100522913815
76,0.7600000000000005,0.7488856705781559
77,0.7700000000000005,0.7512383068152444
78,0.7800000000000005,0.7535681915438925
79,0.7900000000000005,0.7558755529035598
80,0.8000000000000005,0.7581606166578577
81,0.8100000000000005,0.7604236062202003
82,0.8200000000000005,0.7626647426791688
83,0.8300000000000005,0.764884244823592
84,0.8400000000000005,0.7670823291673501
85,0.8500000000000005,0.7692592099739008
86,0.8600000000000005,0.7714150992805324
87,0.8700000000000006,0.7735502069223479
88,0.8800000000000006,0.7756647405559814
89,0.8900000000000006,0.7777589056830518
90,0.9000000000000006,0.7798329056733553
91,0.9100000000000006,0.7818869417877998
92,0.9200000000000006,0.7839212132010859
93,0.9300000000000006,0.7859359170241337
94,0.9400000000000006,0.7879312483262633
95,0.9500000000000006,0.7899074001571272
96,0.9600000000000006,0.7918645635684002
97,0.9700000000000006,0.7938029276352281
98,0.9800000000000006,0.7957226794774399
99,0.9900000000000007,0.7976240042805227
100,1.0000000000000007,0.7995070853163664
101,1.0100000000000007,0.801372103963777
102,1.0200000000000007,0.8032192397287633
103,1.0300000000000007,0.8050486702645991
104,1.0400000000000007,0.8068605713916635
105,1.0500000000000007,0.8086551171170606
106,1.0600000000000007,0.8104324796540232
107,1.0700000000000007,0.8121928294411023
108,1.0800000000000007,0.8139363351611424
109,1.0900000000000007,0.8156631637600502
110,1.1000000000000008,0.8173734804653527
111,1.1100000000000008,0.819067448804553
112,1.1200000000000008,0.8207452306232812
113,1.1300000000000008,0.822406986103247
114,1.1400000000000008,0.8240528737799927
115,1.1500000000000008,0.8256830505604507
116,1.1600000000000008,0.8272976717403082
117,1.1700000000000008,0.8288968910211795
118,1.1800000000000008,0.8304808605275887
119,1.1900000000000008,0.8320497308237673
120,1.2000000000000008,0.8336036509302642
121,1.2100000000000009,0.8351427683403747
122,1.2200000000000009,0.836667229036388
123,1.2300000000000009,0.8381771775056558
124,1.2400000000000009,0.8396727567564842
125,1.2500000000000009,0.8411541083338513
126,1.260000000000001,0.8426213723349509
127,1.270000000000001,0.8440746874245671
128,1.280000000000001,0.8455141908502785
129,1.290000000000001,0.8469400184574953
130,1.300000000000001,0.8483523047043334
131,1.310000000000001,0.8497511826763225
132,1.320000000000001,0.8511367841009547
133,1.330000000000001,0.8525092393620726
134,1.340000000000001,0.8538686775141004
135,1.350000000000001,0.855215226296118
136,1.360000000000001,0.8565490121457822
137,1.370000000000001,0.8578701602130937
138,1.380000000000001,0.859178794374015
139,1.390000000000001,0.8604750372439385
140,1.400000000000001,0.8617590101910066
141,1.410000000000001,0.8630308333492877
142,1.420000000000001,0.8642906256318057
143,1.430000000000001,0.8655385047434299
144,1.440000000000001,0.8667745871936218
145,1.450000000000001,0.8679989883090432
146,1.460000000000001,0.8692118222460277
147,1.470000000000001,0.870413202002914
148,1.480000000000001,0.8716032394322468
149,1.490000000000001,0.8727820452528425
150,1.500000000000001,0.873949729061725
151,1.5100000000000011,0.8751063993459303
152,1.5200000000000011,0.8762521634941829
153,1.5300000000000011,0.8773871278084449
154,1.5400000000000011,0.8785113975153389
155,1.5500000000000012,0.8796250767774471
156,1.5600000000000012,0.880728268704487
157,1.5700000000000012,0.881821075364366
158,1.5800000000000012,0.8829035977941151
159,1.5900000000000012,0.8839759360107035
160,1.6000000000000012,0.8850381890217371
161,1.6100000000000012,0.886090454836039
162,1.6200000000000012,0.8871328304741162
163,1.6300000000000012,0.8881654119785118
164,1.6400000000000012,0.889188294424046
165,1.6500000000000012,0.8902015719279446
166,1.6600000000000013,0.891205337659858
167,1.6700000000000013,0.892199683851773
168,1.6800000000000013,0.8931847018078145
169,1.6900000000000013,0.8941604819139433
170,1.7000000000000013,0.8951271136475478
171,1.7100000000000013,0.8960846855869318
172,1.7200000000000013,0.8970332854206996
173,1.7300000000000013,0.8979729999570403
174,1.7400000000000013,0.8989039151329103
175,1.7500000000000013,0.8998261160231178
176,1.7600000000000013,0.9007396868493082
177,1.7700000000000014,0.9016447109888527
178,1.7800000000000014,0.9025412709836412
179,1.7900000000000014,0.9034294485487797
180,1.8000000000000014,0.9043093245811938
181,1.8100000000000014,0.9051809791681401
182,1.8200000000000014,0.9060444915956247
183,1.8300000000000014,0.906899940356732
184,1.8400000000000014,0.9077474031598627
185,1.8500000000000014,0.9085869569368835
186,1.8600000000000014,0.9094186778511898
187,1.8700000000000014,0.9102426413056793
188,1.8800000000000014,0.911058921950643
189,1.8900000000000015,0.9118675936915676
190,1.9000000000000015,0.9126687296968575
191,1.9100000000000015,0.9134624024054713
192,1.9200000000000015,0.914248683534477
193,1.9300000000000015,0.9150276440865266
194,1.9400000000000015,0.915799354357249
195,1.9500000000000015,0.9165638839425653
196,1.9600000000000015,0.9173213017459239
197,1.9700000000000015,0.9180716759854589
198,1.9800000000000015,0.9188150742010719
199,1.9900000000000015,0.9195515632614368
200,2.0000000000000013,0.9202812093709307
201,2.010000000000001,0.9210040780764898
202,2.020000000000001,0.9217202342743919
203,2.0300000000000007,0.922429742216967
204,2.0400000000000005,0.9231326655192352
205,2.0500000000000003,0.9238290671654734
206,2.06,0.9245190095157133
207,2.07,0.925202554312168
208,2.0799999999999996,0.9258797626855915
209,2.0899999999999994,0.9265506951615688
210,2.099999999999999,0.9272154116667404
211,2.109999999999999,0.9278739715349589
212,2.1199999999999988,0.9285264335133807
213,2.1299999999999986,0.9291728557684926
214,2.1399999999999983,0.9298132958920743
215,2.149999999999998,0.9304478109070965
216,2.159999999999998,0.9310764572735571
217,2.1699999999999977,0.9316992908942552
218,2.1799999999999975,0.9323163671205026
219,2.1899999999999973,0.9329277407577757
220,2.199999999999997,0.9335334660713065
221,2.209999999999997,0.9341335967916146
222,2.2199999999999966,0.9347281861199798
223,2.2299999999999964,0.9353172867338574
224,2.239999999999996,0.9359009507922351
225,2.249999999999996,0.9364792299409334
226,2.259999999999996,0.9370521753178496
227,2.2699999999999956,0.9376198375581468
228,2.2799999999999954,0.9381822667993864
229,2.289999999999995,0.9387395126866077
230,2.299999999999995,0.9392916243773528
231,2.3099999999999947,0.9398386505466385
232,2.3199999999999945,0.9403806393918754
233,2.3299999999999943,0.940917638637735
234,2.339999999999994,0.9414496955409656
235,2.349999999999994,0.9419768568951562
236,2.3599999999999937,0.9424991690354516
237,2.3699999999999934,0.9430166778432163
238,2.3799999999999932,0.9435294287506495
239,2.389999999999993,0.9440374667453518
240,2.399999999999993,0.9445408363748431
241,2.4099999999999926,0.9450395817510329
242,2.4199999999999924,0.9455337465546437
243,2.429999999999992,0.9460233740395876
244,2.439999999999992,0.9465085070372965
245,2.4499999999999917,0.9469891879610074
246,2.4599999999999915,0.9474654588100011
247,2.4699999999999913,0.9479373611737983
248,2.479999999999991,0.9484049362363096
249,2.489999999999991,0.9488682247799428
250,2.4999999999999907,0.9493272671896669
251,2.5099999999999905,0.9497821034570334
252,2.5199999999999902,0.9502327731841548
253,2.52999999999999,0.9506793155876423
254,2.53999999999999,0.9511217695025009
255,2.5499999999999896,0.9515601733859846
256,2.5599999999999894,0.9519945653214107
257,2.569999999999989,0.9524249830219339
258,2.579999999999989,0.9528514638342814
259,2.5899999999999888,0.9532740447424487
260,2.5999999999999885,0.9536927623713555
261,2.6099999999999883,0.9541076529904652
262,2.619999999999988,0.9545187525173654
263,2.629999999999988,0.9549260965213108
264,2.6399999999999877,0.9553297202267292
265,2.6499999999999875,0.9557296585166919
266,2.6599999999999873,0.9561259459363454
267,2.669999999999987,0.9565186166963098
268,2.679999999999987,0.9569077046760401
269,2.6899999999999866,0.9572932434271533
270,2.6999999999999864,0.9576752661767196
271,2.709999999999986,0.9580538058305208
272,2.719999999999986,0.9584288949762733
273,2.7299999999999858,0.9588005658868185
274,2.7399999999999856,0.9591688505232795
275,2.7499999999999853,0.9595337805381848
276,2.759999999999985,0.9598953872785597
277,2.769999999999985,0.9602537017889854
278,2.7799999999999847,0.9606087548146266
279,2.7899999999999845,0.9609605768042269
280,2.7999999999999843,0.9613091979130737
281,2.809999999999984,0.9616546480059319
282,2.819999999999984,0.9619969566599478
283,2.8299999999999836,0.9623361531675214
284,2.8399999999999834,0.9626722665391506
285,2.849999999999983,0.9630053255062446
286,2.859999999999983,0.9633353585239088
287,2.869999999999983,0.9636623937737006
288,2.8799999999999826,0.9639864591663563
289,2.8899999999999824,0.9643075823444908
290,2.899999999999982,0.964625790685268
291,2.909999999999982,0.9649411113030444
292,2.9199999999999817,0.965253571051985
293,2.9299999999999815,0.9655631965286523
294,2.9399999999999813,0.965870014074569
295,2.949999999999981,0.9661740497787525
296,2.959999999999981,0.9664753294802257
297,2.9699999999999807,0.9667738787704999
298,2.9799999999999804,0.9670697229960327
299,2.9899999999999802,0.9673628872606606
300,2.99999999999998,0.9676533964280069
301,3.00999999999998,0.9679412751238636
302,3.0199999999999796,0.9682265477385505
303,3.0299999999999794,0.9685092384292477
304,3.039999999999979,0.9687893711223067
305,3.049999999999979,0.9690669695155351
306,3.0599999999999787,0.9693420570804601
307,3.0699999999999785,0.969614657064567
308,3.0799999999999783,0.9698847924935154
309,3.089999999999978,0.9701524861733334
310,3.099999999999978,0.9704177606925868
311,3.1099999999999777,0.9706806384245291
312,3.1199999999999775,0.9709411415292275
313,3.1299999999999772,0.9711992919556672
314,3.139999999999977,0.9714551114438348
315,3.149999999999977,0.97170862152678
316,3.1599999999999766,0.9719598435326559
317,3.1699999999999764,0.9722087985867388
318,3.179999999999976,0.9724555076134275
319,3.189999999999976,0.972699991338221
320,3.1999999999999758,0.9729422702896776
321,3.2099999999999755,0.9731823648013525
322,3.2199999999999753,0.9734202950137164
323,3.229999999999975,0.9736560808760545
324,3.239999999999975,0.9738897421483453
325,3.2499999999999747,0.9741212984031218
326,3.2599999999999745,0.9743507690273113
327,3.2699999999999743,0.9745781732240592
328,3.279999999999974,0.9748035300145318
329,3.289999999999974,0.9750268582397023
330,3.2999999999999736,0.9752481765621176
331,3.3099999999999734,0.975467503467648
332,3.319999999999973,0.9756848572672181
333,3.329999999999973,0.975900256098521
334,3.3399999999999728,0.9761137179277144
335,3.3499999999999726,0.9763252605510995
336,3.3599999999999723,0.9765349015967832
337,3.369999999999972,0.9767426585263236
338,3.379999999999972,0.9769485486363577
339,3.3899999999999717,0.9771525890602135
340,3.3999999999999715,0.9773547967695057
341,3.4099999999999713,0.9775551885757148
342,3.419999999999971,0.9777537811317503
343,3.429999999999971,0.9779505909334983
344,3.4399999999999706,0.9781456343213535
345,3.4499999999999704,0.9783389274817346
346,3.45999999999997,0.9785304864485858
347,3.46999999999997,0.9787203271048625
348,3.47999999999997,0.9789084651840017
349,3.4899999999999696,0.9790949162713778
350,3.4999999999999694,0.9792796958057438
351,3.509999999999969,0.9794628190806574
352,3.519999999999969,0.9796443012458935
353,3.5299999999999687,0.9798241573088418
354,3.5399999999999685,0.9800024021358903
355,3.5499999999999683,0.9801790504537956
356,3.559999999999968,0.9803541168510381
357,3.569999999999968,0.9805276157791648
358,3.5799999999999677,0.9806995615541175
359,3.5899999999999674,0.9808699683575488
360,3.5999999999999672,0.9810388502381235
361,3.609999999999967,0.9812062211128081
362,3.619999999999967,0.9813720947681462
363,3.6299999999999666,0.9815364848615223
364,3.6399999999999664,0.9816994049224121
365,3.649999999999966,0.9818608683536199
366,3.659999999999966,0.9820208884325047
367,3.6699999999999657,0.982179478312193
368,3.6799999999999655,0.98233665102278
369,3.6899999999999653,0.9824924194725182
370,3.699999999999965,0.9826467964489948
371,3.709999999999965,0.9827997946202963
372,3.7199999999999647,0.9829514265361629
373,3.7299999999999645,0.9831017046291295
374,3.7399999999999642,0.983250641215657
375,3.749999999999964,0.9833982484972511
376,3.759999999999964,0.9835445385615703
377,3.7699999999999636,0.983689523383523
378,3.7799999999999634,0.9838332148263534
379,3.789999999999963,0.9839756246427167
380,3.799999999999963,0.984116764475743
381,3.8099999999999627,0.9842566458600918
382,3.8199999999999625,0.9843952802229944
383,3.8299999999999623,0.9845326788852875
384,3.839999999999962,0.9846688530624351
385,3.849999999999962,0.9848038138655411
386,3.8599999999999617,0.9849375723023512
387,3.8699999999999615,0.9850701392782458
388,3.8799999999999613,0.9852015255972217
389,3.889999999999961,0.985331741962865
390,3.899999999999961,0.9854607989793137
391,3.9099999999999606,0.9855887071522115
392,3.9199999999999604,0.9857154768896512
393,3.92999999999996,0.9858411185031095
394,3.93999999999996,0.9859656422083719
395,3.9499999999999598,0.9860890581264488
396,3.9599999999999596,0.9862113762844824
397,3.9699999999999593,0.9863326066166447
398,3.979999999999959,0.9864527589650263
399,3.989999999999959,0.9865718430805168
400,3.9999999999999587,0.9866898686236759
401,4.009999999999959,0.9868068451655968
402,4.019999999999959,0.9869227821887598
403,4.0299999999999585,0.9870376890878787
404,4.039999999999958,0.9871515751707376
405,4.049999999999958,0.987264449659021
406,4.059999999999958,0.9873763216891339
407,4.069999999999958,0.9874872003130151
408,4.079999999999957,0.9875970944989418
409,4.089999999999957,0.9877060131323266
410,4.099999999999957,0.9878139650165068
411,4.109999999999957,0.9879209588735248
412,4.119999999999957,0.9880270033449026
413,4.129999999999956,0.9881321069924067
414,4.139999999999956,0.9882362782988077
415,4.149999999999956,0.9883395256686297
416,4.159999999999956,0.988441857428895
417,4.1699999999999555,0.9885432818298594
418,4.179999999999955,0.9886438070457418
419,4.189999999999955,0.9887434411754454
420,4.199999999999955,0.9888421922432726
421,4.209999999999955,0.9889400681996326
422,4.2199999999999545,0.9890370769217419
423,4.229999999999954,0.9891332262143184
424,4.239999999999954,0.989228523810268
425,4.249999999999954,0.9893229773713653
426,4.259999999999954,0.9894165944889266
427,4.269999999999953,0.9895093826844772
428,4.279999999999953,0.9896013494104118
429,4.289999999999953,0.9896925020506484
430,4.299999999999953,0.9897828479212758
431,4.3099999999999525,0.9898723942711948
432,4.319999999999952,0.9899611482827531
433,4.329999999999952,0.990049117072374
434,4.339999999999952,0.9901363076911793
435,4.349999999999952,0.9902227271256053
436,4.3599999999999515,0.9903083822980134
437,4.369999999999951,0.9903932800672947
438,4.379999999999951,0.9904774272294683
439,4.389999999999951,0.9905608305182747
440,4.399999999999951,0.990643496605762
441,4.40999999999995,0.9907254321028676
442,4.41999999999995,0.9908066435599933
443,4.42999999999995,0.990887137467576
444,4.43999999999995,0.9909669202566513
445,4.4499999999999496,0.9910459982994132
446,4.459999999999949,0.9911243779097669
447,4.469999999999949,0.9912020653438771
448,4.479999999999949,0.991279066800711
449,4.489999999999949,0.9913553884225753
450,4.4999999999999485,0.9914310362956491
451,4.509999999999948,0.9915060164505102
452,4.519999999999948,0.9915803348626575
453,4.529999999999948,0.9916539974530283
454,4.539999999999948,0.991727010088509
455,4.549999999999947,0.9917993785824435
456,4.559999999999947,0.9918711086951338
457,4.569999999999947,0.9919422061343381
458,4.579999999999947,0.9920126765557628
459,4.589999999999947,0.9920825255635495
460,4.599999999999946,0.992151758710759
461,4.609999999999946,0.9922203814998484
462,4.619999999999946,0.9922883993831451
463,4.629999999999946,0.9923558177633154
464,4.6399999999999455,0.9924226419938296
465,4.649999999999945,0.9924888773794209
466,4.659999999999945,0.992554529176542
467,4.669999999999945,0.9926196025938151
468,4.679999999999945,0.9926841027924795
469,4.689999999999944,0.9927480348868336
470,4.699999999999944,0.9928114039446727
471,4.709999999999944,0.9928742149877239
472,4.719999999999944,0.9929364729920745
473,4.729999999999944,0.9929981828885992
474,4.739999999999943,0.99305934956338
475,4.749999999999943,0.9931199778581248
476,4.759999999999943,0.99318007257058
477,4.769999999999943,0.9932396384549408
478,4.7799999999999425,0.9932986802222556
479,4.789999999999942,0.9933572025408289
480,4.799999999999942,0.9934152100366179
481,4.809999999999942,0.9934727072936269
482,4.819999999999942,0.9935296988542979
483,4.8299999999999415,0.9935861892198957
484,4.839999999999941,0.9936421828508922
485,4.849999999999941,0.9936976841673443
486,4.859999999999941,0.9937526975492694
487,4.869999999999941,0.9938072273370178
488,4.87999999999994,0.99386127783164
489,4.88999999999994,0.9939148532952524
490,4.89999999999994,0.9939679579513976
491,4.90999999999994,0.9940205959854027
492,4.9199999999999395,0.9940727715447334
493,4.929999999999939,0.9941244887393449
494,4.939999999999939,0.9941757516420298
495,4.949999999999939,0.9942265642887618
496,4.959999999999939,0.994276930679037
497,4.9699999999999385,0.9943268547762116
498,4.979999999999938,0.9943763405078365
499,4.989999999999938,0.9944253917659882
500,4.999999999999938,0.9944740124075971
501,5.009999999999938,0.994522206254773
502,5.019999999999937,0.9945699770951257
503,5.029999999999937,0.9946173286820855
504,5.039999999999937,0.9946642647352177
505,5.049999999999937,0.9947107889405361
506,5.0599999999999365,0.9947569049508123
507,5.069999999999936,0.9948026163858829
508,5.079999999999936,0.9948479268329533
509,5.089999999999936,0.994892839846899
510,5.099999999999936,0.9949373589505633
511,5.1099999999999355,0.994981487635053
512,5.119999999999935,0.995025229360031
513,5.129999999999935,0.9950685875540057
514,5.139999999999935,0.9951115656146184
515,5.149999999999935,0.9951541669089274
516,5.159999999999934,0.9951963947736896
517,5.169999999999934,0.9952382525156395
518,5.179999999999934,0.9952797434117651
519,5.189999999999934,0.9953208707095824
520,5.199999999999934,0.9953616376274057
521,5.209999999999933,0.9954020473546161
522,5.219999999999933,0.9954421030519282
523,5.229999999999933,0.9954818078516525
524,5.239999999999933,0.9955211648579573
525,5.2499999999999325,0.9955601771471266
526,5.259999999999932,0.9955988477678162
527,5.269999999999932,0.9956371797413076
528,5.279999999999932,0.9956751760617588
529,5.289999999999932,0.9957128396964535
530,5.299999999999931,0.9957501735860477
531,5.309999999999931,0.995787180644813
532,5.319999999999931,0.9958238637608797
533,5.329999999999931,0.9958602257964756
534,5.339999999999931,0.9958962695881634
535,5.34999999999993,0.9959319979470758
536,5.35999999999993,0.9959674136591488
537,5.36999999999993,0.9960025194853518
538,5.37999999999993,0.9960373181619163
539,5.3899999999999295,0.9960718124005625
540,5.399999999999929,0.9961060048887231
541,5.409999999999929,0.9961398982897658
542,5.419999999999929,0.9961734952432131
543,5.429999999999929,0.9962067983649603
544,5.4399999999999284,0.9962398102474914
545,5.449999999999928,0.9962725334600931
546,5.459999999999928,0.9963049705490665
547,5.469999999999928,0.9963371240379372
548,5.479999999999928,0.9963689964276627
549,5.489999999999927,0.9964005901968394
550,5.499999999999927,0.9964319078019052
551,5.509999999999927,0.9964629516773429
552,5.519999999999927,0.9964937242358798
553,5.5299999999999265,0.996524227868686
554,5.539999999999926,0.9965544649455712
555,5.549999999999926,0.9965844378151791
556,5.559999999999926,0.9966141488051805
557,5.569999999999926,0.9966436002224638
558,5.5799999999999255,0.9966727943533247
559,5.589999999999925,0.9967017334636538
560,5.599999999999925,0.9967304197991216
561,5.609999999999925,0.9967588555853634
562,5.619999999999925,0.9967870430281605
563,5.629999999999924,0.9968149843136219
564,5.639999999999924,0.9968426816083624
565,5.649999999999924,0.9968701370596799
566,5.659999999999924,0.996897352795731
567,5.6699999999999235,0.9969243309257052
568,5.679999999999923,0.9969510735399968
569,5.689999999999923,0.9969775827103756
570,5.699999999999923,0.9970038604901564
571,5.709999999999923,0.9970299089143662
572,5.7199999999999225,0.9970557299999098
573,5.729999999999922,0.9970813257457349
574,5.739999999999922,0.9971066981329947
575,5.749999999999922,0.9971318491252091
576,5.759999999999922,0.9971567806684247
577,5.769999999999921,0.9971814946913733
578,5.779999999999921,0.9972059931056285
579,5.789999999999921,0.9972302778057615
580,5.799999999999921,0.9972543506694946
581,5.809999999999921,0.9972782135578545
582,5.81999999999992,0.9973018683153227
583,5.82999999999992,0.9973253167699858
584,5.83999999999992,0.9973485607336835
585,5.84999999999992,0.9973716020021558
586,5.8599999999999195,0.9973944423551886
587,5.869999999999919,0.9974170835567578
588,5.879999999999919,0.9974395273551726
589,5.889999999999919,0.9974617754832167
590,5.899999999999919,0.9974838296582886
591,5.909999999999918,0.9975056915825411
592,5.919999999999918,0.9975273629430185
593,5.929999999999918,0.9975488454117931
594,5.939999999999918,0.9975701406461008
595,5.949999999999918,0.9975912502884746
596,5.959999999999917,0.9976121759668772
597,5.969999999999917,0.9976329192948329
598,5.979999999999917,0.9976534818715574
599,5.989999999999917,0.9976738652820873
600,5.9999999999999165,0.9976940710974076
601,6.009999999999916,0.9977141008745783
602,6.019999999999916,0.9977339561568603
603,6.029999999999916,0.9977536384738396
604,6.039999999999916,0.9977731493415498
605,6.0499999999999154,0.9977924902625956
606,6.059999999999915,0.9978116627262724
607,6.069999999999915,0.9978306682086868
608,6.079999999999915,0.9978495081728749
609,6.089999999999915,0.9978681840689204
610,6.099999999999914,0.997886697334071
611,6.109999999999914,0.9979050493928533
612,6.119999999999914,0.9979232416571883
613,6.129999999999914,0.9979412755265035
614,6.1399999999999135,0.9979591523878463
615,6.149999999999913,0.9979768736159945
616,6.159999999999913,0.9979944405735671
617,6.169999999999913,0.9980118546111331
618,6.179999999999913,0.9980291170673199
619,6.1899999999999125,0.998046229268921
620,6.199999999999912,0.9980631925310011
621,6.209999999999912,0.9980800081570026
622,6.219999999999912,0.9980966774388496
623,6.229999999999912,0.9981132016570504
624,6.239999999999911,0.9981295820808013
625,6.249999999999911,0.9981458199680869
626,6.259999999999911,0.9981619165657812
627,6.269999999999911,0.9981778731097474
628,6.2799999999999105,0.9981936908249358
629,6.28999999999991,0.9982093709254827
630,6.29999999999991,0.9982249146148061
631,6.30999999999991,0.998240323085703
632,6.31999999999991,0.9982555975204433
633,6.3299999999999095,0.9982707390908653
634,6.339999999999909,0.9982857489584677
635,6.349999999999909,0.9983006282745035
636,6.359999999999909,0.998315378180071
637,6.369999999999909,0.9983299998062045
638,6.379999999999908,0.9983444942739651
639,6.389999999999908,0.998358862694529
640,6.399999999999908,0.9983731061692767
641,6.409999999999908,0.9983872257898798
642,6.419999999999908,0.9984012226383888
643,6.429999999999907,0.9984150977873181
644,6.439999999999907,0.9984288522997318
645,6.449999999999907,0.9984424872293279
646,6.459999999999907,0.9984560036205221
647,6.4699999999999065,0.9984694025085308
648,6.479999999999906,0.9984826849194529
649,6.489999999999906,0.9984958518703515
650,6.499999999999906,0.9985089043693346
651,6.509999999999906,0.9985218434156345
652,6.519999999999905,0.9985346699996879
653,6.529999999999905,0.9985473851032135
654,6.539999999999905,0.9985599896992905
655,6.549999999999905,0.9985724847524349
656,6.559999999999905,0.9985848712186765
657,6.569999999999904,0.9985971500456341
658,6.579999999999904,0.9986093221725909
659,6.589999999999904,0.9986213885305686
660,6.599999999999904,0.9986333500424007
661,6.6099999999999035,0.9986452076228061
662,6.619999999999903,0.9986569621784607
663,6.629999999999903,0.9986686146080693
664,6.639999999999903,0.9986801658024372
665,6.649999999999903,0.9986916166445393
666,6.659999999999902,0.9987029680095907
667,6.669999999999902,0.9987142207651156
668,6.679999999999902,0.9987253757710156
669,6.689999999999902,0.9987364338796374
670,6.699999999999902,0.9987473959358405
671,6.709999999999901,0.9987582627770633
672,6.719999999999901,0.998769035233389
673,6.729999999999901,0.9987797141276116
674,6.739999999999901,0.9987903002753002
675,6.7499999999999005,0.9988007944848636
676,6.7599999999999,0.9988111975576132
677,6.7699999999999,0.9988215102878268
678,6.7799999999999,0.998831733462811
679,6.7899999999999,0.9988418678629627
680,6.7999999999998995,0.9988519142618307
681,6.809999999999899,0.9988618734261767
682,6.819999999999899,0.9988717461160352
683,6.829999999999899,0.9988815330847736
684,6.839999999999899,0.9988912350791507
685,6.849999999999898,0.9989008528393762
686,6.859999999999898,0.9989103870991684
687,6.869999999999898,0.9989198385858115
688,6.879999999999898,0.9989292080202129
689,6.8899999999998975,0.9989384961169603
690,6.899999999999897,0.9989477035843766
691,6.909999999999897,0.9989568311245763
692,6.919999999999897,0.9989658794335207
693,6.929999999999897,0.9989748492010712
694,6.9399999999998965,0.9989837411110446
695,6.949999999999896,0.9989925558412664
696,6.959999999999896,0.9990012940636236
697,6.969999999999896,0.999009956444117
698,6.979999999999896,0.9990185436429142
699,6.989999999999895,0.9990270563144004
700,6.999999999999895,0.9990354951072301
701,7.009999999999895,0.9990438606643779
702,7.019999999999895,0.999052153623188
703,7.0299999999998946,0.9990603746154252
704,7.039999999999894,0.9990685242673231
705,7.049999999999894,0.9990766031996339
706,7.059999999999894,0.9990846120276762
707,7.069999999999894,0.9990925513613839
708,7.0799999999998935,0.9991004218053527
709,7.089999999999893,0.9991082239588887
710,7.099999999999893,0.9991159584160534
711,7.109999999999893,0.9991236257657117
712,7.119999999999893,0.9991312265915769
713,7.129999999999892,0.9991387614722567
714,7.139999999999892,0.9991462309812976
715,7.149999999999892,0.9991536356872305
716,7.159999999999892,0.9991609761536144
717,7.169999999999892,0.9991682529390806
718,7.179999999999891,0.999175466597376
719,7.189999999999891,0.9991826176774061
720,7.199999999999891,0.9991897067232784
721,7.209999999999891,0.9991967342743442
722,7.2199999999998905,0.9992037008652402
723,7.22999999999989,0.9992106070259312
724,7.23999999999989,0.9992174532817503
725,7.24999999999989,0.9992242401534404
726,7.25999999999989,0.9992309681571941
727,7.269999999999889,0.9992376378046948
728,7.279999999999889,0.9992442496031549
729,7.289999999999889,0.9992508040553572
730,7.299999999999889,0.9992573016596918
731,7.309999999999889,0.999263742910197
732,7.319999999999888,0.9992701282965958
733,7.329999999999888,0.999276458304335
734,7.339999999999888,0.9992827334146225
735,7.349999999999888,0.9992889541044648
736,7.3599999999998875,0.9992951208467039
737,7.369999999999887,0.9993012341100539
738,7.379999999999887,0.9993072943591376
739,7.389999999999887,0.9993133020545224
740,7.399999999999887,0.9993192576527558
741,7.4099999999998865,0.9993251616064012
742,7.419999999999886,0.9993310143640725
743,7.429999999999886,0.9993368163704694
744,7.439999999999886,0.9993425680664114
745,7.449999999999886,0.9993482698888719
746,7.459999999999885,0.9993539222710127
747,7.469999999999885,0.9993595256422166
748,7.479999999999885,0.9993650804281212
749,7.489999999999885,0.999370587050652
750,7.4999999999998845,0.9993760459280544
751,7.509999999999884,0.9993814574749266
752,7.519999999999884,0.9993868221022516
753,7.529999999999884,0.9993921402174287
754,7.539999999999884,0.9993974122243052
755,7.5499999999998835,0.9994026385232078
756,7.559999999999883,0.999407819510973
757,7.569999999999883,0.9994129555809782
758,7.579999999999883,0.9994180471231721
759,7.589999999999883,0.9994230945241045
760,7.599999999999882,0.9994280981669567
761,7.609999999999882,0.9994330584315702
762,7.619999999999882,0.9994379756944769
763,7.629999999999882,0.9994428503289279
764,7.6399999999998816,0.9994476827049219
765,7.649999999999881,0.9994524731892345
766,7.659999999999881,0.9994572221454455
767,7.669999999999881,0.999461929933968
768,7.679999999999881,0.9994665969120754
769,7.6899999999998805,0.9994712234339296
770,7.69999999999988,0.9994758098506074
771,7.70999999999988,0.9994803565101285
772,7.71999999999988,0.9994848637574818
773,7.72999999999988,0.9994893319346522
774,7.739999999999879,0.9994937613806466
775,7.749999999999879,0.9994981524315206
776,7.759999999999879,0.9995025054204039
777,7.769999999999879,0.9995068206775258
778,7.779999999999879,0.9995110985302414
779,7.789999999999878,0.999515339303056
780,7.799999999999878,0.9995195433176504
781,7.809999999999878,0.9995237108929056
782,7.819999999999878,0.9995278423449275
783,7.8299999999998775,0.9995319379870711
784,7.839999999999877,0.9995359981299642
785,7.849999999999877,0.9995400230815323
786,7.859999999999877,0.999544013147021
787,7.869999999999877,0.9995479686290206
788,7.879999999999876,0.9995518898274884
789,7.889999999999876,0.9995557770397726
790,7.899999999999876,0.9995596305606346
791,7.909999999999876,0.9995634506822717
792,7.919999999999876,0.9995672376943399
793,7.929999999999875,0.9995709918839755
794,7.939999999999875,0.9995747135358178
795,7.949999999999875,0.9995784029320309
796,7.959999999999875,0.9995820603523247
797,7.9699999999998745,0.9995856860739769
798,7.979999999999874,0.9995892803718545
799,7.989999999999874,0.9995928435184344
800,7.999999999999874,0.9995963757838244
801,8.009999999999874,0.9995998774357842
802,8.019999999999873,0.9996033487397455
803,8.029999999999873,0.9996067899588329
804,8.039999999999873,0.9996102013538836
805,8.049999999999873,0.9996135831834675
806,8.059999999999873,0.9996169357039073
807,8.069999999999872,0.9996202591692978
808,8.079999999999872,0.9996235538315256
809,8.089999999999872,0.9996268199402881
810,8.099999999999872,0.9996300577431131
811,8.109999999999872,0.9996332674853774
812,8.119999999999871,0.9996364494103257
813,8.129999999999871,0.9996396037590891
814,8.139999999999871,0.9996427307707039
815,8.14999999999987,0.9996458306821294
816,8.15999999999987,0.9996489037282666
817,8.16999999999987,0.9996519501419759
818,8.17999999999987,0.9996549701540947
819,8.18999999999987,0.9996579639934553
820,8.19999999999987,0.9996609318869025
821,8.20999999999987,0.999663874059311
822,8.21999999999987,0.9996667907336022
823,8.229999999999869,0.9996696821307615
824,8.239999999999869,0.9996725484698552
825,8.249999999999869,0.9996753899680474
826,8.259999999999868,0.9996782068406163
827,8.269999999999868,0.9996809993009708
828,8.279999999999868,0.9996837675606669
829,8.289999999999868,0.9996865118294237
830,8.299999999999867,0.9996892323151394
831,8.309999999999867,0.9996919292239076
832,8.319999999999867,0.9996946027600324
833,8.329999999999867,0.9996972531260446
834,8.339999999999867,0.9996998805227166
835,8.349999999999866,0.9997024851490782
836,8.359999999999866,0.9997050672024318
837,8.369999999999866,0.999707626878367
838,8.379999999999866,0.999710164370776
839,8.389999999999866,0.9997126798718681
840,8.399999999999865,0.9997151735721846
841,8.409999999999865,0.9997176456606133
842,8.419999999999865,0.9997200963244027
843,8.429999999999865,0.9997225257491765
844,8.439999999999864,0.9997249341189477
845,8.449999999999864,0.9997273216161325
846,8.459999999999864,0.9997296884215647
847,8.469999999999864,0.9997320347145088
848,8.479999999999864,0.999734360672674
849,8.489999999999863,0.9997366664722279
850,8.499999999999863,0.99973895228781
851,8.509999999999863,0.9997412182925441
852,8.519999999999863,0.9997434646580531
853,8.529999999999863,0.9997456915544704
854,8.539999999999862,0.9997478991504539
855,8.549999999999862,0.999750087613199
856,8.559999999999862,0.9997522571084503
857,8.569999999999862,0.999754407800515
858,8.579999999999862,0.9997565398522757
859,8.589999999999861,0.999758653425202
860,8.599999999999861,0.9997607486793632
861,8.60999999999986,0.9997628257734403
862,8.61999999999986,0.9997648848647387
863,8.62999999999986,0.9997669261091994
864,8.63999999999986,0.9997689496614113
865,8.64999999999986,0.9997709556746227
866,8.65999999999986,0.9997729443007535
867,8.66999999999986,0.9997749156904059
868,8.67999999999986,0.9997768699928766
869,8.68999999999986,0.9997788073561681
870,8.699999999999859,0.9997807279269995
871,8.709999999999859,0.9997826318508178
872,8.719999999999859,0.9997845192718096
873,8.729999999999858,0.999786390332911
874,8.739999999999858,0.9997882451758194
875,8.749999999999858,0.9997900839410039
876,8.759999999999858,0.9997919067677158
877,8.769999999999857,0.9997937137939995
878,8.779999999999857,0.9997955051567028
879,8.789999999999857,0.9997972809914876
880,8.799999999999857,0.9997990414328397
881,8.809999999999857,0.9998007866140795
882,8.819999999999856,0.9998025166673717
883,8.829999999999856,0.9998042317237362
884,8.839999999999856,0.9998059319130568
885,8.849999999999856,0.999807617364092
886,8.859999999999856,0.9998092882044843
887,8.869999999999855,0.9998109445607705
888,8.879999999999855,0.9998125865583906
889,8.889999999999855,0.9998142143216976
890,8.899999999999855,0.9998158279739673
891,8.909999999999854,0.9998174276374071
892,8.919999999999854,0.9998190134331654
893,8.929999999999854,0.9998205854813413
894,8.939999999999854,0.9998221439009931
895,8.949999999999854,0.9998236888101477
896,8.959999999999853,0.9998252203258092
897,8.969999999999853,0.9998267385639685
898,8.979999999999853,0.9998282436396111
899,8.989999999999853,0.9998297356667268
900,8.999999999999853,0.9998312147583177
901,9.009999999999852,0.999832681026407
902,9.019999999999852,0.9998341345820474
903,9.029999999999852,0.99983557553533
904,9.039999999999852,0.9998370039953918
905,9.049999999999851,0.9998384200704247
906,9.059999999999851,0.9998398238676834
907,9.069999999999851,0.9998412154934937
908,9.07999999999985,0.9998425950532603
909,9.08999999999985,0.9998439626514751
910,9.09999999999985,0.9998453183917249
911,9.10999999999985,0.9998466623766992
912,9.11999999999985,0.9998479947081984
913,9.12999999999985,0.9998493154871412
914,9.13999999999985,0.999850624813572
915,9.14999999999985,0.9998519227866691
916,9.15999999999985,0.9998532095047519
917,9.169999999999849,0.9998544850652881
918,9.179999999999849,0.9998557495649015
919,9.189999999999849,0.9998570030993792
920,9.199999999999848,0.9998582457636788
921,9.209999999999848,0.9998594776519355
922,9.219999999999848,0.9998606988574695
923,9.229999999999848,0.999861909472793
924,9.239999999999847,0.9998631095896168
925,9.249999999999847,0.9998642992988581
926,9.259999999999847,0.9998654786906463
927,9.269999999999847,0.999866647854331
928,9.279999999999847,0.9998678068784878
929,9.289999999999846,0.9998689558509252
930,9.299999999999846,0.9998700948586919
931,9.309999999999846,0.9998712239880828
932,9.319999999999846,0.9998723433246456
933,9.329999999999846,0.9998734529531871
934,9.339999999999845,0.9998745529577803
935,9.349999999999845,0.9998756434217702
936,9.359999999999845,0.99987672442778
937,9.369999999999845,0.9998777960577178
938,9.379999999999844,0.9998788583927828
939,9.389999999999844,0.9998799115134709
940,9.399999999999844,0.9998809554995813
941,9.409999999999844,0.9998819904302225
942,9.419999999999844,0.999883016383818
943,9.429999999999843,0.9998840334381125
944,9.439999999999843,0.9998850416701777
945,9.449999999999843,0.999886041156418
946,9.459999999999843,0.9998870319725766
947,9.469999999999843,0.999888014193741
948,9.479999999999842,0.9998889878943487
949,9.489999999999842,0.9998899531481927
950,9.499999999999842,0.9998909100284278
951,9.509999999999842,0.9998918586075749
952,9.519999999999841,0.9998927989575276
953,9.529999999999841,0.999893731149557
954,9.539999999999841,0.9998946552543176
955,9.54999999999984,0.9998955713418519
956,9.55999999999984,0.9998964794815965
957,9.56999999999984,0.999897379742387
958,9.57999999999984,0.999898272192463
959,9.58999999999984,0.9998991568994736
960,9.59999999999984,0.9999000339304823
961,9.60999999999984,0.9999009033519723
962,9.61999999999984,0.9999017652298513
963,9.62999999999984,0.9999026196294567
964,9.639999999999839,0.9999034666155601
965,9.649999999999839,0.9999043062523728
966,9.659999999999838,0.9999051386035505
967,9.669999999999838,0.9999059637321974
968,9.679999999999838,0.9999067817008722
969,9.689999999999838,0.999907592571592
970,9.699999999999838,0.9999083964058368
971,9.709999999999837,0.9999091932645551
972,9.719999999999837,0.9999099832081675
973,9.729999999999837,0.9999107662965718
974,9.739999999999837,0.9999115425891477
975,9.749999999999837,0.9999123121447607
976,9.759999999999836,0.999913075021767
977,9.769999999999836,0.9999138312780176
978,9.779999999999836,0.9999145809708632
979,9.789999999999836,0.9999153241571578
980,9.799999999999836,0.9999160608932638
981,9.809999999999835,0.9999167912350555
982,9.819999999999835,0.9999175152379239
983,9.829999999999835,0.9999182329567805
984,9.839999999999835,0.9999189444460616
985,9.849999999999834,0.9999196497597325
986,9.859999999999834,0.9999203489512916
987,9.869999999999834,0.9999210420737741
988,9.879999999999834,0.9999217291797564
989,9.889999999999834,0.9999224103213599
990,9.899999999999833,0.999923085550255
991,9.909999999999833,0.9999237549176649
992,9.919999999999833,0.9999244184743696
993,9.929999999999833,0.9999250762707096
994,9.939999999999833,0.9999257283565898
995,9.949999999999832,0.9999263747814832
996,9.959999999999832,0.9999270155944349
997,9.969999999999832,0.9999276508440653
998,9.979999999999832,0.9999282805785743
999,9.989999999999831,0.9999289048457446
1000,9.999999999999831,0.9999295236929455
1001,10.009999999999831,0.9999301371671362
1002,10.01999999999983,0.9999307453148696
1003,10.02999999999983,0.9999313481822961
1004,10.03999999999983,0.9999319458151662
1005,10.04999999999983,0.999932538258835
1006,10.05999999999983,0.9999331255582647
1007,10.06999999999983,0.9999337077580288
1008,10.07999999999983,0.9999342849023148
1009,10.08999999999983,0.9999348570349281
1010,10.09999999999983,0.9999354241992947
1011,10.109999999999829,0.9999359864384652
1012,10.119999999999829,0.9999365437951173
1013,10.129999999999828,0.9999370963115597
1014,10.139999999999828,0.9999376440297347
1015,10.149999999999828,0.999938186991222
1016,10.159999999999828,0.9999387252372413
1017,10.169999999999828,0.9999392588086555
1018,10.179999999999827,0.999939787745974
1019,10.189999999999827,0.9999403120893559
1020,10.199999999999827,0.9999408318786123
1021,10.209999999999827,0.9999413471532101
1022,10.219999999999827,0.9999418579522749
1023,10.229999999999826,0.999942364314593
1024,10.239999999999826,0.999942866278616
1025,10.249999999999826,0.999943363882462
1026,10.259999999999826,0.9999438571639195
1027,10.269999999999825,0.9999443461604501
1028,10.279999999999825,0.9999448309091913
1029,10.289999999999825,0.9999453114469589
1030,10.299999999999825,0.9999457878102502
1031,10.309999999999825,0.9999462600352469
1032,10.319999999999824,0.9999467281578174
1033,10.329999999999824,0.9999471922135197
1034,10.339999999999824,0.9999476522376042
1035,10.349999999999824,0.9999481082650162
1036,10.359999999999824,0.9999485603303985
1037,10.369999999999823,0.9999490084680942
1038,10.379999999999823,0.9999494527121492
1039,10.389999999999823,0.9999498930963147
1040,10.399999999999823,0.99995032965405
1041,10.409999999999823,0.9999507624185245
1042,10.419999999999822,0.999951191422621
1043,10.429999999999822,0.9999516166989373
1044,10.439999999999822,0.9999520382797894
1045,10.449999999999822,0.9999524561972135
1046,10.459999999999821,0.9999528704829685
1047,10.469999999999821,0.9999532811685387
1048,10.479999999999821,0.9999536882851355
1049,10.48999999999982,0.9999540918637005
1050,10.49999999999982,0.9999544919349077
1051,10.50999999999982,0.999954888529165
1052,10.51999999999982,0.9999552816766178
1053,10.52999999999982,0.9999556714071501
1054,10.53999999999982,0.9999560577503878
1055,10.54999999999982,0.9999564407356998
1056,10.55999999999982,0.9999568203922011
1057,10.569999999999819,0.9999571967487548
1058,10.579999999999819,0.9999575698339742
1059,10.589999999999819,0.9999579396762248
1060,10.599999999999818,0.9999583063036267
1061,10.609999999999818,0.9999586697440564
1062,10.619999999999818,0.9999590300251495
1063,10.629999999999818,0.9999593871743022
1064,10.639999999999818,0.9999597412186736
1065,10.649999999999817,0.9999600921851877
1066,10.659999999999817,0.9999604401005354
1067,10.669999999999817,0.9999607849911768
1068,10.679999999999817,0.9999611268833427
1069,10.689999999999817,0.9999614658030372
1070,10.699999999999816,0.999961801776039
1071,10.709999999999816,0.9999621348279039
1072,10.719999999999816,0.9999624649839661
1073,10.729999999999816,0.9999627922693411
1074,10.739999999999815,0.9999631167089266
1075,10.749999999999815,0.9999634383274048
1076,10.759999999999815,0.9999637571492443
1077,10.769999999999815,0.9999640731987022
1078,10.779999999999815,0.999964386499825
1079,10.789999999999814,0.9999646970764515
1080,10.799999999999814,0.9999650049522142
1081,10.809999999999814,0.9999653101505406
1082,10.819999999999814,0.9999656126946558
1083,10.829999999999814,0.9999659126075837
1084,10.839999999999813,0.9999662099121489
1085,10.849999999999813,0.9999665046309782
1086,10.859999999999813,0.9999667967865031
1087,10.869999999999813,0.9999670864009603
1088,10.879999999999812,0.9999673734963942
1089,10.889999999999812,0.9999676580946584
1090,10.899999999999812,0.9999679402174174
1091,10.909999999999812,0.9999682198861479
1092,10.919999999999812,0.9999684971221409
1093,10.929999999999811,0.9999687719465029
1094,10.939999999999811,0.9999690443801578
1095,10.949999999999811,0.9999693144438482
1096,10.95999999999981,0.9999695821581372
1097,10.96999999999981,0.99996984754341
1098,10.97999999999981,0.9999701106198751
1099,10.98999999999981,0.9999703714075658
1100,10.99999999999981,0.9999706299263428
1101,11.00999999999981,0.9999708861958938
1102,11.01999999999981,0.9999711402357369
1103,11.02999999999981,0.9999713920652203
1104,11.039999999999809,0.9999716417035258
1105,11.049999999999809,0.9999718891696681
1106,11.059999999999809,0.9999721344824977
1107,11.069999999999808,0.9999723776607019
1108,11.079999999999808,0.9999726187228061
1109,11.089999999999808,0.9999728576871753
1110,11.099999999999808,0.9999730945720153
1111,11.109999999999808,0.9999733293953748
1112,11.119999999999807,0.9999735621751453
1113,11.129999999999807,0.9999737929290643
1114,11.139999999999807,0.999974021674715
1115,11.149999999999807,0.9999742484295289
1116,11.159999999999807,0.999974473210786
1117,11.169999999999806,0.9999746960356171
1118,11.179999999999806,0.9999749169210043
1119,11.189999999999806,0.9999751358837828
1120,11.199999999999806,0.9999753529406421
1121,11.209999999999805,0.9999755681081269
1122,11.219999999999805,0.9999757814026389
1123,11.229999999999805,0.9999759928404375
1124,11.239999999999805,0.9999762024376413
1125,11.249999999999805,0.9999764102102295
1126,11.259999999999804,0.9999766161740429
1127,11.269999999999804,0.9999768203447846
1128,11.279999999999804,0.9999770227380224
1129,11.289999999999804,0.9999772233691887
1130,11.299999999999804,0.9999774222535825
1131,11.309999999999803,0.9999776194063704
1132,11.319999999999803,0.9999778148425873
1133,11.329999999999803,0.999978008577138
1134,11.339999999999803,0.9999782006247984
1135,11.349999999999802,0.9999783910002159
1136,11.359999999999802,0.9999785797179116
1137,11.369999999999802,0.9999787667922805
1138,11.379999999999802,0.9999789522375929
1139,11.389999999999802,0.9999791360679956
1140,11.399999999999801,0.9999793182975127
1141,11.409999999999801,0.999979498940047
1142,11.419999999999801,0.9999796780093806
1143,11.4299999999998,0.9999798555191765
1144,11.4399999999998,0.9999800314829789
1145,11.4499999999998,0.9999802059142152
1146,11.4599999999998,0.9999803788261961
1147,11.4699999999998,0.999980550232117
1148,11.4799999999998,0.999980720145059
1149,11.4899999999998,0.9999808885779902
1150,11.4999999999998,0.9999810555437657
1151,11.509999999999799,0.9999812210551298
1152,11.519999999999799,0.999981385124716
1153,11.529999999999799,0.9999815477650486
1154,11.539999999999798,0.9999817089885431
1155,11.549999999999798,0.9999818688075077
1156,11.559999999999798,0.9999820272341438
1157,11.569999999999798,0.999982184280547
1158,11.579999999999798,0.9999823399587081
1159,11.589999999999797,0.9999824942805143
1160,11.599999999999797,0.9999826472577494
1161,11.609999999999797,0.9999827989020953
1162,11.619999999999797,0.9999829492251325
1163,11.629999999999797,0.9999830982383414
1164,11.639999999999796,0.9999832459531025
1165,11.649999999999796,0.9999833923806981
1166,11.659999999999796,0.9999835375323125
1167,11.669999999999796,0.999983681419033
1168,11.679999999999795,0.9999838240518512
1169,11.689999999999795,0.9999839654416627
1170,11.699999999999795,0.9999841055992693
1171,11.709999999999795,0.9999842445353792
1172,11.719999999999795,0.9999843822606072
1173,11.729999999999794,0.9999845187854767
1174,11.739999999999794,0.9999846541204195
1175,11.749999999999794,0.9999847882757772
1176,11.759999999999794,0.9999849212618017
1177,11.769999999999794,0.9999850530886559
1178,11.779999999999793,0.9999851837664149
1179,11.789999999999793,0.999985313305066
1180,11.799999999999793,0.9999854417145104
1181,11.809999999999793,0.9999855690045631
1182,11.819999999999792,0.9999856951849544
1183,11.829999999999792,0.9999858202653298
1184,11.839999999999792,0.9999859442552513
1185,11.849999999999792,0.9999860671641985
1186,11.859999999999792,0.999986189001568
1187,11.869999999999791,0.9999863097766755
1188,11.879999999999791,0.9999864294987557
1189,11.889999999999791,0.9999865481769634
1190,11.89999999999979,0.999986665820374
1191,11.90999999999979,0.9999867824379838
1192,11.91999999999979,0.9999868980387117
1193,11.92999999999979,0.9999870126313989
1194,11.93999999999979,0.99998712622481
1195,11.94999999999979,0.9999872388276337
1196,11.95999999999979,0.9999873504484833
1197,11.96999999999979,0.9999874610958972
1198,11.979999999999789,0.9999875707783401
1199,11.989999999999789,0.9999876795042032
1200,11.999999999999789,0.9999877872818047
1201,12.009999999999788,0.9999878941193909
1202,12.019999999999788,0.9999880000251365
1203,12.029999999999788,0.9999881050071453
1204,12.039999999999788,0.999988209073451
1205,12.049999999999788,0.9999883122320171
1206,12.059999999999787,0.9999884144907387
1207,12.069999999999787,0.9999885158574421
1208,12.079999999999787,0.9999886163398854
1209,12.089999999999787,0.9999887159457601
1210,12.099999999999786,0.9999888146826905
1211,12.109999999999786,0.9999889125582347
1212,12.119999999999786,0.9999890095798858
1213,12.129999999999786,0.9999891057550712
1214,12.139999999999786,0.9999892010911542
1215,12.149999999999785,0.9999892955954344
1216,12.159999999999785,0.9999893892751477
1217,12.169999999999785,0.9999894821374676
1218,12.179999999999785,0.9999895741895051
1219,12.189999999999785,0.9999896654383095
1220,12.199999999999784,0.9999897558908692
1221,12.209999999999784,0.9999898455541117
1222,12.219999999999784,0.9999899344349046
1223,12.229999999999784,0.9999900225400556
1224,12.239999999999783,0.9999901098763139
1225,12.249999999999783,0.9999901964503695
1226,12.259999999999783,0.9999902822688547
1227,12.269999999999783,0.9999903673383442
1228,12.279999999999783,0.9999904516653557
1229,12.289999999999782,0.9999905352563502
1230,12.299999999999782,0.9999906181177328
1231,12.309999999999782,0.9999907002558528
1232,12.319999999999782,0.9999907816770047
1233,12.329999999999782,0.9999908623874282
1234,12.339999999999781,0.9999909423933087
1235,12.349999999999781,0.9999910217007782
1236,12.359999999999781,0.9999911003159154
1237,12.36999999999978,0.9999911782447461
1238,12.37999999999978,0.999991255493244
1239,12.38999999999978,0.9999913320673308
1240,12.39999999999978,0.9999914079728769
1241,12.40999999999978,0.9999914832157016
1242,12.41999999999978,0.999991557801574
1243,12.42999999999978,0.9999916317362129
1244,12.43999999999978,0.9999917050252872
1245,12.449999999999779,0.9999917776744172
1246,12.459999999999779,0.999991849689174
1247,12.469999999999779,0.9999919210750803
1248,12.479999999999778,0.999991991837611
1249,12.489999999999778,0.9999920619821937
1250,12.499999999999778,0.9999921315142083
1251,12.509999999999778,0.9999922004389885
1252,12.519999999999778,0.9999922687618216
1253,12.529999999999777,0.9999923364879487
1254,12.539999999999777,0.9999924036225658
1255,12.549999999999777,0.9999924701708236
1256,12.559999999999777,0.9999925361378279
1257,12.569999999999776,0.9999926015286404
1258,12.579999999999776,0.999992666348279
1259,12.589999999999776,0.9999927306017176
1260,12.599999999999776,0.9999927942938871
1261,12.609999999999776,0.9999928574296758
1262,12.619999999999775,0.9999929200139293
1263,12.629999999999775,0.9999929820514512
1264,12.639999999999775,0.9999930435470032
1265,12.649999999999775,0.9999931045053061
1266,12.659999999999775,0.9999931649310392
1267,12.669999999999774,0.9999932248288415
1268,12.679999999999774,0.9999932842033115
1269,12.689999999999774,0.9999933430590079
1270,12.699999999999774,0.9999934014004498
1271,12.709999999999773,0.9999934592321169
1272,12.719999999999773,0.9999935165584501
1273,12.729999999999773,0.999993573383852
1274,12.739999999999773,0.9999936297126863
1275,12.749999999999773,0.9999936855492795
1276,12.759999999999772,0.9999937408979199
1277,12.769999999999772,0.9999937957628591
1278,12.779999999999772,0.9999938501483113
1279,12.789999999999772,0.9999939040584545
1280,12.799999999999772,0.9999939574974299
1281,12.809999999999771,0.9999940104693434
1282,12.819999999999771,0.9999940629782647
1283,12.829999999999771,0.9999941150282281
1284,12.83999999999977,0.9999941666232334
1285,12.84999999999977,0.999994217767245
1286,12.85999999999977,0.9999942684641933
1287,12.86999999999977,0.9999943187179744
1288,12.87999999999977,0.9999943685324504
1289,12.88999999999977,0.9999944179114502
1290,12.89999999999977,0.999994466858769
1291,12.90999999999977,0.9999945153781694
1292,12.919999999999769,0.9999945634733811
1293,12.929999999999769,0.9999946111481014
1294,12.939999999999769,0.9999946584059954
1295,12.949999999999768,0.9999947052506966
1296,12.959999999999768,0.9999947516858066
1297,12.969999999999768,0.9999947977148962
1298,12.979999999999768,0.9999948433415043
1299,12.989999999999768,0.9999948885691401
1300,12.999999999999767,0.9999949334012814
1301,13.009999999999767,0.9999949778413764
1302,13.019999999999767,0.9999950218928428
1303,13.029999999999767,0.9999950655590691
1304,13.039999999999766,0.999995108843414
1305,13.049999999999766,0.9999951517492072
1306,13.059999999999766,0.9999951942797491
1307,13.069999999999766,0.9999952364383121
1308,13.079999999999766,0.9999952782281394
1309,13.089999999999765,0.9999953196524464
1310,13.099999999999765,0.9999953607144205
1311,13.109999999999765,0.9999954014172214
1312,13.119999999999765,0.9999954417639814
1313,13.129999999999765,0.9999954817578052
1314,13.139999999999764,0.999995521401771
1315,13.149999999999764,0.9999955606989298
1316,13.159999999999764,0.9999955996523064
1317,13.169999999999764,0.9999956382648993
1318,13.179999999999763,0.9999956765396806
1319,13.189999999999763,0.9999957144795968
1320,13.199999999999763,0.9999957520875687
1321,13.209999999999763,0.9999957893664919
1322,13.219999999999763,0.9999958263192366
1323,13.229999999999762,0.999995862948648
1324,13.239999999999762,0.9999958992575466
1325,13.249999999999762,0.9999959352487285
1326,13.259999999999762,0.9999959709249655
1327,13.269999999999762,0.999996006289005
1328,13.279999999999761,0.9999960413435709
1329,13.289999999999761,0.999996076091363
1330,13.299999999999761,0.999996110535058
1331,13.30999999999976,0.999996144677309
1332,13.31999999999976,0.9999961785207462
1333,13.32999999999976,0.999996212067977
1334,13.33999999999976,0.9999962453215857
1335,13.34999999999976,0.9999962782841347
1336,13.35999999999976,0.9999963109581639
1337,13.36999999999976,0.9999963433461907
1338,13.37999999999976,0.9999963754507112
1339,13.389999999999759,0.9999964072741993
1340,13.399999999999759,0.9999964388191077
1341,13.409999999999759,0.9999964700878677
1342,13.419999999999758,0.9999965010828893
1343,13.429999999999758,0.9999965318065617
1344,13.439999999999758,0.9999965622612532
1345,13.449999999999758,0.9999965924493115
1346,13.459999999999757,0.9999966223730639
1347,13.469999999999757,0.9999966520348175
1348,13.479999999999757,0.9999966814368593
1349,13.489999999999757,0.9999967105814562
1350,13.499999999999757,0.9999967394708558
1351,13.509999999999756,0.9999967681072855
1352,13.519999999999756,0.9999967964929541
1353,13.529999999999756,0.9999968246300506
1354,13.539999999999756,0.9999968525207451
1355,13.549999999999756,0.9999968801671888
1356,13.559999999999755,0.9999969075715143
1357,13.569999999999755,0.9999969347358355
1358,13.579999999999755,0.9999969616622478
1359,13.589999999999755,0.9999969883528289
1360,13.599999999999755,0.9999970148096377
1361,13.609999999999754,0.9999970410347154
1362,13.619999999999754,0.9999970670300858
1363,13.629999999999754,0.9999970927977547
1364,13.639999999999754,0.9999971183397106
1365,13.649999999999753,0.9999971436579245
1366,13.659999999999753,0.9999971687543505
1367,13.669999999999753,0.9999971936309254
1368,13.679999999999753,0.9999972182895696
1369,13.689999999999753,0.9999972427321863
1370,13.699999999999752,0.9999972669606622
1371,13.709999999999752,0.9999972909768677
1372,13.719999999999752,0.9999973147826572
1373,13.729999999999752,0.9999973383798683
1374,13.739999999999752,0.9999973617703231
1375,13.749999999999751,0.9999973849558275
1376,13.759999999999751,0.999997407938172
1377,13.76999999999975,0.9999974307191315
1378,13.77999999999975,0.9999974533004651
1379,13.78999999999975,0.9999974756839167
1380,13.79999999999975,0.9999974978712153
1381,13.80999999999975,0.9999975198640745
1382,13.81999999999975,0.9999975416641932
1383,13.82999999999975,0.9999975632732553
1384,13.83999999999975,0.9999975846929301
1385,13.84999999999975,0.9999976059248726
1386,13.859999999999749,0.999997626970723
1387,13.869999999999749,0.9999976478321075
1388,13.879999999999749,0.999997668510638
1389,13.889999999999748,0.9999976890079124
1390,13.899999999999748,0.9999977093255147
1391,13.909999999999748,0.9999977294650149
1392,13.919999999999748,0.9999977494279696
1393,13.929999999999747,0.9999977692159219
1394,13.939999999999747,0.9999977888304009
1395,13.949999999999747,0.9999978082729231
1396,13.959999999999747,0.9999978275449913
1397,13.969999999999747,0.9999978466480953
1398,13.979999999999746,0.9999978655837122
1399,13.989999999999746,0.9999978843533057
1400,13.999999999999746,0.9999979029583274
1401,14.009999999999746,0.9999979214002155
1402,14.019999999999746,0.9999979396803962
1403,14.029999999999745,0.9999979578002832
1404,14.039999999999745,0.9999979757612779
1405,14.049999999999745,0.9999979935647693
1406,14.059999999999745,0.9999980112121343
1407,14.069999999999744,0.999998028704738
1408,14.079999999999744,0.9999980460439335
1409,14.089999999999744,0.999998063231062
1410,14.099999999999744,0.9999980802674532
1411,14.109999999999744,0.9999980971544251
1412,14.119999999999743,0.9999981138932843
1413,14.129999999999743,0.9999981304853258
1414,14.139999999999743,0.9999981469318335
1415,14.149999999999743,0.9999981632340802
1416,14.159999999999743,0.9999981793933274
1417,14.169999999999742,0.9999981954108255
1418,14.179999999999742,0.9999982112878142
1419,14.189999999999742,0.9999982270255225
1420,14.199999999999742,0.9999982426251686
1421,14.209999999999742,0.9999982580879597
1422,14.219999999999741,0.9999982734150932
1423,14.229999999999741,0.9999982886077553
1424,14.23999999999974,0.9999983036671224
1425,14.24999999999974,0.9999983185943604
1426,14.25999999999974,0.999998333390625
1427,14.26999999999974,0.9999983480570622
1428,14.27999999999974,0.9999983625948073
1429,14.28999999999974,0.9999983770049865
1430,14.29999999999974,0.9999983912887156
1431,14.30999999999974,0.9999984054471008
1432,14.31999999999974,0.9999984194812388
1433,14.329999999999739,0.9999984333922166
1434,14.339999999999739,0.9999984471811119
1435,14.349999999999739,0.9999984608489927
1436,14.359999999999738,0.9999984743969179
1437,14.369999999999738,0.9999984878259371
1438,14.379999999999738,0.9999985011370909
1439,14.389999999999738,0.9999985143314105
1440,14.399999999999737,0.9999985274099183
1441,14.409999999999737,0.9999985403736279
1442,14.419999999999737,0.9999985532235438
1443,14.429999999999737,0.9999985659606618
1444,14.439999999999737,0.9999985785859693
1445,14.449999999999736,0.9999985911004448
1446,14.459999999999736,0.9999986035050581
1447,14.469999999999736,0.9999986158007709
1448,14.479999999999736,0.9999986279885364
1449,14.489999999999736,0.9999986400692994
1450,14.499999999999735,0.9999986520439966
1451,14.509999999999735,0.9999986639135563
1452,14.519999999999735,0.9999986756788989
1453,14.529999999999735,0.9999986873409367
1454,14.539999999999734,0.999998698900574
1455,14.549999999999734,0.9999987103587072
1456,14.559999999999734,0.9999987217162252
1457,14.569999999999734,0.9999987329740084
1458,14.579999999999734,0.9999987441329304
1459,14.589999999999733,0.9999987551938566
1460,14.599999999999733,0.9999987661576449
1461,14.609999999999733,0.9999987770251461
1462,14.619999999999733,0.999998787797203
1463,14.629999999999733,0.9999987984746513
1464,14.639999999999732,0.9999988090583197
1465,14.649999999999732,0.9999988195490292
1466,14.659999999999732,0.999998829947594
1467,14.669999999999732,0.9999988402548209
1468,14.679999999999731,0.9999988504715097
1469,14.689999999999731,0.9999988605984536
1470,14.699999999999731,0.9999988706364383
1471,14.70999999999973,0.999998880586243
1472,14.71999999999973,0.99999889044864
1473,14.72999999999973,0.999998900224395
1474,14.73999999999973,0.9999989099142667
1475,14.74999999999973,0.9999989195190074
1476,14.75999999999973,0.9999989290393629
1477,14.76999999999973,0.9999989384760722
1478,14.77999999999973,0.9999989478298682
1479,14.78999999999973,0.9999989571014772
1480,14.799999999999729,0.9999989662916191
1481,14.809999999999729,0.9999989754010076
1482,14.819999999999729,0.9999989844303502
1483,14.829999999999728,0.9999989933803481
1484,14.839999999999728,0.9999990022516966
1485,14.849999999999728,0.9999990110450847
1486,14.859999999999728,0.9999990197611954
1487,14.869999999999727,0.999999028400706
1488,14.879999999999727,0.9999990369642875
1489,14.889999999999727,0.9999990454526052
1490,14.899999999999727,0.9999990538663188
1491,14.909999999999727,0.9999990622060819
1492,14.919999999999726,0.9999990704725427
1493,14.929999999999726,0.9999990786663433
1494,14.939999999999726,0.9999990867881207
1495,14.949999999999726,0.999999094838506
1496,14.959999999999726,0.9999991028181249
1497,14.969999999999725,0.9999991107275976
1498,14.979999999999725,0.9999991185675391
1499,14.989999999999725,0.9999991263385585
1500,14.999999999999725,0.9999991340412601
1501,15.009999999999724,0.9999991416762427
1502,15.019999999999724,0.9999991492440998
1503,15.029999999999724,0.9999991567454201
1504,15.039999999999724,0.9999991641807865
1505,15.049999999999724,0.9999991715507773
1506,15.059999999999723,0.9999991788559657
1507,15.069999999999723,0.9999991860969196
1508,15.079999999999723,0.9999991932742025
1509,15.089999999999723,0.9999992003883722
1510,15.099999999999723,0.9999992074399824
1511,15.109999999999722,0.9999992144295813
1512,15.119999999999722,0.9999992213577128
1513,15.129999999999722,0.9999992282249157
1514,15.139999999999722,0.9999992350317245
1515,15.149999999999721,0.9999992417786685
1516,15.159999999999721,0.9999992484662729
1517,15.169999999999721,0.9999992550950577
1518,15.17999999999972,0.9999992616655391
1519,15.18999999999972,0.9999992681782282
1520,15.19999999999972,0.9999992746336318
1521,15.20999999999972,0.9999992810322523
1522,15.21999999999972,0.9999992873745879
1523,15.22999999999972,0.9999992936611319
1524,15.23999999999972,0.999999299892374
1525,15.24999999999972,0.999999306068799
1526,15.25999999999972,0.9999993121908878
1527,15.269999999999719,0.999999318259117
1528,15.279999999999719,0.9999993242739591
1529,15.289999999999718,0.9999993302358824
1530,15.299999999999718,0.999999336145351
1531,15.309999999999718,0.999999342002825
1532,15.319999999999718,0.9999993478087608
1533,15.329999999999718,0.9999993535636104
1534,15.339999999999717,0.9999993592678219
1535,15.349999999999717,0.9999993649218397
1536,15.359999999999717,0.9999993705261041
1537,15.369999999999717,0.9999993760810516
1538,15.379999999999717,0.9999993815871151
1539,15.389999999999716,0.9999993870447234
1540,15.399999999999716,0.9999993924543015
1541,15.409999999999716,0.9999993978162711
1542,15.419999999999716,0.9999994031310498
1543,15.429999999999715,0.9999994083990519
1544,15.439999999999715,0.9999994136206878
1545,15.449999999999715,0.9999994187963643
1546,15.459999999999715,0.9999994239264849
1547,15.469999999999715,0.9999994290114492
1548,15.479999999999714,0.9999994340516538
1549,15.489999999999714,0.9999994390474912
1550,15.499999999999714,0.9999994439993511
1551,15.509999999999714,0.9999994489076195
1552,15.519999999999714,0.9999994537726787
1553,15.529999999999713,0.9999994585949084
1554,15.539999999999713,0.9999994633746841
1555,15.549999999999713,0.9999994681123788
1556,15.559999999999713,0.9999994728083618
1557,15.569999999999713,0.9999994774629992
1558,15.579999999999712,0.9999994820766541
1559,15.589999999999712,0.9999994866496863
1560,15.599999999999712,0.9999994911824522
1561,15.609999999999712,0.9999994956753057
1562,15.619999999999711,0.9999995001285968
1563,15.629999999999711,0.9999995045426732
1564,15.639999999999711,0.9999995089178789
1565,15.64999999999971,0.9999995132545555
1566,15.65999999999971,0.9999995175530412
1567,15.66999999999971,0.9999995218136712
1568,15.67999999999971,0.9999995260367782
1569,15.68999999999971,0.9999995302226916
1570,15.69999999999971,0.9999995343717378
1571,15.70999999999971,0.999999538484241
1572,15.71999999999971,0.9999995425605217
1573,15.729999999999709,0.9999995466008982
1574,15.739999999999709,0.9999995506056858
1575,15.749999999999709,0.9999995545751972
1576,15.759999999999708,0.999999558509742
1577,15.769999999999708,0.9999995624096275
1578,15.779999999999708,0.9999995662751582
1579,15.789999999999708,0.9999995701066355
1580,15.799999999999708,0.999999573904359
1581,15.809999999999707,0.9999995776686249
1582,15.819999999999707,0.9999995813997271
1583,15.829999999999707,0.9999995850979571
1584,15.839999999999707,0.9999995887636035
1585,15.849999999999707,0.9999995923969528
1586,15.859999999999706,0.9999995959982885
1587,15.869999999999706,0.9999995995678919
1588,15.879999999999706,0.9999996031060419
1589,15.889999999999706,0.9999996066130148
1590,15.899999999999705,0.9999996100890844
1591,15.909999999999705,0.9999996135345226
1592,15.919999999999705,0.9999996169495982
1593,15.929999999999705,0.9999996203345781
1594,15.939999999999705,0.9999996236897267
1595,15.949999999999704,0.9999996270153064
1596,15.959999999999704,0.9999996303115768
1597,15.969999999999704,0.9999996335787954
1598,15.979999999999704,0.9999996368172178
1599,15.989999999999704,0.9999996400270968
1600,15.999999999999703,0.9999996432086835
1601,16.009999999999703,0.9999996463622264
1602,16.019999999999705,0.999999649487972
1603,16.029999999999706,0.9999996525861646
1604,16.039999999999708,0.9999996556570465
1605,16.04999999999971,0.9999996587008577
1606,16.05999999999971,0.999999661717836
1607,16.069999999999713,0.9999996647082176
1608,16.079999999999714,0.9999996676722359
1609,16.089999999999716,0.999999670610123
1610,16.099999999999717,0.9999996735221084
1611,16.10999999999972,0.9999996764084199
1612,16.11999999999972,0.9999996792692832
1613,16.129999999999722,0.9999996821049221
1614,16.139999999999723,0.9999996849155582
1615,16.149999999999725,0.9999996877014115
1616,16.159999999999727,0.9999996904626998
1617,16.169999999999728,0.9999996931996391
1618,16.17999999999973,0.9999996959124436
1619,16.18999999999973,0.9999996986013254
1620,16.199999999999733,0.999999701266495
1621,16.209999999999734,0.9999997039081607
1622,16.219999999999736,0.9999997065265294
1623,16.229999999999738,0.9999997091218058
1624,16.23999999999974,0.9999997116941931
1625,16.24999999999974,0.9999997142438926
1626,16.259999999999742,0.9999997167711038
1627,16.269999999999744,0.9999997192760244
1628,16.279999999999745,0.9999997217588505
1629,16.289999999999747,0.9999997242197767
1630,16.29999999999975,0.9999997266589952
1631,16.30999999999975,0.9999997290766971
1632,16.31999999999975,0.9999997314730719
1633,16.329999999999753,0.9999997338483068
1634,16.339999999999755,0.999999736202588
1635,16.349999999999756,0.9999997385360998
1636,16.359999999999758,0.9999997408490249
1637,16.36999999999976,0.9999997431415443
1638,16.37999999999976,0.9999997454138377
1639,16.389999999999763,0.999999747666083
1640,16.399999999999764,0.9999997498984564
1641,16.409999999999766,0.999999752111133
1642,16.419999999999767,0.999999754304286
1643,16.42999999999977,0.9999997564780871
1644,16.43999999999977,0.9999997586327067
1645,16.449999999999772,0.9999997607683134
1646,16.459999999999773,0.9999997628850747
1647,16.469999999999775,0.9999997649831565
1648,16.479999999999777,0.9999997670627229
1649,16.489999999999778,0.999999769123937
1650,16.49999999999978,0.9999997711669601
1651,16.50999999999978,0.9999997731919528
1652,16.519999999999783,0.9999997751990731
1653,16.529999999999784,0.9999997771884789
1654,16.539999999999786,0.9999997791603258
1655,16.549999999999788,0.9999997811147683
1656,16.55999999999979,0.9999997830519598
1657,16.56999999999979,0.9999997849720519
1658,16.579999999999792,0.9999997868751953
1659,16.589999999999794,0.9999997887615392
1660,16.599999999999795,0.9999997906312313
1661,16.609999999999797,0.9999997924844184
1662,16.6199999999998,0.9999997943212456
1663,16.6299999999998,0.9999997961418571
1664,16.6399999999998,0.9999997979463955
1665,16.649999999999803,0.9999997997350023
1666,16.659999999999805,0.9999998015078179
1667,16.669999999999806,0.9999998032649813
1668,16.679999999999808,0.9999998050066301
1669,16.68999999999981,0.9999998067329012
1670,16.69999999999981,0.9999998084439299
1671,16.709999999999813,0.9999998101398503
1672,16.719999999999814,0.9999998118207956
1673,16.729999999999816,0.9999998134868975
1674,16.739999999999817,0.9999998151382867
1675,16.74999999999982,0.999999816775093
1676,16.75999999999982,0.9999998183974446
1677,16.769999999999822,0.9999998200054688
1678,16.779999999999824,0.999999821599292
1679,16.789999999999825,0.999999823179039
1680,16.799999999999827,0.999999824744834
1681,16.809999999999828,0.9999998262967996
1682,16.81999999999983,0.9999998278350578
1683,16.82999999999983,0.9999998293597293
1684,16.839999999999833,0.9999998308709338
1685,16.849999999999834,0.99999983236879
1686,16.859999999999836,0.9999998338534152
1687,16.869999999999838,0.9999998353249262
1688,16.87999999999984,0.9999998367834384
1689,16.88999999999984,0.9999998382290665
1690,16.899999999999842,0.9999998396619237
1691,16.909999999999844,0.9999998410821227
1692,16.919999999999845,0.999999842489775
1693,16.929999999999847,0.9999998438849912
1694,16.93999999999985,0.9999998452678807
1695,16.94999999999985,0.9999998466385521
1696,16.95999999999985,0.9999998479971133
1697,16.969999999999853,0.9999998493436708
1698,16.979999999999855,0.9999998506783304
1699,16.989999999999856,0.999999852001197
1700,16.999999999999858,0.9999998533123745
1701,17.00999999999986,0.9999998546119658
1702,17.01999999999986,0.9999998559000731
1703,17.029999999999863,0.9999998571767976
1704,17.039999999999864,0.9999998584422396
1705,17.049999999999866,0.9999998596964985
1706,17.059999999999867,0.999999860939673
1707,17.06999999999987,0.9999998621718605
1708,17.07999999999987,0.9999998633931582
1709,17.089999999999872,0.9999998646036616
1710,17.099999999999874,0.9999998658034663
1711,17.109999999999875,0.9999998669926665
1712,17.119999999999877,0.9999998681713556
1713,17.129999999999878,0.9999998693396261
1714,17.13999999999988,0.9999998704975701
1715,17.14999999999988,0.9999998716452785
1716,17.159999999999883,0.9999998727828415
1717,17.169999999999884,0.9999998739103487
1718,17.179999999999886,0.9999998750278886
1719,17.189999999999888,0.9999998761355491
1720,17.19999999999989,0.9999998772334173
1721,17.20999999999989,0.9999998783215795
1722,17.219999999999892,0.9999998794001215
1723,17.229999999999894,0.9999998804691278
1724,17.239999999999895,0.9999998815286827
1725,17.249999999999897,0.9999998825788694
1726,17.2599999999999,0.9999998836197705
1727,17.2699999999999,0.999999884651468
1728,17.2799999999999,0.9999998856740431
1729,17.289999999999903,0.9999998866875761
1730,17.299999999999905,0.9999998876921468
1731,17.309999999999906,0.9999998886878341
1732,17.319999999999908,0.9999998896747165
1733,17.32999999999991,0.9999998906528716
1734,17.33999999999991,0.9999998916223765
1735,17.349999999999913,0.9999998925833072
1736,17.359999999999914,0.9999998935357397
1737,17.369999999999916,0.9999998944797487
1738,17.379999999999917,0.9999998954154085
1739,17.38999999999992,0.9999998963427927
1740,17.39999999999992,0.9999998972619745
1741,17.409999999999922,0.9999998981730261
1742,17.419999999999924,0.9999998990760194
1743,17.429999999999925,0.9999998999710252
1744,17.439999999999927,0.9999999008581142
1745,17.44999999999993,0.9999999017373561
1746,17.45999999999993,0.9999999026088201
1747,17.46999999999993,0.9999999034725751
1748,17.479999999999933,0.9999999043286887
1749,17.489999999999934,0.9999999051772287
1750,17.499999999999936,0.9999999060182616
1751,17.509999999999938,0.9999999068518539
1752,17.51999999999994,0.9999999076780711
1753,17.52999999999994,0.9999999084969784
1754,17.539999999999942,0.9999999093086401
1755,17.549999999999944,0.9999999101131203
1756,17.559999999999945,0.9999999109104823
1757,17.569999999999947,0.9999999117007891
1758,17.57999999999995,0.9999999124841026
1759,17.58999999999995,0.9999999132604848
1760,17.59999999999995,0.9999999140299968
1761,17.609999999999953,0.9999999147926991
1762,17.619999999999955,0.9999999155486521
1763,17.629999999999956,0.9999999162979151
1764,17.639999999999958,0.9999999170405471
1765,17.64999999999996,0.999999917776607
1766,17.65999999999996,0.9999999185061524
1767,17.669999999999963,0.999999919229241
1768,17.679999999999964,0.9999999199459298
1769,17.689999999999966,0.9999999206562753
1770,17.699999999999967,0.9999999213603334
1771,17.70999999999997,0.9999999220581598
1772,17.71999999999997,0.9999999227498092
1773,17.729999999999972,0.9999999234353363
1774,17.739999999999974,0.9999999241147952
1775,17.749999999999975,0.9999999247882394
1776,17.759999999999977,0.9999999254557221
1777,17.76999999999998,0.9999999261172958
1778,17.77999999999998,0.9999999267730127
1779,17.78999999999998,0.9999999274229247
1780,17.799999999999983,0.9999999280670827
1781,17.809999999999985,0.9999999287055378
1782,17.819999999999986,0.9999999293383401
1783,17.829999999999988,0.9999999299655399
1784,17.83999999999999,0.9999999305871864
1785,17.84999999999999,0.9999999312033286
1786,17.859999999999992,0.9999999318140153
1787,17.869999999999994,0.9999999324192945
1788,17.879999999999995,0.9999999330192141
1789,17.889999999999997,0.9999999336138213
1790,17.9,0.9999999342031631
1791,17.91,0.999999934787286
1792,17.92,0.9999999353662361
1793,17.930000000000003,0.9999999359400591
1794,17.940000000000005,0.9999999365088001
1795,17.950000000000006,0.9999999370725043
1796,17.960000000000008,0.9999999376312161
1797,17.97000000000001,0.9999999381849793
1798,17.98000000000001,0.9999999387338381
1799,17.990000000000013,0.9999999392778354
1800,18.000000000000014,0.9999999398170144
1801,18.010000000000016,0.9999999403514176
1802,18.020000000000017,0.9999999408810871
1803,18.03000000000002,0.9999999414060649
1804,18.04000000000002,0.9999999419263923
1805,18.050000000000022,0.9999999424421104
1806,18.060000000000024,0.99999994295326
1807,18.070000000000025,0.9999999434598814
1808,18.080000000000027,0.9999999439620146
1809,18.09000000000003,0.9999999444596994
1810,18.10000000000003,0.999999944952975
1811,18.11000000000003,0.9999999454418803
1812,18.120000000000033,0.999999945926454
1813,18.130000000000035,0.9999999464067343
1814,18.140000000000036,0.9999999468827593
1815,18.150000000000038,0.9999999473545664
1816,18.16000000000004,0.999999947822193
1817,18.17000000000004,0.9999999482856762
1818,18.180000000000042,0.9999999487450523
1819,18.190000000000044,0.9999999492003577
1820,18.200000000000045,0.9999999496516284
1821,18.210000000000047,0.9999999500989002
1822,18.22000000000005,0.9999999505422082
1823,18.23000000000005,0.9999999509815878
1824,18.24000000000005,0.9999999514170733
1825,18.250000000000053,0.9999999518486994
1826,18.260000000000055,0.9999999522765
1827,18.270000000000056,0.9999999527005091
1828,18.280000000000058,0.9999999531207602
1829,18.29000000000006,0.9999999535372864
1830,18.30000000000006,0.9999999539501209
1831,18.310000000000063,0.9999999543592959
1832,18.320000000000064,0.9999999547648442
1833,18.330000000000066,0.9999999551667975
1834,18.340000000000067,0.9999999555651878
1835,18.35000000000007,0.9999999559600466
1836,18.36000000000007,0.9999999563514052
1837,18.370000000000072,0.9999999567392942
1838,18.380000000000074,0.9999999571237447
1839,18.390000000000075,0.9999999575047868
1840,18.400000000000077,0.9999999578824507
1841,18.41000000000008,0.9999999582567664
1842,18.42000000000008,0.9999999586277634
1843,18.43000000000008,0.9999999589954711
1844,18.440000000000083,0.9999999593599186
1845,18.450000000000085,0.9999999597211346
1846,18.460000000000086,0.9999999600791478
1847,18.470000000000088,0.9999999604339866
1848,18.48000000000009,0.999999960785679
1849,18.49000000000009,0.9999999611342527
1850,18.500000000000092,0.9999999614797355
1851,18.510000000000094,0.9999999618221544
1852,18.520000000000095,0.999999962161537
1853,18.530000000000097,0.9999999624979098
1854,18.5400000000001,0.9999999628312994
1855,18.5500000000001,0.9999999631617325
1856,18.5600000000001,0.9999999634892349
1857,18.570000000000103,0.9999999638138328
1858,18.580000000000105,0.9999999641355517
1859,18.590000000000106,0.9999999644544172
1860,18.600000000000108,0.9999999647704545
1861,18.61000000000011,0.9999999650836886
1862,18.62000000000011,0.9999999653941443
1863,18.630000000000113,0.9999999657018461
1864,18.640000000000114,0.9999999660068186
1865,18.650000000000116,0.9999999663090857
1866,18.660000000000117,0.9999999666086715
1867,18.67000000000012,0.9999999669055997
1868,18.68000000000012,0.9999999671998938
1869,18.690000000000122,0.999999967491577
1870,18.700000000000124,0.9999999677806726
1871,18.710000000000125,0.9999999680672034
1872,18.720000000000127,0.9999999683511921
1873,18.73000000000013,0.999999968632661
1874,18.74000000000013,0.9999999689116329
1875,18.75000000000013,0.9999999691881294
1876,18.760000000000133,0.9999999694621726
1877,18.770000000000135,0.9999999697337842
1878,18.780000000000136,0.9999999700029859
1879,18.790000000000138,0.9999999702697987
1880,18.80000000000014,0.9999999705342439
1881,18.81000000000014,0.9999999707963426
1882,18.820000000000142,0.9999999710561154
1883,18.830000000000144,0.9999999713135829
1884,18.840000000000146,0.9999999715687655
1885,18.850000000000147,0.9999999718216834
1886,18.86000000000015,0.9999999720723568
1887,18.87000000000015,0.9999999723208055
1888,18.88000000000015,0.9999999725670491
1889,18.890000000000153,0.9999999728111072
1890,18.900000000000155,0.9999999730529991
1891,18.910000000000156,0.9999999732927441
1892,18.920000000000158,0.9999999735303611
1893,18.93000000000016,0.999999973765869
1894,18.94000000000016,0.9999999739992864
1895,18.950000000000163,0.9999999742306318
1896,18.960000000000164,0.9999999744599237
1897,18.970000000000166,0.9999999746871802
1898,18.980000000000167,0.9999999749124192
1899,18.99000000000017,0.9999999751356586
1900,19.00000000000017,0.9999999753569163
1901,19.010000000000172,0.9999999755762098
1902,19.020000000000174,0.9999999757935563
1903,19.030000000000175,0.9999999760089732
1904,19.040000000000177,0.9999999762224775
1905,19.05000000000018,0.9999999764340862
1906,19.06000000000018,0.9999999766438161
1907,19.07000000000018,0.9999999768516838
1908,19.080000000000183,0.9999999770577059
1909,19.090000000000185,0.9999999772618986
1910,19.100000000000186,0.9999999774642782
1911,19.110000000000188,0.9999999776648606
1912,19.12000000000019,0.999999977863662
1913,19.13000000000019,0.999999978060698
1914,19.140000000000192,0.9999999782559841
1915,19.150000000000194,0.999999978449536
1916,19.160000000000196,0.9999999786413691
1917,19.170000000000197,0.9999999788314985
1918,19.1800000000002,0.9999999790199394
1919,19.1900000000002,0.9999999792067067
1920,19.200000000000202,0.9999999793918152
1921,19.210000000000203,0.9999999795752795
1922,19.220000000000205,0.9999999797571144
1923,19.230000000000206,0.9999999799373342
1924,19.240000000000208,0.9999999801159534
1925,19.25000000000021,0.9999999802929858
1926,19.26000000000021,0.9999999804684457
1927,19.270000000000213,0.9999999806423472
1928,19.280000000000214,0.9999999808147038
1929,19.290000000000216,0.9999999809855292
1930,19.300000000000217,0.9999999811548372
1931,19.31000000000022,0.9999999813226411
1932,19.32000000000022,0.9999999814889543
1933,19.330000000000222,0.9999999816537899
1934,19.340000000000224,0.9999999818171611
1935,19.350000000000225,0.9999999819790808
1936,19.360000000000227,0.999999982139562
1937,19.37000000000023,0.9999999822986173
1938,19.38000000000023,0.9999999824562594
1939,19.39000000000023,0.9999999826125008
1940,19.400000000000233,0.9999999827673539
1941,19.410000000000235,0.9999999829208311
1942,19.420000000000236,0.9999999830729446
1943,19.430000000000238,0.9999999832237063
1944,19.44000000000024,0.9999999833731283
1945,19.45000000000024,0.9999999835212225
1946,19.460000000000242,0.9999999836680007
1947,19.470000000000244,0.9999999838134745
1948,19.480000000000246,0.9999999839576555
1949,19.490000000000247,0.9999999841005551
1950,19.50000000000025,0.9999999842421847
1951,19.51000000000025,0.9999999843825557
1952,19.520000000000252,0.9999999845216789
1953,19.530000000000253,0.9999999846595657
1954,19.540000000000255,0.999999984796227
1955,19.550000000000257,0.9999999849316735
1956,19.560000000000258,0.9999999850659163
1957,19.57000000000026,0.9999999851989656
1958,19.58000000000026,0.9999999853308323
1959,19.590000000000263,0.999999985461527
1960,19.600000000000264,0.9999999855910597
1961,19.610000000000266,0.9999999857194412
1962,19.620000000000267,0.9999999858466811
1963,19.63000000000027,0.99999998597279
1964,19.64000000000027,0.999999986097778
1965,19.650000000000272,0.9999999862216545
1966,19.660000000000274,0.9999999863444299
1967,19.670000000000275,0.9999999864661137
1968,19.680000000000277,0.9999999865867156
1969,19.69000000000028,0.9999999867062452
1970,19.70000000000028,0.9999999868247121
1971,19.71000000000028,0.9999999869421258
1972,19.720000000000283,0.9999999870584954
1973,19.730000000000285,0.9999999871738302
1974,19.740000000000286,0.9999999872881394
1975,19.750000000000288,0.9999999874014323
1976,19.76000000000029,0.9999999875137178
1977,19.77000000000029,0.9999999876250046
1978,19.780000000000292,0.9999999877353019
1979,19.790000000000294,0.9999999878446183
1980,19.800000000000296,0.9999999879529626
1981,19.810000000000297,0.9999999880603433
1982,19.8200000000003,0.999999988166769
1983,19.8300000000003,0.9999999882722482
1984,19.840000000000302,0.9999999883767894
1985,19.850000000000303,0.9999999884804007
1986,19.860000000000305,0.9999999885830905
1987,19.870000000000307,0.999999988684867
1988,19.880000000000308,0.999999988785738
1989,19.89000000000031,0.999999988885712
1990,19.90000000000031,0.9999999889847967
1991,19.910000000000313,0.9999999890829999
1992,19.920000000000314,0.9999999891803297
1993,19.930000000000316,0.9999999892767937
1994,19.940000000000317,0.9999999893723994
1995,19.95000000000032,0.9999999894671547
1996,19.96000000000032,0.9999999895610672
1997,19.970000000000322,0.999999989654144
1998,19.980000000000324,0.9999999897463929
1999,19.990000000000325,0.999999989837821
2000,20.000000000000327,0.9999999899284358
2001,20.01000000000033,0.9999999900182442
2002,20.02000000000033,0.9999999901072537
2003,20.03000000000033,0.9999999901954713
2004,20.040000000000333,0.9999999902829038
2005,20.050000000000335,0.9999999903695584
2006,20.060000000000336,0.999999990455442
2007,20.070000000000338,0.9999999905405614
2008,20.08000000000034,0.9999999906249233
2009,20.09000000000034,0.9999999907085346
2010,20.100000000000342,0.9999999907914018
2011,20.110000000000344,0.9999999908735315
2012,20.120000000000346,0.9999999909549305
2013,20.130000000000347,0.999999991035605
2014,20.14000000000035,0.9999999911155616
2015,20.15000000000035,0.9999999911948065
2016,20.160000000000352,0.9999999912733462
2017,20.170000000000353,0.9999999913511869
2018,20.180000000000355,0.9999999914283347
2019,20.190000000000357,0.999999991504796
2020,20.200000000000358,0.9999999915805767
2021,20.21000000000036,0.9999999916556829
2022,20.22000000000036,0.9999999917301206
2023,20.230000000000363,0.9999999918038956
2024,20.240000000000364,0.999999991877014
2025,20.250000000000366,0.9999999919494815
2026,20.260000000000367,0.999999992021304
2027,20.27000000000037,0.999999992092487
2028,20.28000000000037,0.9999999921630365
2029,20.290000000000372,0.9999999922329579
2030,20.300000000000374,0.9999999923022567
2031,20.310000000000375,0.9999999923709386
2032,20.320000000000377,0.9999999924390092
2033,20.33000000000038,0.9999999925064735
2034,20.34000000000038,0.9999999925733374
2035,20.35000000000038,0.9999999926396058
2036,20.360000000000383,0.9999999927052843
2037,20.370000000000385,0.999999992770378
2038,20.380000000000386,0.999999992834892
2039,20.390000000000388,0.9999999928988317
2040,20.40000000000039,0.999999992962202
2041,20.41000000000039,0.999999993025008
2042,20.420000000000393,0.9999999930872547
2043,20.430000000000394,0.9999999931489472
2044,20.440000000000396,0.9999999932100903
2045,20.450000000000397,0.9999999932706888
2046,20.4600000000004,0.9999999933307477
2047,20.4700000000004,0.9999999933902718
2048,20.480000000000402,0.9999999934492657
2049,20.490000000000403,0.9999999935077343
2050,20.500000000000405,0.9999999935656821
2051,20.510000000000407,0.9999999936231139
2052,20.520000000000408,0.9999999936800341
2053,20.53000000000041,0.9999999937364473
2054,20.54000000000041,0.999999993792358
2055,20.550000000000413,0.9999999938477708
2056,20.560000000000414,0.99999999390269
2057,20.570000000000416,0.99999999395712
2058,20.580000000000418,0.9999999940110652
2059,20.59000000000042,0.9999999940645299
2060,20.60000000000042,0.9999999941175183
2061,20.610000000000422,0.9999999941700346
2062,20.620000000000424,0.9999999942220831
2063,20.630000000000425,0.9999999942736679
2064,20.640000000000427,0.9999999943247931
2065,20.65000000000043,0.9999999943754629
2066,20.66000000000043,0.9999999944256813
2067,20.67000000000043,0.9999999944754524
2068,20.680000000000433,0.99999999452478
2069,20.690000000000435,0.999999994573668
2070,20.700000000000436,0.9999999946221204
2071,20.710000000000438,0.9999999946701412
2072,20.72000000000044,0.999999994717734
2073,20.73000000000044,0.9999999947649029
2074,20.740000000000443,0.9999999948116514
2075,20.750000000000444,0.9999999948579834
2076,20.760000000000446,0.9999999949039025
2077,20.770000000000447,0.9999999949494124
2078,20.78000000000045,0.9999999949945167
2079,20.79000000000045,0.9999999950392191
2080,20.800000000000452,0.9999999950835231
2081,20.810000000000453,0.9999999951274324
2082,20.820000000000455,0.9999999951709503
2083,20.830000000000457,0.9999999952140803
2084,20.840000000000458,0.999999995256826
2085,20.85000000000046,0.9999999952991907
2086,20.86000000000046,0.9999999953411778
2087,20.870000000000463,0.9999999953827907
2088,20.880000000000464,0.9999999954240326
2089,20.890000000000466,0.999999995464907
2090,20.900000000000468,0.9999999955054171
2091,20.91000000000047,0.9999999955455661
2092,20.92000000000047,0.9999999955853571
2093,20.930000000000472,0.9999999956247935
2094,20.940000000000474,0.9999999956638783
2095,20.950000000000475,0.9999999957026148
2096,20.960000000000477,0.9999999957410058
2097,20.97000000000048,0.9999999957790547
2098,20.98000000000048,0.9999999958167645
2099,20.99000000000048,0.9999999958541379
2100,21.000000000000483,0.9999999958911782
2101,21.010000000000485,0.9999999959278882
2102,21.020000000000486,0.999999995964271
2103,21.030000000000488,0.9999999960003294
2104,21.04000000000049,0.9999999960360663
2105,21.05000000000049,0.9999999960714846
2106,21.060000000000493,0.999999996106587
2107,21.070000000000494,0.9999999961413765
2108,21.080000000000496,0.9999999961758558
2109,21.090000000000497,0.9999999962100276
2110,21.1000000000005,0.9999999962438947
2111,21.1100000000005,0.9999999962774597
2112,21.120000000000502,0.9999999963107256
2113,21.130000000000503,0.9999999963436947
2114,21.140000000000505,0.9999999963763698
2115,21.150000000000507,0.9999999964087536
2116,21.160000000000508,0.9999999964408485
2117,21.17000000000051,0.9999999964726572
2118,21.18000000000051,0.9999999965041823
2119,21.190000000000513,0.9999999965354261
2120,21.200000000000514,0.9999999965663913
2121,21.210000000000516,0.9999999965970804
2122,21.220000000000518,0.9999999966274956
2123,21.23000000000052,0.9999999966576397
2124,21.24000000000052,0.9999999966875148
2125,21.250000000000522,0.9999999967171235
2126,21.260000000000524,0.9999999967464681
2127,21.270000000000525,0.9999999967755508
2128,21.280000000000527,0.9999999968043742
2129,21.29000000000053,0.9999999968329405
2130,21.30000000000053,0.999999996861252
2131,21.31000000000053,0.9999999968893108
2132,21.320000000000533,0.9999999969171195
2133,21.330000000000535,0.99999999694468
2134,21.340000000000536,0.9999999969719946
2135,21.350000000000538,0.9999999969990655
2136,21.36000000000054,0.9999999970258949
2137,21.37000000000054,0.999999997052485
2138,21.380000000000543,0.9999999970788378
2139,21.390000000000544,0.9999999971049555
2140,21.400000000000546,0.9999999971308401
2141,21.410000000000547,0.9999999971564938
2142,21.42000000000055,0.9999999971819187
2143,21.43000000000055,0.9999999972071165
2144,21.440000000000552,0.9999999972320897
2145,21.450000000000554,0.99999999725684
2146,21.460000000000555,0.9999999972813693
2147,21.470000000000557,0.9999999973056798
2148,21.480000000000558,0.9999999973297734
2149,21.49000000000056,0.999999997353652
2150,21.50000000000056,0.9999999973773175
2151,21.510000000000563,0.9999999974007717
2152,21.520000000000564,0.9999999974240167
2153,21.530000000000566,0.9999999974470541
2154,21.540000000000568,0.9999999974698861
2155,21.55000000000057,0.9999999974925142
2156,21.56000000000057,0.9999999975149403
2157,21.570000000000572,0.9999999975371663
2158,21.580000000000574,0.999999997559194
2159,21.590000000000575,0.999999997581025
2160,21.600000000000577,0.9999999976026611
2161,21.61000000000058,0.9999999976241042
2162,21.62000000000058,0.9999999976453557
2163,21.63000000000058,0.9999999976664177
2164,21.640000000000583,0.9999999976872916
2165,21.650000000000585,0.9999999977079792
2166,21.660000000000586,0.9999999977284821
2167,21.670000000000588,0.999999997748802
2168,21.68000000000059,0.9999999977689404
2169,21.69000000000059,0.9999999977888991
2170,21.700000000000593,0.9999999978086797
2171,21.710000000000594,0.9999999978282835
2172,21.720000000000596,0.9999999978477124
2173,21.730000000000597,0.9999999978669678
2174,21.7400000000006,0.9999999978860513
2175,21.7500000000006,0.9999999979049645
2176,21.760000000000602,0.9999999979237087
2177,21.770000000000604,0.9999999979422857
2178,21.780000000000605,0.9999999979606966
2179,21.790000000000607,0.9999999979789432
2180,21.80000000000061,0.999999997997027
2181,21.81000000000061,0.9999999980149492
2182,21.82000000000061,0.9999999980327113
2183,21.830000000000613,0.9999999980503149
2184,21.840000000000614,0.9999999980677613
2185,21.850000000000616,0.9999999980850518
2186,21.860000000000618,0.999999998102188
2187,21.87000000000062,0.9999999981191711
2188,21.88000000000062,0.9999999981360026
2189,21.890000000000622,0.9999999981526837
2190,21.900000000000624,0.9999999981692158
2191,21.910000000000625,0.9999999981856004
2192,21.920000000000627,0.9999999982018385
2193,21.93000000000063,0.9999999982179316
2194,21.94000000000063,0.999999998233881
2195,21.95000000000063,0.9999999982496879
2196,21.960000000000633,0.9999999982653537
2197,21.970000000000635,0.9999999982808795
2198,21.980000000000636,0.9999999982962666
2199,21.990000000000638,0.9999999983115163
2200,22.00000000000064,0.9999999983266298
2201,22.01000000000064,0.9999999983416082
2202,22.020000000000643,0.9999999983564528
2203,22.030000000000644,0.9999999983711649
2204,22.040000000000646,0.9999999983857455
2205,22.050000000000647,0.9999999984001958
2206,22.06000000000065,0.9999999984145171
2207,22.07000000000065,0.9999999984287105
2208,22.080000000000652,0.999999998442777
2209,22.090000000000654,0.9999999984567177
2210,22.100000000000655,0.999999998470534
2211,22.110000000000657,0.9999999984842268
2212,22.12000000000066,0.9999999984977974
2213,22.13000000000066,0.9999999985112467
2214,22.14000000000066,0.9999999985245757
2215,22.150000000000663,0.9999999985377857
2216,22.160000000000664,0.9999999985508776
2217,22.170000000000666,0.9999999985638526
2218,22.180000000000668,0.9999999985767115
2219,22.19000000000067,0.9999999985894557
2220,22.20000000000067,0.9999999986020859
2221,22.210000000000672,0.9999999986146032
2222,22.220000000000674,0.9999999986270087
2223,22.230000000000675,0.9999999986393033
2224,22.240000000000677,0.999999998651488
2225,22.25000000000068,0.9999999986635639
2226,22.26000000000068,0.9999999986755318
2227,22.27000000000068,0.9999999986873928
2228,22.280000000000683,0.9999999986991478
2229,22.290000000000685,0.9999999987107977
2230,22.300000000000686,0.9999999987223435
2231,22.310000000000688,0.999999998733786
2232,22.32000000000069,0.9999999987451264
2233,22.33000000000069,0.9999999987563652
2234,22.340000000000693,0.9999999987675038
2235,22.350000000000694,0.9999999987785426
2236,22.360000000000696,0.9999999987894829
2237,22.370000000000697,0.9999999988003253
2238,22.3800000000007,0.9999999988110708
2239,22.3900000000007,0.9999999988217203
2240,22.400000000000702,0.9999999988322745
2241,22.410000000000704,0.9999999988427345
2242,22.420000000000705,0.9999999988531009
2243,22.430000000000707,0.9999999988633747
2244,22.44000000000071,0.9999999988735565
2245,22.45000000000071,0.9999999988836473
2246,22.46000000000071,0.999999998893648
2247,22.470000000000713,0.9999999989035592
2248,22.480000000000715,0.9999999989133818
2249,22.490000000000716,0.9999999989231165
2250,22.500000000000718,0.9999999989327643
2251,22.51000000000072,0.9999999989423257
2252,22.52000000000072,0.9999999989518017
2253,22.530000000000722,0.999999998961193
2254,22.540000000000724,0.9999999989705003
2255,22.550000000000725,0.9999999989797244
2256,22.560000000000727,0.9999999989888658
2257,22.57000000000073,0.9999999989979257
2258,22.58000000000073,0.9999999990069045
2259,22.59000000000073,0.9999999990158029
2260,22.600000000000733,0.9999999990246219
2261,22.610000000000735,0.999999999033362
2262,22.620000000000736,0.9999999990420239
2263,22.630000000000738,0.9999999990506083
2264,22.64000000000074,0.999999999059116
2265,22.65000000000074,0.9999999990675474
2266,22.660000000000743,0.9999999990759036
2267,22.670000000000744,0.999999999084185
2268,22.680000000000746,0.9999999990923923
2269,22.690000000000747,0.9999999991005263
2270,22.70000000000075,0.9999999991085875
2271,22.71000000000075,0.9999999991165766
2272,22.720000000000752,0.9999999991244942
2273,22.730000000000754,0.9999999991323409
2274,22.740000000000755,0.9999999991401176
2275,22.750000000000757,0.9999999991478246
2276,22.76000000000076,0.9999999991554627
2277,22.77000000000076,0.9999999991630325
2278,22.78000000000076,0.9999999991705345
2279,22.790000000000763,0.9999999991779694
2280,22.800000000000765,0.9999999991853379
2281,22.810000000000766,0.9999999991926404
2282,22.820000000000768,0.9999999991998775
2283,22.83000000000077,0.99999999920705
2284,22.84000000000077,0.9999999992141582
2285,22.850000000000772,0.9999999992212029
2286,22.860000000000774,0.9999999992281844
2287,22.870000000000775,0.9999999992351036
2288,22.880000000000777,0.9999999992419608
2289,22.89000000000078,0.9999999992487567
2290,22.90000000000078,0.9999999992554918
2291,22.91000000000078,0.9999999992621667
2292,22.920000000000783,0.9999999992687817
2293,22.930000000000785,0.9999999992753376
2294,22.940000000000786,0.9999999992818348
2295,22.950000000000788,0.9999999992882739
2296,22.96000000000079,0.9999999992946553
2297,22.97000000000079,0.9999999993009797
2298,22.980000000000793,0.9999999993072475
2299,22.990000000000794,0.9999999993134592
2300,23.000000000000796,0.9999999993196153
2301,23.010000000000797,0.9999999993257161
2302,23.0200000000008,0.9999999993317625
2303,23.0300000000008,0.9999999993377549
2304,23.040000000000802,0.9999999993436934
2305,23.050000000000804,0.999999999349579
2306,23.060000000000805,0.9999999993554117
2307,23.070000000000807,0.9999999993611923
2308,23.08000000000081,0.9999999993669212
2309,23.09000000000081,0.9999999993725988
2310,23.10000000000081,0.9999999993782255
2311,23.110000000000813,0.9999999993838019
2312,23.120000000000815,0.9999999993893284
2313,23.130000000000816,0.9999999993948053
2314,23.140000000000818,0.9999999994002333
2315,23.15000000000082,0.9999999994056127
2316,23.16000000000082,0.999999999410944
2317,23.170000000000822,0.9999999994162274
2318,23.180000000000824,0.9999999994214637
2319,23.190000000000826,0.999999999426653
2320,23.200000000000827,0.9999999994317958
2321,23.21000000000083,0.9999999994368927
2322,23.22000000000083,0.9999999994419438
2323,23.23000000000083,0.9999999994469498
2324,23.240000000000833,0.999999999451911
2325,23.250000000000835,0.9999999994568276
2326,23.260000000000836,0.9999999994617004
2327,23.270000000000838,0.9999999994665294
2328,23.28000000000084,0.9999999994713152
2329,23.29000000000084,0.9999999994760582
2330,23.300000000000843,0.9999999994807588
2331,23.310000000000844,0.9999999994854172
2332,23.320000000000846,0.9999999994900338
2333,23.330000000000847,0.9999999994946093
2334,23.34000000000085,0.9999999994991436
2335,23.35000000000085,0.9999999995036374
2336,23.360000000000852,0.9999999995080909
2337,23.370000000000854,0.9999999995125046
2338,23.380000000000855,0.9999999995168787
2339,23.390000000000857,0.9999999995212137
2340,23.40000000000086,0.9999999995255098
2341,23.41000000000086,0.9999999995297675
2342,23.42000000000086,0.999999999533987
2343,23.430000000000863,0.9999999995381688
2344,23.440000000000865,0.999999999542313
2345,23.450000000000866,0.9999999995464202
2346,23.460000000000868,0.9999999995504906
2347,23.47000000000087,0.9999999995545245
2348,23.48000000000087,0.9999999995585223
2349,23.490000000000872,0.9999999995624842
2350,23.500000000000874,0.9999999995664106
2351,23.510000000000876,0.999999999570302
2352,23.520000000000877,0.9999999995741584
2353,23.53000000000088,0.9999999995779804
2354,23.54000000000088,0.999999999581768
2355,23.550000000000882,0.9999999995855218
2356,23.560000000000883,0.9999999995892418
2357,23.570000000000885,0.9999999995929286
2358,23.580000000000886,0.9999999995965824
2359,23.590000000000888,0.9999999996002034
2360,23.60000000000089,0.9999999996037919
2361,23.61000000000089,0.9999999996073484
2362,23.620000000000893,0.9999999996108729
2363,23.630000000000894,0.9999999996143659
2364,23.640000000000896,0.9999999996178276
2365,23.650000000000897,0.9999999996212583
2366,23.6600000000009,0.9999999996246582
2367,23.6700000000009,0.9999999996280277
2368,23.680000000000902,0.999999999631367
2369,23.690000000000904,0.9999999996346763
2370,23.700000000000905,0.999999999637956
2371,23.710000000000907,0.9999999996412063
2372,23.72000000000091,0.9999999996444275
2373,23.73000000000091,0.9999999996476198
2374,23.74000000000091,0.9999999996507836
2375,23.750000000000913,0.9999999996539188
2376,23.760000000000915,0.9999999996570261
2377,23.770000000000916,0.9999999996601056
2378,23.780000000000918,0.9999999996631573
2379,23.79000000000092,0.9999999996661818
2380,23.80000000000092,0.9999999996691792
2381,23.810000000000922,0.9999999996721497
2382,23.820000000000924,0.9999999996750936
2383,23.830000000000926,0.999999999678011
2384,23.840000000000927,0.9999999996809024
2385,23.85000000000093,0.9999999996837678
2386,23.86000000000093,0.9999999996866076
2387,23.870000000000932,0.9999999996894219
2388,23.880000000000933,0.9999999996922109
2389,23.890000000000935,0.999999999694975
2390,23.900000000000936,0.9999999996977142
2391,23.910000000000938,0.999999999700429
2392,23.92000000000094,0.9999999997031194
2393,23.93000000000094,0.9999999997057857
2394,23.940000000000943,0.999999999708428
2395,23.950000000000944,0.9999999997110467
2396,23.960000000000946,0.999999999713642
2397,23.970000000000947,0.9999999997162139
2398,23.98000000000095,0.9999999997187627
2399,23.99000000000095,0.9999999997212888
2400,24.000000000000952,0.9999999997237922
2401,24.010000000000954,0.9999999997262731
2402,24.020000000000955,0.9999999997287318
2403,24.030000000000957,0.9999999997311685
2404,24.04000000000096,0.9999999997335832
2405,24.05000000000096,0.9999999997359764
2406,24.06000000000096,0.9999999997383481
2407,24.070000000000963,0.9999999997406985
2408,24.080000000000965,0.9999999997430279
2409,24.090000000000966,0.9999999997453364
2410,24.100000000000968,0.9999999997476242
2411,24.11000000000097,0.9999999997498914
2412,24.12000000000097,0.9999999997521384
2413,24.130000000000972,0.9999999997543652
2414,24.140000000000974,0.999999999756572
2415,24.150000000000976,0.999999999758759
2416,24.160000000000977,0.9999999997609264
2417,24.17000000000098,0.9999999997630743
2418,24.18000000000098,0.999999999765203
2419,24.190000000000982,0.9999999997673126
2420,24.200000000000983,0.9999999997694033
2421,24.210000000000985,0.9999999997714752
2422,24.220000000000987,0.9999999997735286
2423,24.230000000000988,0.9999999997755635
2424,24.24000000000099,0.9999999997775803
2425,24.25000000000099,0.9999999997795789
2426,24.260000000000993,0.9999999997815595
2427,24.270000000000994,0.9999999997835224
2428,24.280000000000996,0.9999999997854677
2429,24.290000000000997,0.9999999997873956
2430,24.300000000001,0.9999999997893061
2431,24.310000000001,0.9999999997911996
2432,24.320000000001002,0.999999999793076
2433,24.330000000001004,0.9999999997949356
2434,24.340000000001005,0.9999999997967786
2435,24.350000000001007,0.9999999997986049
2436,24.36000000000101,0.9999999998004149
2437,24.37000000000101,0.9999999998022087
2438,24.38000000000101,0.9999999998039864
2439,24.390000000001013,0.999999999805748
2440,24.400000000001015,0.999999999807494
2441,24.410000000001016,0.9999999998092243
2442,24.420000000001018,0.999999999810939
2443,24.43000000000102,0.9999999998126383
2444,24.44000000000102,0.9999999998143224
2445,24.450000000001022,0.9999999998159914
2446,24.460000000001024,0.9999999998176454
2447,24.470000000001026,0.9999999998192847
2448,24.480000000001027,0.999999999820909
2449,24.49000000000103,0.999999999822519
2450,24.50000000000103,0.9999999998241145
2451,24.510000000001032,0.9999999998256955
2452,24.520000000001033,0.9999999998272625
2453,24.530000000001035,0.9999999998288154
2454,24.540000000001037,0.9999999998303543
2455,24.550000000001038,0.9999999998318795
2456,24.56000000000104,0.9999999998333909
2457,24.57000000000104,0.9999999998348887
2458,24.580000000001043,0.9999999998363732
2459,24.590000000001044,0.9999999998378444
2460,24.600000000001046,0.9999999998393022
2461,24.610000000001047,0.9999999998407471
2462,24.62000000000105,0.9999999998421789
2463,24.63000000000105,0.999999999843598
2464,24.640000000001052,0.9999999998450042
2465,24.650000000001054,0.9999999998463979
2466,24.660000000001055,0.999999999847779
2467,24.670000000001057,0.9999999998491478
2468,24.68000000000106,0.9999999998505043
2469,24.69000000000106,0.9999999998518485
2470,24.70000000000106,0.9999999998531808
2471,24.710000000001063,0.999999999854501
2472,24.720000000001065,0.9999999998558095
2473,24.730000000001066,0.9999999998571061
2474,24.740000000001068,0.999999999858391
2475,24.75000000000107,0.9999999998596646
2476,24.76000000000107,0.9999999998609267
2477,24.770000000001072,0.9999999998621774
2478,24.780000000001074,0.9999999998634169
2479,24.790000000001076,0.9999999998646453
2480,24.800000000001077,0.9999999998658626
2481,24.81000000000108,0.999999999867069
2482,24.82000000000108,0.9999999998682646
2483,24.830000000001082,0.9999999998694494
2484,24.840000000001083,0.9999999998706237
2485,24.850000000001085,0.9999999998717873
2486,24.860000000001087,0.9999999998729405
2487,24.870000000001088,0.9999999998740834
2488,24.88000000000109,0.999999999875216
2489,24.89000000000109,0.9999999998763385
2490,24.900000000001093,0.9999999998774508
2491,24.910000000001094,0.9999999998785531
2492,24.920000000001096,0.9999999998796456
2493,24.930000000001098,0.9999999998807283
2494,24.9400000000011,0.9999999998818012
2495,24.9500000000011,0.9999999998828646
2496,24.960000000001102,0.9999999998839183
2497,24.970000000001104,0.9999999998849626
2498,24.980000000001105,0.9999999998859975
2499,24.990000000001107,0.9999999998870231
2500,25.00000000000111,0.9999999998880396
2501,25.01000000000111,0.9999999998890469
2502,25.02000000000111,0.9999999998900451
2503,25.030000000001113,0.9999999998910343
2504,25.040000000001115,0.9999999998920147
2505,25.050000000001116,0.9999999998929863
2506,25.060000000001118,0.9999999998939492
2507,25.07000000000112,0.9999999998949033
2508,25.08000000000112,0.999999999895849
2509,25.090000000001123,0.9999999998967861
2510,25.100000000001124,0.9999999998977148
2511,25.110000000001126,0.9999999998986352
2512,25.120000000001127,0.9999999998995474
2513,25.13000000000113,0.9999999999004512
2514,25.14000000000113,0.999999999901347
2515,25.150000000001132,0.9999999999022348
2516,25.160000000001133,0.9999999999031146
2517,25.170000000001135,0.9999999999039865
2518,25.180000000001137,0.9999999999048504
2519,25.190000000001138,0.9999999999057068
2520,25.20000000000114,0.9999999999065553
2521,25.21000000000114,0.9999999999073963
2522,25.220000000001143,0.9999999999082297
2523,25.230000000001144,0.9999999999090556
2524,25.240000000001146,0.9999999999098741
2525,25.250000000001148,0.9999999999106853
2526,25.26000000000115,0.9999999999114891
2527,25.27000000000115,0.9999999999122858
2528,25.280000000001152,0.9999999999130753
2529,25.290000000001154,0.9999999999138577
2530,25.300000000001155,0.999999999914633
2531,25.310000000001157,0.9999999999154013
2532,25.32000000000116,0.9999999999161628
2533,25.33000000000116,0.9999999999169175
2534,25.34000000000116,0.9999999999176654
2535,25.350000000001163,0.9999999999184065
2536,25.360000000001165,0.999999999919141
2537,25.370000000001166,0.9999999999198689
2538,25.380000000001168,0.9999999999205902
2539,25.39000000000117,0.9999999999213051
2540,25.40000000000117,0.9999999999220135
2541,25.410000000001173,0.9999999999227156
2542,25.420000000001174,0.9999999999234114
2543,25.430000000001176,0.9999999999241008
2544,25.440000000001177,0.9999999999247842
2545,25.45000000000118,0.9999999999254613
2546,25.46000000000118,0.9999999999261324
2547,25.470000000001182,0.9999999999267974
2548,25.480000000001183,0.9999999999274565
2549,25.490000000001185,0.9999999999281096
2550,25.500000000001187,0.999999999928757
2551,25.510000000001188,0.9999999999293984
2552,25.52000000000119,0.9999999999300341
2553,25.53000000000119,0.999999999930664
2554,25.540000000001193,0.9999999999312884
2555,25.550000000001194,0.9999999999319071
2556,25.560000000001196,0.9999999999325202
2557,25.570000000001198,0.9999999999331278
2558,25.5800000000012,0.99999999993373
2559,25.5900000000012,0.9999999999343268
2560,25.600000000001202,0.9999999999349182
2561,25.610000000001204,0.9999999999355043
2562,25.620000000001205,0.999999999936085
2563,25.630000000001207,0.9999999999366607
2564,25.64000000000121,0.9999999999372311
2565,25.65000000000121,0.9999999999377963
2566,25.66000000000121,0.9999999999383565
2567,25.670000000001213,0.9999999999389118
2568,25.680000000001215,0.9999999999394619
2569,25.690000000001216,0.9999999999400071
2570,25.700000000001218,0.9999999999405474
2571,25.71000000000122,0.9999999999410829
2572,25.72000000000122,0.9999999999416136
2573,25.730000000001223,0.9999999999421394
2574,25.740000000001224,0.9999999999426605
2575,25.750000000001226,0.999999999943177
2576,25.760000000001227,0.9999999999436888
2577,25.77000000000123,0.9999999999441961
2578,25.78000000000123,0.9999999999446988
2579,25.790000000001232,0.9999999999451968
2580,25.800000000001234,0.9999999999456906
2581,25.810000000001235,0.9999999999461797
2582,25.820000000001237,0.9999999999466646
2583,25.830000000001238,0.9999999999471451
2584,25.84000000000124,0.9999999999476212
2585,25.85000000000124,0.9999999999480931
2586,25.860000000001243,0.9999999999485607
2587,25.870000000001244,0.9999999999490241
2588,25.880000000001246,0.9999999999494833
2589,25.890000000001248,0.9999999999499384
2590,25.90000000000125,0.9999999999503895
2591,25.91000000000125,0.9999999999508364
2592,25.920000000001252,0.9999999999512793
2593,25.930000000001254,0.9999999999517183
2594,25.940000000001255,0.9999999999521533
2595,25.950000000001257,0.9999999999525844
2596,25.96000000000126,0.9999999999530116
2597,25.97000000000126,0.999999999953435
2598,25.98000000000126,0.9999999999538546
2599,25.990000000001263,0.9999999999542704
2600,26.000000000001265,0.9999999999546824
2601,26.010000000001266,0.9999999999550907
2602,26.020000000001268,0.9999999999554954
2603,26.03000000000127,0.9999999999558965
2604,26.04000000000127,0.9999999999562939
2605,26.050000000001273,0.9999999999566878
2606,26.060000000001274,0.999999999957078
2607,26.070000000001276,0.9999999999574648
2608,26.080000000001277,0.9999999999578482
2609,26.09000000000128,0.999999999958228
2610,26.10000000000128,0.9999999999586044
2611,26.110000000001282,0.9999999999589775
2612,26.120000000001284,0.9999999999593472
2613,26.130000000001285,0.9999999999597136
2614,26.140000000001287,0.9999999999600767
2615,26.150000000001288,0.9999999999604365
2616,26.16000000000129,0.999999999960793
2617,26.17000000000129,0.9999999999611464
2618,26.180000000001293,0.9999999999614967
2619,26.190000000001294,0.9999999999618436
2620,26.200000000001296,0.9999999999621876
2621,26.210000000001298,0.9999999999625284
2622,26.2200000000013,0.9999999999628661
2623,26.2300000000013,0.9999999999632009
2624,26.240000000001302,0.9999999999635326
2625,26.250000000001304,0.9999999999638614
2626,26.260000000001305,0.9999999999641871
2627,26.270000000001307,0.99999999996451
2628,26.28000000000131,0.9999999999648298
2629,26.29000000000131,0.9999999999651469
2630,26.30000000000131,0.9999999999654611
2631,26.310000000001313,0.9999999999657724
2632,26.320000000001315,0.999999999966081
2633,26.330000000001316,0.9999999999663868
2634,26.340000000001318,0.9999999999666898
2635,26.35000000000132,0.9999999999669901
2636,26.36000000000132,0.9999999999672877
2637,26.370000000001323,0.9999999999675826
2638,26.380000000001324,0.9999999999678749
2639,26.390000000001326,0.9999999999681646
2640,26.400000000001327,0.9999999999684516
2641,26.41000000000133,0.999999999968736
2642,26.42000000000133,0.9999999999690179
2643,26.430000000001332,0.9999999999692972
2644,26.440000000001334,0.9999999999695741
2645,26.450000000001335,0.9999999999698485
2646,26.460000000001337,0.9999999999701203
2647,26.47000000000134,0.9999999999703897
2648,26.48000000000134,0.9999999999706567
2649,26.49000000000134,0.9999999999709214
2650,26.500000000001343,0.9999999999711835
2651,26.510000000001344,0.9999999999714434
2652,26.520000000001346,0.9999999999717009
2653,26.530000000001348,0.9999999999719561
2654,26.54000000000135,0.999999999972209
2655,26.55000000000135,0.9999999999724596
2656,26.560000000001352,0.9999999999727079
2657,26.570000000001354,0.9999999999729541
2658,26.580000000001355,0.999999999973198
2659,26.590000000001357,0.9999999999734398
2660,26.60000000000136,0.9999999999736793
2661,26.61000000000136,0.9999999999739166
2662,26.62000000000136,0.9999999999741519
2663,26.630000000001363,0.999999999974385
2664,26.640000000001365,0.9999999999746161
2665,26.650000000001366,0.999999999974845
2666,26.660000000001368,0.9999999999750719
2667,26.67000000000137,0.9999999999752968
2668,26.68000000000137,0.9999999999755196
2669,26.690000000001373,0.9999999999757404
2670,26.700000000001374,0.9999999999759592
2671,26.710000000001376,0.9999999999761761
2672,26.720000000001377,0.999999999976391
2673,26.73000000000138,0.9999999999766039
2674,26.74000000000138,0.999999999976815
2675,26.750000000001382,0.9999999999770242
2676,26.760000000001384,0.9999999999772314
2677,26.770000000001385,0.9999999999774368
2678,26.780000000001387,0.9999999999776403
2679,26.79000000000139,0.9999999999778421
2680,26.80000000000139,0.999999999978042
2681,26.81000000000139,0.9999999999782401
2682,26.820000000001393,0.9999999999784364
2683,26.830000000001395,0.9999999999786309
2684,26.840000000001396,0.9999999999788237
2685,26.850000000001398,0.9999999999790148
2686,26.8600000000014,0.9999999999792041
2687,26.8700000000014,0.9999999999793917
2688,26.880000000001402,0.9999999999795777
2689,26.890000000001404,0.999999999979762
2690,26.900000000001405,0.9999999999799445
2691,26.910000000001407,0.9999999999801255
2692,26.92000000000141,0.9999999999803049
2693,26.93000000000141,0.9999999999804825
2694,26.94000000000141,0.9999999999806587
2695,26.950000000001413,0.9999999999808331
2696,26.960000000001415,0.9999999999810061
2697,26.970000000001416,0.9999999999811775
2698,26.980000000001418,0.9999999999813474
2699,26.99000000000142,0.9999999999815157
2700,27.00000000000142,0.9999999999816825
2701,27.010000000001423,0.9999999999818477
2702,27.020000000001424,0.9999999999820116
2703,27.030000000001426,0.9999999999821739
2704,27.040000000001427,0.9999999999823348
2705,27.05000000000143,0.9999999999824942
2706,27.06000000000143,0.9999999999826522
2707,27.070000000001432,0.9999999999828088
2708,27.080000000001434,0.999999999982964
2709,27.090000000001435,0.9999999999831177
2710,27.100000000001437,0.99999999998327
2711,27.11000000000144,0.999999999983421
2712,27.12000000000144,0.9999999999835707
2713,27.13000000000144,0.999999999983719
2714,27.140000000001443,0.9999999999838659
2715,27.150000000001445,0.9999999999840116
2716,27.160000000001446,0.9999999999841559
2717,27.170000000001448,0.9999999999842989
2718,27.18000000000145,0.9999999999844407
2719,27.19000000000145,0.9999999999845811
2720,27.200000000001452,0.9999999999847202
2721,27.210000000001454,0.9999999999848582
2722,27.220000000001455,0.9999999999849949
2723,27.230000000001457,0.9999999999851303
2724,27.24000000000146,0.9999999999852646
2725,27.25000000000146,0.9999999999853976
2726,27.26000000000146,0.9999999999855294
2727,27.270000000001463,0.99999999998566
2728,27.280000000001465,0.9999999999857895
2729,27.290000000001466,0.9999999999859178
2730,27.300000000001468,0.9999999999860449
2731,27.31000000000147,0.999999999986171
2732,27.32000000000147,0.9999999999862957
2733,27.330000000001473,0.9999999999864195
2734,27.340000000001474,0.9999999999865421
2735,27.350000000001476,0.9999999999866637
2736,27.360000000001477,0.999999999986784
2737,27.37000000000148,0.9999999999869034
2738,27.38000000000148,0.9999999999870216
2739,27.390000000001482,0.9999999999871388
2740,27.400000000001484,0.999999999987255
2741,27.410000000001485,0.99999999998737
2742,27.420000000001487,0.999999999987484
2743,27.43000000000149,0.999999999987597
2744,27.44000000000149,0.999999999987709
2745,27.45000000000149,0.9999999999878201
2746,27.460000000001493,0.99999999998793
2747,27.470000000001495,0.999999999988039
2748,27.480000000001496,0.999999999988147
2749,27.490000000001498,0.9999999999882541
2750,27.5000000000015,0.9999999999883602
2751,27.5100000000015,0.9999999999884652
2752,27.520000000001502,0.9999999999885695
2753,27.530000000001504,0.9999999999886727
2754,27.540000000001505,0.999999999988775
2755,27.550000000001507,0.9999999999888763
2756,27.56000000000151,0.9999999999889768
2757,27.57000000000151,0.9999999999890764
2758,27.58000000000151,0.999999999989175
2759,27.590000000001513,0.9999999999892728
2760,27.600000000001515,0.9999999999893697
2761,27.610000000001516,0.9999999999894656
2762,27.620000000001518,0.9999999999895609
2763,27.63000000000152,0.9999999999896552
2764,27.64000000000152,0.9999999999897485
2765,27.650000000001523,0.9999999999898411
2766,27.660000000001524,0.9999999999899329
2767,27.670000000001526,0.9999999999900239
2768,27.680000000001527,0.999999999990114
2769,27.69000000000153,0.9999999999902033
2770,27.70000000000153,0.9999999999902918
2771,27.710000000001532,0.9999999999903795
2772,27.720000000001534,0.9999999999904664
2773,27.730000000001535,0.9999999999905526
2774,27.740000000001537,0.9999999999906378
2775,27.75000000000154,0.9999999999907224
2776,27.76000000000154,0.9999999999908062
2777,27.77000000000154,0.9999999999908893
2778,27.780000000001543,0.9999999999909717
2779,27.790000000001545,0.9999999999910532
2780,27.800000000001546,0.999999999991134
2781,27.810000000001548,0.9999999999912141
2782,27.82000000000155,0.9999999999912935
2783,27.83000000000155,0.9999999999913721
2784,27.840000000001552,0.9999999999914501
2785,27.850000000001554,0.9999999999915273
2786,27.860000000001556,0.9999999999916039
2787,27.870000000001557,0.9999999999916798
2788,27.88000000000156,0.9999999999917549
2789,27.89000000000156,0.9999999999918294
2790,27.90000000000156,0.9999999999919033
2791,27.910000000001563,0.9999999999919764
2792,27.920000000001565,0.9999999999920489
2793,27.930000000001566,0.9999999999921207
2794,27.940000000001568,0.999999999992192
2795,27.95000000000157,0.9999999999922625
2796,27.96000000000157,0.9999999999923325
2797,27.970000000001573,0.9999999999924017
2798,27.980000000001574,0.9999999999924705
2799,27.990000000001576,0.9999999999925385
2800,28.000000000001577,0.9999999999926059
2801,28.01000000000158,0.9999999999926728
2802,28.02000000000158,0.9999999999927389
2803,28.030000000001582,0.9999999999928045
2804,28.040000000001584,0.9999999999928696
2805,28.050000000001585,0.9999999999929341
2806,28.060000000001587,0.9999999999929979
2807,28.07000000000159,0.9999999999930612
2808,28.08000000000159,0.999999999993124
2809,28.09000000000159,0.999999999993186
2810,28.100000000001593,0.9999999999932476
2811,28.110000000001595,0.9999999999933087
2812,28.120000000001596,0.9999999999933692
2813,28.130000000001598,0.999999999993429
2814,28.1400000000016,0.9999999999934884
2815,28.1500000000016,0.9999999999935474
2816,28.160000000001602,0.9999999999936057
2817,28.170000000001604,0.9999999999936635
2818,28.180000000001606,0.9999999999937207
2819,28.190000000001607,0.9999999999937775
2820,28.20000000000161,0.9999999999938337
2821,28.21000000000161,0.9999999999938894
2822,28.220000000001612,0.9999999999939447
2823,28.230000000001613,0.9999999999939995
2824,28.240000000001615,0.9999999999940538
2825,28.250000000001616,0.9999999999941075
2826,28.260000000001618,0.9999999999941608
2827,28.27000000000162,0.9999999999942135
2828,28.28000000000162,0.9999999999942658
2829,28.290000000001623,0.9999999999943177
2830,28.300000000001624,0.9999999999943691
2831,28.310000000001626,0.99999999999442
2832,28.320000000001627,0.9999999999944704
2833,28.33000000000163,0.9999999999945204
2834,28.34000000000163,0.99999999999457
2835,28.350000000001632,0.9999999999946191
2836,28.360000000001634,0.9999999999946677
2837,28.370000000001635,0.9999999999947159
2838,28.380000000001637,0.9999999999947637
2839,28.39000000000164,0.999999999994811
2840,28.40000000000164,0.999999999994858
2841,28.41000000000164,0.9999999999949045
2842,28.420000000001643,0.9999999999949506
2843,28.430000000001645,0.9999999999949962
2844,28.440000000001646,0.9999999999950414
2845,28.450000000001648,0.9999999999950863
2846,28.46000000000165,0.9999999999951308
2847,28.47000000000165,0.9999999999951747
2848,28.480000000001652,0.9999999999952184
2849,28.490000000001654,0.9999999999952617
2850,28.500000000001656,0.9999999999953045
2851,28.510000000001657,0.9999999999953469
2852,28.52000000000166,0.999999999995389
2853,28.53000000000166,0.9999999999954308
2854,28.540000000001662,0.9999999999954721
2855,28.550000000001663,0.999999999995513
2856,28.560000000001665,0.9999999999955536
2857,28.570000000001667,0.9999999999955939
2858,28.580000000001668,0.9999999999956337
2859,28.59000000000167,0.9999999999956731
2860,28.60000000000167,0.9999999999957123
2861,28.610000000001673,0.9999999999957511
2862,28.620000000001674,0.9999999999957895
2863,28.630000000001676,0.9999999999958276
2864,28.640000000001677,0.9999999999958653
2865,28.65000000000168,0.9999999999959027
2866,28.66000000000168,0.9999999999959398
2867,28.670000000001682,0.9999999999959766
2868,28.680000000001684,0.999999999996013
2869,28.690000000001685,0.9999999999960489
2870,28.700000000001687,0.9999999999960847
2871,28.71000000000169,0.9999999999961201
2872,28.72000000000169,0.9999999999961552
2873,28.73000000000169,0.99999999999619
2874,28.740000000001693,0.9999999999962245
2875,28.750000000001695,0.9999999999962587
2876,28.760000000001696,0.9999999999962925
2877,28.770000000001698,0.999999999996326
2878,28.7800000000017,0.9999999999963592
2879,28.7900000000017,0.9999999999963922
2880,28.800000000001702,0.9999999999964249
2881,28.810000000001704,0.9999999999964572
2882,28.820000000001706,0.9999999999964893
2883,28.830000000001707,0.999999999996521
2884,28.84000000000171,0.9999999999965525
2885,28.85000000000171,0.9999999999965837
2886,28.860000000001712,0.9999999999966146
2887,28.870000000001713,0.9999999999966452
2888,28.880000000001715,0.9999999999966755
2889,28.890000000001717,0.9999999999967056
2890,28.900000000001718,0.9999999999967355
2891,28.91000000000172,0.999999999996765
2892,28.92000000000172,0.9999999999967942
2893,28.930000000001723,0.9999999999968233
2894,28.940000000001724,0.9999999999968521
2895,28.950000000001726,0.9999999999968805
2896,28.960000000001727,0.9999999999969087
2897,28.97000000000173,0.9999999999969367
2898,28.98000000000173,0.9999999999969644
2899,28.990000000001732,0.999999999996992
2900,29.000000000001734,0.9999999999970192
2901,29.010000000001735,0.9999999999970461
2902,29.020000000001737,0.9999999999970729
2903,29.03000000000174,0.9999999999970993
2904,29.04000000000174,0.9999999999971256
2905,29.05000000000174,0.9999999999971516
2906,29.060000000001743,0.9999999999971774
2907,29.070000000001745,0.9999999999972029
2908,29.080000000001746,0.9999999999972282
2909,29.090000000001748,0.9999999999972533
2910,29.10000000000175,0.9999999999972782
2911,29.11000000000175,0.9999999999973028
2912,29.120000000001752,0.9999999999973272
2913,29.130000000001754,0.9999999999973515
2914,29.140000000001756,0.9999999999973754
2915,29.150000000001757,0.9999999999973992
2916,29.16000000000176,0.9999999999974227
2917,29.17000000000176,0.999999999997446
2918,29.180000000001762,0.9999999999974691
2919,29.190000000001763,0.999999999997492
2920,29.200000000001765,0.9999999999975148
2921,29.210000000001767,0.9999999999975373
2922,29.220000000001768,0.9999999999975595
2923,29.23000000000177,0.9999999999975816
2924,29.24000000000177,0.9999999999976036
2925,29.250000000001773,0.9999999999976252
2926,29.260000000001774,0.9999999999976468
2927,29.270000000001776,0.9999999999976681
2928,29.280000000001777,0.9999999999976892
2929,29.29000000000178,0.99999999999771
2930,29.30000000000178,0.9999999999977308
2931,29.310000000001782,0.9999999999977514
2932,29.320000000001784,0.9999999999977717
2933,29.330000000001785,0.9999999999977919
2934,29.340000000001787,0.9999999999978119
2935,29.35000000000179,0.9999999999978317
2936,29.36000000000179,0.9999999999978513
2937,29.37000000000179,0.9999999999978708
2938,29.380000000001793,0.99999999999789
2939,29.390000000001795,0.9999999999979091
2940,29.400000000001796,0.9999999999979281
2941,29.410000000001798,0.9999999999979469
2942,29.4200000000018,0.9999999999979654
2943,29.4300000000018,0.9999999999979838
2944,29.440000000001803,0.9999999999980022
2945,29.450000000001804,0.9999999999980203
2946,29.460000000001806,0.9999999999980381
2947,29.470000000001807,0.9999999999980559
2948,29.48000000000181,0.9999999999980735
2949,29.49000000000181,0.999999999998091
2950,29.500000000001812,0.9999999999981083
2951,29.510000000001813,0.9999999999981254
2952,29.520000000001815,0.9999999999981424
2953,29.530000000001817,0.9999999999981591
2954,29.540000000001818,0.9999999999981758
2955,29.55000000000182,0.9999999999981923
2956,29.56000000000182,0.9999999999982088
2957,29.570000000001823,0.999999999998225
2958,29.580000000001824,0.9999999999982411
2959,29.590000000001826,0.999999999998257
2960,29.600000000001828,0.9999999999982727
2961,29.61000000000183,0.9999999999982884
2962,29.62000000000183,0.9999999999983039
2963,29.630000000001832,0.9999999999983192
2964,29.640000000001834,0.9999999999983344
2965,29.650000000001835,0.9999999999983495
2966,29.660000000001837,0.9999999999983645
2967,29.67000000000184,0.9999999999983793
2968,29.68000000000184,0.9999999999983941
2969,29.69000000000184,0.9999999999984086
2970,29.700000000001843,0.9999999999984229
2971,29.710000000001845,0.9999999999984373
2972,29.720000000001846,0.9999999999984515
2973,29.730000000001848,0.9999999999984654
2974,29.74000000000185,0.9999999999984793
2975,29.75000000000185,0.9999999999984931
2976,29.760000000001853,0.9999999999985068
2977,29.770000000001854,0.9999999999985203
2978,29.780000000001856,0.9999999999985337
2979,29.790000000001857,0.9999999999985469
2980,29.80000000000186,0.9999999999985602
2981,29.81000000000186,0.9999999999985733
2982,29.820000000001862,0.9999999999985861
2983,29.830000000001863,0.9999999999985989
2984,29.840000000001865,0.9999999999986117
2985,29.850000000001867,0.9999999999986242
2986,29.860000000001868,0.9999999999986366
2987,29.87000000000187,0.999999999998649
2988,29.88000000000187,0.9999999999986613
2989,29.890000000001873,0.9999999999986734
2990,29.900000000001874,0.9999999999986854
2991,29.910000000001876,0.9999999999986974
2992,29.920000000001878,0.9999999999987091
2993,29.93000000000188,0.9999999999987208
2994,29.94000000000188,0.9999999999987325
2995,29.950000000001882,0.9999999999987439
2996,29.960000000001884,0.9999999999987553
2997,29.970000000001885,0.9999999999987665
2998,29.980000000001887,0.9999999999987778
2999,29.99000000000189,0.9999999999987889
3000,30.00000000000189,0.9999999999987997
3001,30.01000000000189,0.9999999999988106
3002,30.020000000001893,0.9999999999988215
3003,30.030000000001895,0.9999999999988322
3004,30.040000000001896,0.9999999999988427
3005,30.050000000001898,0.9999999999988533
3006,30.0600000000019,0.9999999999988636
3007,30.0700000000019,0.9999999999988739
3008,30.080000000001903,0.9999999999988841
3009,30.090000000001904,0.9999999999988942
3010,30.100000000001906,0.9999999999989042
3011,30.110000000001907,0.9999999999989142
3012,30.12000000000191,0.999999999998924
3013,30.13000000000191,0.9999999999989337
3014,30.140000000001912,0.9999999999989434
3015,30.150000000001913,0.999999999998953
3016,30.160000000001915,0.9999999999989625
3017,30.170000000001917,0.9999999999989719
3018,30.180000000001918,0.9999999999989813
3019,30.19000000000192,0.9999999999989905
3020,30.20000000000192,0.9999999999989996
3021,30.210000000001923,0.9999999999990087
3022,30.220000000001924,0.9999999999990177
3023,30.230000000001926,0.9999999999990266
3024,30.240000000001928,0.9999999999990353
3025,30.25000000000193,0.9999999999990441
3026,30.26000000000193,0.9999999999990528
3027,30.270000000001932,0.9999999999990614
3028,30.280000000001934,0.9999999999990699
3029,30.290000000001935,0.9999999999990783
3030,30.300000000001937,0.9999999999990866
3031,30.31000000000194,0.999999999999095
3032,30.32000000000194,0.9999999999991032
3033,30.33000000000194,0.9999999999991113
3034,30.340000000001943,0.9999999999991194
3035,30.350000000001945,0.9999999999991274
3036,30.360000000001946,0.9999999999991352
3037,30.370000000001948,0.9999999999991431
3038,30.38000000000195,0.9999999999991509
3039,30.39000000000195,0.9999999999991586
3040,30.400000000001953,0.9999999999991662
3041,30.410000000001954,0.9999999999991738
3042,30.420000000001956,0.9999999999991812
3043,30.430000000001957,0.9999999999991886
3044,30.44000000000196,0.999999999999196
3045,30.45000000000196,0.9999999999992033
3046,30.460000000001962,0.9999999999992105
3047,30.470000000001964,0.9999999999992177
3048,30.480000000001965,0.9999999999992247
3049,30.490000000001967,0.9999999999992318
3050,30.500000000001968,0.9999999999992387
3051,30.51000000000197,0.9999999999992457
3052,30.52000000000197,0.9999999999992525
3053,30.530000000001973,0.9999999999992593
3054,30.540000000001974,0.999999999999266
3055,30.550000000001976,0.9999999999992727
3056,30.560000000001978,0.9999999999992792
3057,30.57000000000198,0.9999999999992858
3058,30.58000000000198,0.9999999999992922
3059,30.590000000001982,0.9999999999992987
3060,30.600000000001984,0.999999999999305
3061,30.610000000001985,0.9999999999993113
3062,30.620000000001987,0.9999999999993177
3063,30.63000000000199,0.9999999999993238
3064,30.64000000000199,0.99999999999933
3065,30.65000000000199,0.999999999999336
3066,30.660000000001993,0.999999999999342
3067,30.670000000001995,0.999999999999348
3068,30.680000000001996,0.999999999999354
3069,30.690000000001998,0.9999999999993597
3070,30.700000000002,0.9999999999993656
3071,30.710000000002,0.9999999999993713
3072,30.720000000002003,0.999999999999377
3073,30.730000000002004,0.9999999999993827
3074,30.740000000002006,0.9999999999993883
3075,30.750000000002007,0.9999999999993938
3076,30.76000000000201,0.9999999999993994
3077,30.77000000000201,0.9999999999994048
3078,30.780000000002012,0.9999999999994101
3079,30.790000000002014,0.9999999999994156
3080,30.800000000002015,0.9999999999994208
3081,30.810000000002017,0.9999999999994261
3082,30.82000000000202,0.9999999999994313
3083,30.83000000000202,0.9999999999994365
3084,30.84000000000202,0.9999999999994416
3085,30.850000000002023,0.9999999999994467
3086,30.860000000002024,0.9999999999994517
3087,30.870000000002026,0.9999999999994567
3088,30.880000000002028,0.9999999999994615
3089,30.89000000000203,0.9999999999994664
3090,30.90000000000203,0.9999999999994713
3091,30.910000000002032,0.9999999999994761
3092,30.920000000002034,0.9999999999994809
3093,30.930000000002035,0.9999999999994855
3094,30.940000000002037,0.9999999999994902
3095,30.95000000000204,0.9999999999994948
3096,30.96000000000204,0.9999999999994994
3097,30.97000000000204,0.999999999999504
3098,30.980000000002043,0.9999999999995085
3099,30.990000000002045,0.999999999999513
3100,31.000000000002046,0.9999999999995174
3101,31.010000000002048,0.9999999999995217
3102,31.02000000000205,0.999999999999526
3103,31.03000000000205,0.9999999999995304
3104,31.040000000002053,0.9999999999995346
3105,31.050000000002054,0.9999999999995388
3106,31.060000000002056,0.999999999999543
3107,31.070000000002057,0.9999999999995471
3108,31.08000000000206,0.9999999999995512
3109,31.09000000000206,0.9999999999995554
3110,31.100000000002062,0.9999999999995594
3111,31.110000000002064,0.9999999999995633
3112,31.120000000002065,0.9999999999995673
3113,31.130000000002067,0.9999999999995712
3114,31.14000000000207,0.9999999999995751
3115,31.15000000000207,0.999999999999579
3116,31.16000000000207,0.9999999999995829
3117,31.170000000002073,0.9999999999995867
3118,31.180000000002075,0.9999999999995904
3119,31.190000000002076,0.9999999999995941
3120,31.200000000002078,0.9999999999995978
3121,31.21000000000208,0.9999999999996014
3122,31.22000000000208,0.9999999999996051
3123,31.230000000002082,0.9999999999996086
3124,31.240000000002084,0.9999999999996122
3125,31.250000000002085,0.9999999999996158
3126,31.260000000002087,0.9999999999996192
3127,31.27000000000209,0.9999999999996226
3128,31.28000000000209,0.9999999999996261
3129,31.29000000000209,0.9999999999996295
3130,31.300000000002093,0.9999999999996328
3131,31.310000000002095,0.9999999999996362
3132,31.320000000002096,0.9999999999996395
3133,31.330000000002098,0.9999999999996427
3134,31.3400000000021,0.999999999999646
3135,31.3500000000021,0.9999999999996492
3136,31.360000000002103,0.9999999999996524
3137,31.370000000002104,0.9999999999996555
3138,31.380000000002106,0.9999999999996587
3139,31.390000000002107,0.9999999999996617
3140,31.40000000000211,0.9999999999996648
3141,31.41000000000211,0.9999999999996679
3142,31.420000000002112,0.9999999999996709
3143,31.430000000002114,0.9999999999996739
3144,31.440000000002115,0.9999999999996768
3145,31.450000000002117,0.9999999999996798
3146,31.46000000000212,0.9999999999996827
3147,31.47000000000212,0.9999999999996856
3148,31.48000000000212,0.9999999999996885
3149,31.490000000002123,0.9999999999996912
3150,31.500000000002125,0.999999999999694
3151,31.510000000002126,0.9999999999996968
3152,31.520000000002128,0.9999999999996996
3153,31.53000000000213,0.9999999999997023
3154,31.54000000000213,0.999999999999705
3155,31.550000000002132,0.9999999999997077
3156,31.560000000002134,0.9999999999997103
3157,31.570000000002135,0.999999999999713
3158,31.580000000002137,0.9999999999997156
3159,31.59000000000214,0.9999999999997181
3160,31.60000000000214,0.9999999999997208
3161,31.61000000000214,0.9999999999997232
3162,31.620000000002143,0.9999999999997258
3163,31.630000000002145,0.9999999999997282
3164,31.640000000002146,0.9999999999997308
3165,31.650000000002148,0.9999999999997332
3166,31.66000000000215,0.9999999999997357
3167,31.67000000000215,0.999999999999738
3168,31.680000000002153,0.9999999999997404
3169,31.690000000002154,0.9999999999997428
3170,31.700000000002156,0.9999999999997451
3171,31.710000000002157,0.9999999999997474
3172,31.72000000000216,0.9999999999997496
3173,31.73000000000216,0.999999999999752
3174,31.740000000002162,0.9999999999997542
3175,31.750000000002164,0.9999999999997564
3176,31.760000000002165,0.9999999999997586
3177,31.770000000002167,0.9999999999997609
3178,31.78000000000217,0.999999999999763
3179,31.79000000000217,0.9999999999997652
3180,31.80000000000217,0.9999999999997673
3181,31.810000000002173,0.9999999999997694
3182,31.820000000002175,0.9999999999997715
3183,31.830000000002176,0.9999999999997736
3184,31.840000000002178,0.9999999999997756
3185,31.85000000000218,0.9999999999997777
3186,31.86000000000218,0.9999999999997797
3187,31.870000000002182,0.9999999999997817
3188,31.880000000002184,0.9999999999997837
3189,31.890000000002185,0.9999999999997856
3190,31.900000000002187,0.9999999999997876
3191,31.91000000000219,0.9999999999997895
3192,31.92000000000219,0.9999999999997914
3193,31.93000000000219,0.9999999999997934
3194,31.940000000002193,0.9999999999997952
3195,31.950000000002195,0.999999999999797
3196,31.960000000002196,0.9999999999997989
3197,31.970000000002198,0.9999999999998007
3198,31.9800000000022,0.9999999999998026
3199,31.9900000000022,0.9999999999998044
3200,32.0000000000022,0.9999999999998062
3201,32.0100000000022,0.9999999999998079
3202,32.0200000000022,0.9999999999998096
3203,32.0300000000022,0.9999999999998114
3204,32.040000000002195,0.999999999999813
3205,32.05000000000219,0.9999999999998148
3206,32.06000000000219,0.9999999999998165
3207,32.07000000000219,0.9999999999998181
3208,32.08000000000219,0.9999999999998198
3209,32.090000000002185,0.9999999999998214
3210,32.10000000000218,0.999999999999823
3211,32.11000000000218,0.9999999999998247
3212,32.12000000000218,0.9999999999998263
3213,32.13000000000218,0.9999999999998278
3214,32.140000000002175,0.9999999999998294
3215,32.15000000000217,0.9999999999998309
3216,32.16000000000217,0.9999999999998325
3217,32.17000000000217,0.999999999999834
3218,32.18000000000217,0.9999999999998355
3219,32.190000000002165,0.999999999999837
3220,32.20000000000216,0.9999999999998385
3221,32.21000000000216,0.9999999999998399
3222,32.22000000000216,0.9999999999998413
3223,32.23000000000216,0.9999999999998428
3224,32.240000000002155,0.9999999999998442
3225,32.25000000000215,0.9999999999998457
3226,32.26000000000215,0.9999999999998471
3227,32.27000000000215,0.9999999999998485
3228,32.28000000000215,0.9999999999998499
3229,32.290000000002145,0.9999999999998512
3230,32.30000000000214,0.9999999999998526
3231,32.31000000000214,0.9999999999998539
3232,32.32000000000214,0.9999999999998552
3233,32.33000000000214,0.9999999999998566
3234,32.340000000002135,0.9999999999998579
3235,32.35000000000213,0.9999999999998591
3236,32.36000000000213,0.9999999999998604
3237,32.37000000000213,0.9999999999998617
3238,32.38000000000213,0.999999999999863
3239,32.390000000002125,0.9999999999998642
3240,32.40000000000212,0.9999999999998654
3241,32.41000000000212,0.9999999999998667
3242,32.42000000000212,0.9999999999998679
3243,32.43000000000212,0.9999999999998691
3244,32.440000000002115,0.9999999999998702
3245,32.45000000000211,0.9999999999998714
3246,32.46000000000211,0.9999999999998727
3247,32.47000000000211,0.9999999999998738
3248,32.48000000000211,0.9999999999998749
3249,32.490000000002105,0.9999999999998761
3250,32.5000000000021,0.9999999999998772
3251,32.5100000000021,0.9999999999998783
3252,32.5200000000021,0.9999999999998794
3253,32.5300000000021,0.9999999999998805
3254,32.540000000002095,0.9999999999998815
3255,32.55000000000209,0.9999999999998826
3256,32.56000000000209,0.9999999999998838
3257,32.57000000000209,0.9999999999998848
3258,32.58000000000209,0.9999999999998859
3259,32.590000000002085,0.9999999999998869
3260,32.60000000000208,0.9999999999998879
3261,32.61000000000208,0.9999999999998889
3262,32.62000000000208,0.99999999999989
3263,32.63000000000208,0.999999999999891
3264,32.640000000002075,0.999999999999892
3265,32.65000000000207,0.9999999999998929
3266,32.66000000000207,0.9999999999998939
3267,32.67000000000207,0.9999999999998949
3268,32.68000000000207,0.9999999999998958
3269,32.690000000002065,0.9999999999998967
3270,32.70000000000206,0.9999999999998976
3271,32.71000000000206,0.9999999999998986
3272,32.72000000000206,0.9999999999998995
3273,32.73000000000206,0.9999999999999004
3274,32.740000000002055,0.9999999999999014
3275,32.75000000000205,0.9999999999999023
3276,32.76000000000205,0.9999999999999032
3277,32.77000000000205,0.9999999999999041
3278,32.78000000000205,0.9999999999999049
3279,32.790000000002046,0.9999999999999057
3280,32.80000000000204,0.9999999999999066
3281,32.81000000000204,0.9999999999999075
3282,32.82000000000204,0.9999999999999083
3283,32.83000000000204,0.9999999999999092
3284,32.840000000002036,0.99999999999991
3285,32.850000000002034,0.9999999999999107
3286,32.86000000000203,0.9999999999999116
3287,32.87000000000203,0.9999999999999124
3288,32.88000000000203,0.9999999999999132
3289,32.890000000002026,0.999999999999914
3290,32.900000000002024,0.9999999999999147
3291,32.91000000000202,0.9999999999999155
3292,32.92000000000202,0.9999999999999163
3293,32.93000000000202,0.9999999999999171
3294,32.940000000002016,0.9999999999999178
3295,32.950000000002014,0.9999999999999186
3296,32.96000000000201,0.9999999999999193
3297,32.97000000000201,0.9999999999999201
3298,32.98000000000201,0.9999999999999207
3299,32.990000000002006,0.9999999999999215
3300,33.000000000002004,0.9999999999999222
3301,33.010000000002,0.999999999999923
3302,33.020000000002,0.9999999999999236
3303,33.030000000002,0.9999999999999243
3304,33.040000000001996,0.9999999999999251
3305,33.050000000001994,0.9999999999999257
3306,33.06000000000199,0.9999999999999264
3307,33.07000000000199,0.9999999999999271
3308,33.08000000000199,0.9999999999999277
3309,33.090000000001986,0.9999999999999284
3310,33.100000000001984,0.9999999999999291
3311,33.11000000000198,0.9999999999999296
3312,33.12000000000198,0.9999999999999303
3313,33.13000000000198,0.9999999999999309
3314,33.140000000001976,0.9999999999999316
3315,33.150000000001974,0.9999999999999322
3316,33.16000000000197,0.9999999999999328
3317,33.17000000000197,0.9999999999999334
3318,33.18000000000197,0.999999999999934
3319,33.190000000001966,0.9999999999999346
3320,33.200000000001964,0.9999999999999352
3321,33.21000000000196,0.9999999999999358
3322,33.22000000000196,0.9999999999999364
3323,33.23000000000196,0.9999999999999369
3324,33.240000000001956,0.9999999999999375
3325,33.250000000001954,0.999999999999938
3326,33.26000000000195,0.9999999999999387
3327,33.27000000000195,0.9999999999999393
3328,33.28000000000195,0.9999999999999398
3329,33.290000000001946,0.9999999999999404
3330,33.300000000001944,0.9999999999999408
3331,33.31000000000194,0.9999999999999414
3332,33.32000000000194,0.9999999999999419
3333,33.33000000000194,0.9999999999999425
3334,33.340000000001936,0.999999999999943
3335,33.350000000001934,0.9999999999999435
3336,33.36000000000193,0.999999999999944
3337,33.37000000000193,0.9999999999999445
3338,33.38000000000193,0.999999999999945
3339,33.390000000001926,0.9999999999999455
3340,33.400000000001924,0.999999999999946
3341,33.41000000000192,0.9999999999999465
3342,33.42000000000192,0.999999999999947
3343,33.43000000000192,0.9999999999999475
3344,33.440000000001916,0.9999999999999479
3345,33.450000000001914,0.9999999999999485
3346,33.46000000000191,0.9999999999999489
3347,33.47000000000191,0.9999999999999494
3348,33.48000000000191,0.9999999999999498
3349,33.490000000001906,0.9999999999999503
3350,33.500000000001904,0.9999999999999507
3351,33.5100000000019,0.9999999999999512
3352,33.5200000000019,0.9999999999999516
3353,33.5300000000019,0.999999999999952
3354,33.540000000001896,0.9999999999999525
3355,33.550000000001894,0.9999999999999529
3356,33.56000000000189,0.9999999999999534
3357,33.57000000000189,0.9999999999999538
3358,33.58000000000189,0.9999999999999543
3359,33.590000000001886,0.9999999999999546
3360,33.600000000001884,0.999999999999955
3361,33.61000000000188,0.9999999999999555
3362,33.62000000000188,0.9999999999999559
3363,33.63000000000188,0.9999999999999563
3364,33.640000000001876,0.9999999999999567
3365,33.650000000001874,0.999999999999957
3366,33.66000000000187,0.9999999999999575
3367,33.67000000000187,0.9999999999999578
3368,33.68000000000187,0.9999999999999583
3369,33.69000000000187,0.9999999999999586
3370,33.700000000001864,0.999999999999959
3371,33.71000000000186,0.9999999999999594
3372,33.72000000000186,0.9999999999999597
3373,33.73000000000186,0.9999999999999601
3374,33.74000000000186,0.9999999999999605
3375,33.750000000001855,0.9999999999999608
3376,33.76000000000185,0.9999999999999611
3377,33.77000000000185,0.9999999999999615
3378,33.78000000000185,0.9999999999999619
3379,33.79000000000185,0.9999999999999623
3380,33.800000000001845,0.9999999999999626
3381,33.81000000000184,0.9999999999999629
3382,33.82000000000184,0.9999999999999633
3383,33.83000000000184,0.9999999999999636
3384,33.84000000000184,0.9999999999999639
3385,33.850000000001835,0.9999999999999643
3386,33.86000000000183,0.9999999999999646
3387,33.87000000000183,0.9999999999999649
3388,33.88000000000183,0.9999999999999653
3389,33.89000000000183,0.9999999999999655
3390,33.900000000001825,0.9999999999999658
3391,33.91000000000182,0.9999999999999661
3392,33.92000000000182,0.9999999999999665
3393,33.93000000000182,0.9999999999999668
3394,33.94000000000182,0.999999999999967
3395,33.950000000001815,0.9999999999999674
3396,33.96000000000181,0.9999999999999677
3397,33.97000000000181,0.9999999999999679
3398,33.98000000000181,0.9999999999999682
3399,33.99000000000181,0.9999999999999686
3400,34.000000000001805,0.9999999999999688
3401,34.0100000000018,0.9999999999999691
3402,34.0200000000018,0.9999999999999694
3403,34.0300000000018,0.9999999999999697
3404,34.0400000000018,0.9999999999999699
3405,34.050000000001795,0.9999999999999702
3406,34.06000000000179,0.9999999999999705
3407,34.07000000000179,0.9999999999999708
3408,34.08000000000179,0.999999999999971
3409,34.09000000000179,0.9999999999999712
3410,34.100000000001785,0.9999999999999716
3411,34.11000000000178,0.9999999999999718
3412,34.12000000000178,0.999999999999972
3413,34.13000000000178,0.9999999999999724
3414,34.14000000000178,0.9999999999999726
3415,34.150000000001775,0.9999999999999728
3416,34.16000000000177,0.999999999999973
3417,34.17000000000177,0.9999999999999734
3418,34.18000000000177,0.9999999999999736
3419,34.19000000000177,0.9999999999999738
3420,34.200000000001765,0.999999999999974
3421,34.21000000000176,0.9999999999999742
3422,34.22000000000176,0.9999999999999745
3423,34.23000000000176,0.9999999999999748
3424,34.24000000000176,0.999999999999975
3425,34.250000000001755,0.9999999999999752
3426,34.26000000000175,0.9999999999999755
3427,34.27000000000175,0.9999999999999757
3428,34.28000000000175,0.9999999999999759
3429,34.29000000000175,0.9999999999999761
3430,34.300000000001745,0.9999999999999764
3431,34.31000000000174,0.9999999999999766
3432,34.32000000000174,0.9999999999999767
3433,34.33000000000174,0.9999999999999769
3434,34.34000000000174,0.9999999999999771
3435,34.350000000001735,0.9999999999999774
3436,34.36000000000173,0.9999999999999776
3437,34.37000000000173,0.9999999999999778
3438,34.38000000000173,0.999999999999978
3439,34.39000000000173,0.9999999999999782
3440,34.400000000001725,0.9999999999999784
3441,34.41000000000172,0.9999999999999786
3442,34.42000000000172,0.9999999999999788
3443,34.43000000000172,0.999999999999979
3444,34.44000000000172,0.9999999999999791
3445,34.450000000001715,0.9999999999999793
3446,34.46000000000171,0.9999999999999796
3447,34.47000000000171,0.9999999999999797
3448,34.48000000000171,0.9999999999999799
3449,34.49000000000171,0.9999999999999801
3450,34.500000000001705,0.9999999999999802
3451,34.5100000000017,0.9999999999999805
3452,34.5200000000017,0.9999999999999807
3453,34.5300000000017,0.9999999999999808
3454,34.5400000000017,0.999999999999981
3455,34.550000000001695,0.9999999999999811
3456,34.56000000000169,0.9999999999999813
3457,34.57000000000169,0.9999999999999815
3458,34.58000000000169,0.9999999999999817
3459,34.59000000000169,0.9999999999999818
3460,34.600000000001685,0.999999999999982
3461,34.61000000000168,0.9999999999999821
3462,34.62000000000168,0.9999999999999823
3463,34.63000000000168,0.9999999999999825
3464,34.64000000000168,0.9999999999999827
3465,34.650000000001675,0.9999999999999828
3466,34.66000000000167,0.999999999999983
3467,34.67000000000167,0.9999999999999831
3468,34.68000000000167,0.9999999999999832
3469,34.69000000000167,0.9999999999999835
3470,34.700000000001666,0.9999999999999836
3471,34.71000000000166,0.9999999999999837
3472,34.72000000000166,0.9999999999999839
3473,34.73000000000166,0.999999999999984
3474,34.74000000000166,0.9999999999999841
3475,34.750000000001656,0.9999999999999843
3476,34.760000000001654,0.9999999999999845
3477,34.77000000000165,0.9999999999999846
3478,34.78000000000165,0.9999999999999848
3479,34.79000000000165,0.9999999999999849
3480,34.800000000001646,0.999999999999985
3481,34.810000000001644,0.9999999999999851
3482,34.82000000000164,0.9999999999999852
3483,34.83000000000164,0.9999999999999855
3484,34.84000000000164,0.9999999999999856
3485,34.850000000001636,0.9999999999999857
3486,34.860000000001634,0.9999999999999858
3487,34.87000000000163,0.9999999999999859
3488,34.88000000000163,0.9999999999999861
3489,34.89000000000163,0.9999999999999862
3490,34.900000000001626,0.9999999999999863
3491,34.910000000001624,0.9999999999999865
3492,34.92000000000162,0.9999999999999866
3493,34.93000000000162,0.9999999999999867
3494,34.94000000000162,0.9999999999999868
3495,34.950000000001616,0.9999999999999869
3496,34.960000000001614,0.999999999999987
3497,34.97000000000161,0.9999999999999871
3498,34.98000000000161,0.9999999999999873
3499,34.99000000000161,0.9999999999999875
3500,35.000000000001606,0.9999999999999876
3501,35.010000000001604,0.9999999999999877
3502,35.0200000000016,0.9999999999999878
3503,35.0300000000016,0.9999999999999879
3504,35.0400000000016,0.999999999999988
3505,35.050000000001596,0.9999999999999881
3506,35.060000000001594,0.9999999999999882
3507,35.07000000000159,0.9999999999999883
3508,35.08000000000159,0.9999999999999885
3509,35.09000000000159,0.9999999999999885
3510,35.100000000001586,0.9999999999999886
3511,35.110000000001584,0.9999999999999887
3512,35.12000000000158,0.9999999999999888
3513,35.13000000000158,0.9999999999999889
3514,35.14000000000158,0.999999999999989
3515,35.150000000001576,0.9999999999999891
3516,35.160000000001574,0.9999999999999892
3517,35.17000000000157,0.9999999999999893
3518,35.18000000000157,0.9999999999999895
3519,35.19000000000157,0.9999999999999896
3520,35.200000000001566,0.9999999999999896
3521,35.210000000001564,0.9999999999999897
3522,35.22000000000156,0.9999999999999898
3523,35.23000000000156,0.9999999999999899
3524,35.24000000000156,0.99999999999999
3525,35.250000000001556,0.9999999999999901
3526,35.260000000001554,0.9999999999999901
3527,35.27000000000155,0.9999999999999902
3528,35.28000000000155,0.9999999999999903
3529,35.29000000000155,0.9999999999999905
3530,35.300000000001546,0.9999999999999906
3531,35.310000000001544,0.9999999999999906
3532,35.32000000000154,0.9999999999999907
3533,35.33000000000154,0.9999999999999908
3534,35.34000000000154,0.9999999999999909
3535,35.350000000001536,0.9999999999999909
3536,35.360000000001534,0.999999999999991
3537,35.37000000000153,0.9999999999999911
3538,35.38000000000153,0.9999999999999912
3539,35.39000000000153,0.9999999999999912
3540,35.400000000001526,0.9999999999999913
3541,35.410000000001524,0.9999999999999915
3542,35.42000000000152,0.9999999999999916
3543,35.43000000000152,0.9999999999999916
3544,35.44000000000152,0.9999999999999917
3545,35.450000000001516,0.9999999999999918
3546,35.460000000001514,0.9999999999999918
3547,35.47000000000151,0.9999999999999919
3548,35.48000000000151,0.999999999999992
3549,35.49000000000151,0.999999999999992
3550,35.500000000001506,0.9999999999999921
3551,35.510000000001504,0.9999999999999922
3552,35.5200000000015,0.9999999999999922
3553,35.5300000000015,0.9999999999999923
3554,35.5400000000015,0.9999999999999923
3555,35.550000000001496,0.9999999999999925
3556,35.560000000001494,0.9999999999999926
3557,35.57000000000149,0.9999999999999926
3558,35.58000000000149,0.9999999999999927
3559,35.59000000000149,0.9999999999999928
3560,35.60000000000149,0.9999999999999928
3561,35.610000000001484,0.9999999999999929
3562,35.62000000000148,0.9999999999999929
3563,35.63000000000148,0.999999999999993
3564,35.64000000000148,0.999999999999993
3565,35.65000000000148,0.9999999999999931
3566,35.660000000001475,0.9999999999999932
3567,35.67000000000147,0.9999999999999932
3568,35.68000000000147,0.9999999999999933
3569,35.69000000000147,0.9999999999999933
3570,35.70000000000147,0.9999999999999934
3571,35.710000000001465,0.9999999999999934
3572,35.72000000000146,0.9999999999999936
3573,35.73000000000146,0.9999999999999936
3574,35.74000000000146,0.9999999999999937
3575,35.75000000000146,0.9999999999999937
3576,35.760000000001455,0.9999999999999938
3577,35.77000000000145,0.9999999999999938
3578,35.78000000000145,0.9999999999999939
3579,35.79000000000145,0.999999999999994
3580,35.80000000000145,0.999999999999994
3581,35.810000000001445,0.999999999999994
3582,35.82000000000144,0.9999999999999941
3583,35.83000000000144,0.9999999999999941
3584,35.84000000000144,0.9999999999999942
3585,35.85000000000144,0.9999999999999942
3586,35.860000000001435,0.9999999999999943
3587,35.87000000000143,0.9999999999999943
3588,35.88000000000143,0.9999999999999944
3589,35.89000000000143,0.9999999999999944
3590,35.90000000000143,0.9999999999999946
3591,35.910000000001425,0.9999999999999946
3592,35.92000000000142,0.9999999999999947
3593,35.93000000000142,0.9999999999999947
3594,35.94000000000142,0.9999999999999948
3595,35.95000000000142,0.9999999999999948
3596,35.960000000001415,0.9999999999999948
3597,35.97000000000141,0.9999999999999949
3598,35.98000000000141,0.9999999999999949
3599,35.99000000000141,0.999999999999995
3600,36.00000000000141,0.999999999999995
3601,36.010000000001405,0.999999999999995
3602,36.0200000000014,0.9999999999999951
3603,36.0300000000014,0.9999999999999951
3604,36.0400000000014,0.9999999999999952
3605,36.0500000000014,0.9999999999999952
3606,36.060000000001395,0.9999999999999952
3607,36.07000000000139,0.9999999999999953
3608,36.08000000000139,0.9999999999999953
3609,36.09000000000139,0.9999999999999954
3610,36.10000000000139,0.9999999999999954
3611,36.110000000001385,0.9999999999999954
3612,36.12000000000138,0.9999999999999956
3613,36.13000000000138,0.9999999999999956
3614,36.14000000000138,0.9999999999999956
3615,36.15000000000138,0.9999999999999957
3616,36.160000000001375,0.9999999999999957
3617,36.17000000000137,0.9999999999999958
3618,36.18000000000137,0.9999999999999958
3619,36.19000000000137,0.9999999999999958
3620,36.20000000000137,0.9999999999999959
3621,36.210000000001365,0.9999999999999959
3622,36.22000000000136,0.9999999999999959
3623,36.23000000000136,0.999999999999996
3624,36.24000000000136,0.999999999999996
3625,36.25000000000136,0.999999999999996
3626,36.260000000001355,0.9999999999999961
3627,36.27000000000135,0.9999999999999961
3628,36.28000000000135,0.9999999999999961
3629,36.29000000000135,0.9999999999999962
3630,36.30000000000135,0.9999999999999962
3631,36.310000000001345,0.9999999999999962
3632,36.32000000000134,0.9999999999999962
3633,36.33000000000134,0.9999999999999963
3634,36.34000000000134,0.9999999999999963
3635,36.35000000000134,0.9999999999999963
3636,36.360000000001335,0.9999999999999964
3637,36.37000000000133,0.9999999999999964
3638,36.38000000000133,0.9999999999999964
3639,36.39000000000133,0.9999999999999966
3640,36.40000000000133,0.9999999999999966
3641,36.410000000001325,0.9999999999999966
3642,36.42000000000132,0.9999999999999966
3643,36.43000000000132,0.9999999999999967
3644,36.44000000000132,0.9999999999999967
3645,36.45000000000132,0.9999999999999967
3646,36.460000000001315,0.9999999999999968
3647,36.47000000000131,0.9999999999999968
3648,36.48000000000131,0.9999999999999968
3649,36.49000000000131,0.9999999999999968
3650,36.50000000000131,0.9999999999999969
3651,36.510000000001305,0.9999999999999969
3652,36.5200000000013,0.9999999999999969
3653,36.5300000000013,0.9999999999999969
3654,36.5400000000013,0.999999999999997
3655,36.5500000000013,0.999999999999997
3656,36.560000000001295,0.999999999999997
3657,36.57000000000129,0.999999999999997
3658,36.58000000000129,0.9999999999999971
3659,36.59000000000129,0.9999999999999971
3660,36.60000000000129,0.9999999999999971
3661,36.610000000001286,0.9999999999999971
3662,36.62000000000128,0.9999999999999972
3663,36.63000000000128,0.9999999999999972
3664,36.64000000000128,0.9999999999999972
3665,36.65000000000128,0.9999999999999972
3666,36.660000000001276,0.9999999999999972
3667,36.670000000001274,0.9999999999999973
3668,36.68000000000127,0.9999999999999973
3669,36.69000000000127,0.9999999999999973
3670,36.70000000000127,0.9999999999999973
3671,36.710000000001266,0.9999999999999974
3672,36.720000000001264,0.9999999999999974
3673,36.73000000000126,0.9999999999999974
3674,36.74000000000126,0.9999999999999974
3675,36.75000000000126,0.9999999999999974
3676,36.760000000001256,0.9999999999999976
3677,36.770000000001254,0.9999999999999976
3678,36.78000000000125,0.9999999999999976
3679,36.79000000000125,0.9999999999999976
3680,36.80000000000125,0.9999999999999976
3681,36.810000000001246,0.9999999999999977
3682,36.820000000001244,0.9999999999999977
3683,36.83000000000124,0.9999999999999977
3684,36.84000000000124,0.9999999999999977
3685,36.85000000000124,0.9999999999999977
3686,36.860000000001236,0.9999999999999978
3687,36.870000000001234,0.9999999999999978
3688,36.88000000000123,0.9999999999999978
3689,36.89000000000123,0.9999999999999978
3690,36.90000000000123,0.9999999999999978
3691,36.910000000001226,0.9999999999999978
3692,36.920000000001224,0.9999999999999979
3693,36.93000000000122,0.9999999999999979
3694,36.94000000000122,0.9999999999999979
3695,36.95000000000122,0.9999999999999979
3696,36.960000000001216,0.9999999999999979
3697,36.970000000001214,0.999999999999998
3698,36.98000000000121,0.999999999999998
3699,36.99000000000121,0.999999999999998
3700,37.00000000000121,0.999999999999998
3701,37.010000000001206,0.999999999999998
3702,37.020000000001204,0.999999999999998
3703,37.0300000000012,0.9999999999999981
3704,37.0400000000012,0.9999999999999981
3705,37.0500000000012,0.9999999999999981
3706,37.060000000001196,0.9999999999999981
3707,37.070000000001194,0.9999999999999981
3708,37.08000000000119,0.9999999999999981
3709,37.09000000000119,0.9999999999999981
3710,37.10000000000119,0.9999999999999982
3711,37.110000000001186,0.9999999999999982
3712,37.120000000001184,0.9999999999999982
3713,37.13000000000118,0.9999999999999982
3714,37.14000000000118,0.9999999999999982
3715,37.15000000000118,0.9999999999999982
3716,37.160000000001176,0.9999999999999982
3717,37.170000000001174,0.9999999999999983
3718,37.18000000000117,0.9999999999999983
3719,37.19000000000117,0.9999999999999983
3720,37.20000000000117,0.9999999999999983
3721,37.210000000001166,0.9999999999999983
3722,37.220000000001164,0.9999999999999983
3723,37.23000000000116,0.9999999999999983
3724,37.24000000000116,0.9999999999999984
3725,37.25000000000116,0.9999999999999984
3726,37.260000000001156,0.9999999999999984
3727,37.270000000001154,0.9999999999999984
3728,37.28000000000115,0.9999999999999984
3729,37.29000000000115,0.9999999999999984
3730,37.30000000000115,0.9999999999999984
3731,37.310000000001146,0.9999999999999984
3732,37.320000000001144,0.9999999999999986
3733,37.33000000000114,0.9999999999999986
3734,37.34000000000114,0.9999999999999986
3735,37.35000000000114,0.9999999999999986
3736,37.360000000001136,0.9999999999999986
3737,37.370000000001134,0.9999999999999986
3738,37.38000000000113,0.9999999999999986
3739,37.39000000000113,0.9999999999999986
3740,37.40000000000113,0.9999999999999987
3741,37.410000000001126,0.9999999999999987
3742,37.420000000001124,0.9999999999999987
3743,37.43000000000112,0.9999999999999987
3744,37.44000000000112,0.9999999999999987
3745,37.45000000000112,0.9999999999999987
3746,37.460000000001116,0.9999999999999987
3747,37.470000000001114,0.9999999999999987
3748,37.48000000000111,0.9999999999999987
3749,37.49000000000111,0.9999999999999988
3750,37.50000000000111,0.9999999999999988
3751,37.51000000000111,0.9999999999999988
3752,37.520000000001104,0.9999999999999988
3753,37.5300000000011,0.9999999999999988
3754,37.5400000000011,0.9999999999999988
3755,37.5500000000011,0.9999999999999988
3756,37.5600000000011,0.9999999999999988
3757,37.570000000001095,0.9999999999999988
3758,37.58000000000109,0.9999999999999988
3759,37.59000000000109,0.9999999999999989
3760,37.60000000000109,0.9999999999999989
3761,37.61000000000109,0.9999999999999989
3762,37.620000000001085,0.9999999999999989
3763,37.63000000000108,0.9999999999999989
3764,37.64000000000108,0.9999999999999989
3765,37.65000000000108,0.9999999999999989
3766,37.66000000000108,0.9999999999999989
3767,37.670000000001075,0.9999999999999989
3768,37.68000000000107,0.9999999999999989
3769,37.69000000000107,0.9999999999999989
3770,37.70000000000107,0.999999999999999
3771,37.71000000000107,0.999999999999999
3772,37.720000000001065,0.999999999999999
3773,37.73000000000106,0.999999999999999
3774,37.74000000000106,0.999999999999999
3775,37.75000000000106,0.999999999999999
3776,37.76000000000106,0.999999999999999
3777,37.770000000001055,0.999999999999999
3778,37.78000000000105,0.999999999999999
3779,37.79000000000105,0.999999999999999
3780,37.80000000000105,0.999999999999999
3781,37.81000000000105,0.999999999999999
3782,37.820000000001045,0.9999999999999991
3783,37.83000000000104,0.9999999999999991
3784,37.84000000000104,0.9999999999999991
3785,37.85000000000104,0.9999999999999991
3786,37.86000000000104,0.9999999999999991
3787,37.870000000001035,0.9999999999999991
3788,37.88000000000103,0.9999999999999991
3789,37.89000000000103,0.9999999999999991
3790,37.90000000000103,0.9999999999999991
3791,37.91000000000103,0.9999999999999991
3792,37.920000000001025,0.9999999999999991
3793,37.93000000000102,0.9999999999999991
3794,37.94000000000102,0.9999999999999991
3795,37.95000000000102,0.9999999999999991
3796,37.96000000000102,0.9999999999999992
3797,37.970000000001015,0.9999999999999992
3798,37.98000000000101,0.9999999999999992
3799,37.99000000000101,0.9999999999999992
3800,38.00000000000101,0.9999999999999992
3801,38.01000000000101,0.9999999999999992
3802,38.020000000001005,0.9999999999999992
3803,38.030000000001,0.9999999999999992
3804,38.040000000001,0.9999999999999992
3805,38.050000000001,0.9999999999999992
3806,38.060000000001,0.9999999999999992
3807,38.070000000000995,0.9999999999999992
3808,38.08000000000099,0.9999999999999992
3809,38.09000000000099,0.9999999999999992
3810,38.10000000000099,0.9999999999999992
3811,38.11000000000099,0.9999999999999993
3812,38.120000000000985,0.9999999999999993
3813,38.13000000000098,0.9999999999999993
3814,38.14000000000098,0.9999999999999993
3815,38.15000000000098,0.9999999999999993
3816,38.16000000000098,0.9999999999999993
3817,38.170000000000975,0.9999999999999993
3818,38.18000000000097,0.9999999999999993
3819,38.19000000000097,0.9999999999999993
3820,38.20000000000097,0.9999999999999993
3821,38.21000000000097,0.9999999999999993
3822,38.220000000000965,0.9999999999999993
3823,38.23000000000096,0.9999999999999993
3824,38.24000000000096,0.9999999999999993
3825,38.25000000000096,0.9999999999999993
3826,38.26000000000096,0.9999999999999993
3827,38.270000000000955,0.9999999999999993
3828,38.28000000000095,0.9999999999999993
3829,38.29000000000095,0.9999999999999994
3830,38.30000000000095,0.9999999999999994
3831,38.31000000000095,0.9999999999999994
3832,38.320000000000945,0.9999999999999994
3833,38.33000000000094,0.9999999999999994
3834,38.34000000000094,0.9999999999999994
3835,38.35000000000094,0.9999999999999994
3836,38.36000000000094,0.9999999999999994
3837,38.370000000000935,0.9999999999999994
3838,38.38000000000093,0.9999999999999994
3839,38.39000000000093,0.9999999999999994
3840,38.40000000000093,0.9999999999999994
3841,38.41000000000093,0.9999999999999994
3842,38.420000000000925,0.9999999999999994
3843,38.43000000000092,0.9999999999999994
3844,38.44000000000092,0.9999999999999994
3845,38.45000000000092,0.9999999999999994
3846,38.46000000000092,0.9999999999999994
3847,38.470000000000915,0.9999999999999994
3848,38.48000000000091,0.9999999999999994
3849,38.49000000000091,0.9999999999999994
3850,38.50000000000091,0.9999999999999994
3851,38.51000000000091,0.9999999999999996
3852,38.520000000000906,0.9999999999999996
3853,38.5300000000009,0.9999999999999996
3854,38.5400000000009,0.9999999999999996
3855,38.5500000000009,0.9999999999999996
3856,38.5600000000009,0.9999999999999996
3857,38.570000000000896,0.9999999999999996
3858,38.580000000000894,0.9999999999999996
3859,38.59000000000089,0.9999999999999996
3860,38.60000000000089,0.9999999999999996
3861,38.61000000000089,0.9999999999999996
3862,38.620000000000886,0.9999999999999996
3863,38.630000000000884,0.9999999999999996
3864,38.64000000000088,0.9999999999999996
3865,38.65000000000088,0.9999999999999996
3866,38.66000000000088,0.9999999999999996
3867,38.670000000000876,0.9999999999999996
3868,38.680000000000874,0.9999999999999996
3869,38.69000000000087,0.9999999999999996
3870,38.70000000000087,0.9999999999999996
3871,38.71000000000087,0.9999999999999996
3872,38.720000000000866,0.9999999999999996
3873,38.730000000000864,0.9999999999999996
3874,38.74000000000086,0.9999999999999996
3875,38.75000000000086,0.9999999999999996
3876,38.76000000000086,0.9999999999999996
3877,38.770000000000856,0.9999999999999996
3878,38.780000000000854,0.9999999999999997
3879,38.79000000000085,0.9999999999999997
3880,38.80000000000085,0.9999999999999997
3881,38.81000000000085,0.9999999999999997
3882,38.820000000000846,0.9999999999999997
3883,38.830000000000844,0.9999999999999997
3884,38.84000000000084,0.9999999999999997
3885,38.85000000000084,0.9999999999999997
3886,38.86000000000084,0.9999999999999997
3887,38.870000000000836,0.9999999999999997
3888,38.880000000000834,0.9999999999999997
3889,38.89000000000083,0.9999999999999997
3890,38.90000000000083,0.9999999999999997
3891,38.91000000000083,0.9999999999999997
3892,38.920000000000826,0.9999999999999997
3893,38.930000000000824,0.9999999999999997
3894,38.94000000000082,0.9999999999999997
3895,38.95000000000082,0.9999999999999997
3896,38.96000000000082,0.9999999999999997
3897,38.970000000000816,0.9999999999999997
3898,38.980000000000814,0.9999999999999997
3899,38.99000000000081,0.9999999999999997
3900,39.00000000000081,0.9999999999999997
3901,39.01000000000081,0.9999999999999997
3902,39.020000000000806,0.9999999999999997
3903,39.030000000000804,0.9999999999999997
3904,39.0400000000008,0.9999999999999997
3905,39.0500000000008,0.9999999999999997
3906,39.0600000000008,0.9999999999999997
3907,39.070000000000796,0.9999999999999997
3908,39.080000000000794,0.9999999999999997
3909,39.09000000000079,0.9999999999999997
3910,39.10000000000079,0.9999999999999997
3911,39.11000000000079,0.9999999999999997
3912,39.120000000000786,0.9999999999999997
3913,39.130000000000784,0.9999999999999997
3914,39.14000000000078,0.9999999999999997
3915,39.15000000000078,0.9999999999999998
3916,39.16000000000078,0.9999999999999998
3917,39.170000000000776,0.9999999999999998
3918,39.180000000000774,0.9999999999999998
3919,39.19000000000077,0.9999999999999998
3920,39.20000000000077,0.9999999999999998
3921,39.21000000000077,0.9999999999999998
3922,39.220000000000766,0.9999999999999998
3923,39.230000000000764,0.9999999999999998
3924,39.24000000000076,0.9999999999999998
3925,39.25000000000076,0.9999999999999998
3926,39.26000000000076,0.9999999999999998
3927,39.270000000000756,0.9999999999999998
3928,39.280000000000754,0.9999999999999998
3929,39.29000000000075,0.9999999999999998
3930,39.30000000000075,0.9999999999999998
3931,39.31000000000075,0.9999999999999998
3932,39.320000000000746,0.9999999999999998
3933,39.330000000000744,0.9999999999999998
3934,39.34000000000074,0.9999999999999998
3935,39.35000000000074,0.9999999999999998
3936,39.36000000000074,0.9999999999999998
3937,39.370000000000736,0.9999999999999998
3938,39.380000000000734,0.9999999999999998
3939,39.39000000000073,0.9999999999999998
3940,39.40000000000073,0.9999999999999998
3941,39.41000000000073,0.9999999999999998
3942,39.42000000000073,0.9999999999999998
3943,39.430000000000724,0.9999999999999998
3944,39.44000000000072,0.9999999999999998
3945,39.45000000000072,0.9999999999999998
3946,39.46000000000072,0.9999999999999998
3947,39.47000000000072,0.9999999999999998
3948,39.480000000000715,0.9999999999999998
3949,39.49000000000071,0.9999999999999998
3950,39.50000000000071,0.9999999999999998
3951,39.51000000000071,0.9999999999999998
3952,39.52000000000071,0.9999999999999998
3953,39.530000000000705,0.9999999999999998
3954,39.5400000000007,0.9999999999999998
3955,39.5500000000007,0.9999999999999998
3956,39.5600000000007,0.9999999999999998
3957,39.5700000000007,0.9999999999999998
3958,39.580000000000695,0.9999999999999998
3959,39.59000000000069,0.9999999999999998
3960,39.60000000000069,0.9999999999999998
3961,39.61000000000069,0.9999999999999998
3962,39.62000000000069,0.9999999999999998
3963,39.630000000000685,0.9999999999999998
3964,39.64000000000068,0.9999999999999998
3965,39.65000000000068,0.9999999999999998
3966,39.66000000000068,0.9999999999999998
3967,39.67000000000068,0.9999999999999998
3968,39.680000000000675,0.9999999999999998
3969,39.69000000000067,0.9999999999999998
3970,39.70000000000067,0.9999999999999999
3971,39.71000000000067,0.9999999999999999
3972,39.72000000000067,0.9999999999999999
3973,39.730000000000665,0.9999999999999999
3974,39.74000000000066,0.9999999999999999
3975,39.75000000000066,0.9999999999999999
3976,39.76000000000066,0.9999999999999999
3977,39.77000000000066,0.9999999999999999
3978,39.780000000000655,0.9999999999999999
3979,39.79000000000065,0.9999999999999999
3980,39.80000000000065,0.9999999999999999
3981,39.81000000000065,0.9999999999999999
3982,39.82000000000065,0.9999999999999999
3983,39.830000000000645,0.9999999999999999
3984,39.84000000000064,0.9999999999999999
3985,39.85000000000064,0.9999999999999999
3986,39.86000000000064,0.9999999999999999
3987,39.87000000000064,0.9999999999999999
3988,39.880000000000635,0.9999999999999999
3989,39.89000000000063,0.9999999999999999
3990,39.90000000000063,0.9999999999999999
3991,39.91000000000063,0.9999999999999999
3992,39.92000000000063,0.9999999999999999
3993,39.930000000000625,0.9999999999999999
3994,39.94000000000062,0.9999999999999999
3995,39.95000000000062,0.9999999999999999
3996,39.96000000000062,0.9999999999999999
3997,39.97000000000062,0.9999999999999999
3998,39.980000000000615,0.9999999999999999
3999,39.99000000000061,0.9999999999999999
4000,40.00000000000061,0.9999999999999999
4001,40.01000000000061,0.9999999999999999
4002,40.02000000000061,0.9999999999999999
4003,40.030000000000605,0.9999999999999999
4004,40.0400000000006,0.9999999999999999
4005,40.0500000000006,0.9999999999999999
4006,40.0600000000006,0.9999999999999999
4007,40.0700000000006,0.9999999999999999
4008,40.080000000000595,0.9999999999999999
4009,40.09000000000059,0.9999999999999999
4010,40.10000000000059,0.9999999999999999
4011,40.11000000000059,0.9999999999999999
4012,40.12000000000059,0.9999999999999999
4013,40.130000000000585,0.9999999999999999
4014,40.14000000000058,0.9999999999999999
4015,40.15000000000058,0.9999999999999999
4016,40.16000000000058,0.9999999999999999
4017,40.17000000000058,0.9999999999999999
4018,40.180000000000575,0.9999999999999999
4019,40.19000000000057,0.9999999999999999
4020,40.20000000000057,0.9999999999999999
4021,40.21000000000057,0.9999999999999999
4022,40.22000000000057,0.9999999999999999
4023,40.230000000000565,0.9999999999999999
4024,40.24000000000056,0.9999999999999999
4025,40.25000000000056,0.9999999999999999
4026,40.26000000000056,0.9999999999999999
4027,40.27000000000056,0.9999999999999999
4028,40.280000000000555,0.9999999999999999
4029,40.29000000000055,0.9999999999999999
4030,40.30000000000055,0.9999999999999999
4031,40.31000000000055,0.9999999999999999
4032,40.32000000000055,0.9999999999999999
4033,40.330000000000545,0.9999999999999999
4034,40.34000000000054,0.9999999999999999
4035,40.35000000000054,0.9999999999999999
4036,40.36000000000054,0.9999999999999999
4037,40.37000000000054,0.9999999999999999
4038,40.380000000000535,0.9999999999999999
4039,40.39000000000053,0.9999999999999999
4040,40.40000000000053,0.9999999999999999
4041,40.41000000000053,0.9999999999999999
4042,40.42000000000053,0.9999999999999999
4043,40.430000000000526,0.9999999999999999
4044,40.44000000000052,0.9999999999999999
4045,40.45000000000052,0.9999999999999999
4046,40.46000000000052,0.9999999999999999
4047,40.47000000000052,0.9999999999999999
4048,40.480000000000516,0.9999999999999999
4049,40.490000000000514,0.9999999999999999
4050,40.50000000000051,0.9999999999999999
4051,40.51000000000051,0.9999999999999999
4052,40.52000000000051,0.9999999999999999
4053,40.530000000000506,0.9999999999999999
4054,40.540000000000504,0.9999999999999999
4055,40.5500000000005,0.9999999999999999
4056,40.5600000000005,0.9999999999999999
4057,40.5700000000005,0.9999999999999999
4058,40.580000000000496,0.9999999999999999
4059,40.590000000000494,0.9999999999999999
4060,40.60000000000049,0.9999999999999999
4061,40.61000000000049,0.9999999999999999
4062,40.62000000000049,0.9999999999999999
4063,40.630000000000486,0.9999999999999999
4064,40.640000000000484,0.9999999999999999
4065,40.65000000000048,0.9999999999999999
4066,40.66000000000048,0.9999999999999999
4067,40.67000000000048,0.9999999999999999
4068,40.680000000000476,0.9999999999999999
4069,40.690000000000474,0.9999999999999999
4070,40.70000000000047,0.9999999999999999
4071,40.71000000000047,0.9999999999999999
4072,40.72000000000047,0.9999999999999999
4073,40.730000000000466,0.9999999999999999
4074,40.740000000000464,0.9999999999999999
4075,40.75000000000046,0.9999999999999999
4076,40.76000000000046,0.9999999999999999
4077,40.77000000000046,0.9999999999999999
4078,40.780000000000456,0.9999999999999999
4079,40.790000000000454,0.9999999999999999
4080,40.80000000000045,0.9999999999999999
4081,40.81000000000045,0.9999999999999999
4082,40.82000000000045,0.9999999999999999
4083,40.830000000000446,0.9999999999999999
4084,40.840000000000444,0.9999999999999999
4085,40.85000000000044,0.9999999999999999
4086,40.86000000000044,0.9999999999999999
4087,40.87000000000044,0.9999999999999999
4088,40.880000000000436,0.9999999999999999
4089,40.890000000000434,0.9999999999999999
4090,40.90000000000043,1.0
4091,40.91000000000043,1.0
4092,40.92000000000043,1.0
4093,40.930000000000426,1.0
4094,40.940000000000424,1.0
4095,40.95000000000042,1.0
4096,40.96000000000042,1.0
4097,40.97000000000042,1.0
4098,40.980000000000416,1.0
4099,40.990000000000414,1.0
4100,41.00000000000041,1.0
4101,41.01000000000041,1.0
4102,41.02000000000041,1.0
4103,41.030000000000406,1.0
4104,41.040000000000404,1.0
4105,41.0500000000004,1.0
4106,41.0600000000004,1.0
4107,41.0700000000004,1.0
4108,41.080000000000396,1.0
4109,41.090000000000394,1.0
4110,41.10000000000039,1.0
4111,41.11000000000039,1.0
4112,41.12000000000039,1.0
4113,41.130000000000386,1.0
4114,41.140000000000384,1.0
4115,41.15000000000038,1.0
4116,41.16000000000038,1.0
4117,41.17000000000038,1.0
4118,41.180000000000376,1.0
4119,41.190000000000374,1.0
4120,41.20000000000037,1.0
4121,41.21000000000037,1.0
4122,41.22000000000037,1.0
4123,41.230000000000366,1.0
4124,41.240000000000364,1.0
4125,41.25000000000036,1.0
4126,41.26000000000036,1.0
4127,41.27000000000036,1.0
4128,41.280000000000356,1.0
4129,41.290000000000354,1.0
4130,41.30000000000035,1.0
4131,41.31000000000035,1.0
4132,41.32000000000035,1.0
4133,41.33000000000035,1.0
4134,41.340000000000344,1.0
4135,41.35000000000034,1.0
4136,41.36000000000034,1.0
4137,41.37000000000034,1.0
4138,41.38000000000034,1.0
4139,41.390000000000335,1.0
4140,41.40000000000033,1.0
4141,41.41000000000033,1.0
4142,41.42000000000033,1.0
4143,41.43000000000033,1.0
4144,41.440000000000325,1.0
4145,41.45000000000032,1.0
4146,41.46000000000032,1.0
4147,41.47000000000032,1.0
4148,41.48000000000032,1.0
4149,41.490000000000315,1.0
4150,41.50000000000031,1.0
4151,41.51000000000031,1.0
4152,41.52000000000031,1.0
4153,41.53000000000031,1.0
4154,41.540000000000305,1.0
4155,41.5500000000003,1.0
4156,41.5600000000003,1.0
4157,41.5700000000003,1.0
4158,41.5800000000003,1.0
4159,41.590000000000295,1.0
4160,41.60000000000029,1.0
4161,41.61000000000029,1.0
4162,41.62000000000029,1.0
4163,41.63000000000029,1.0
4164,41.640000000000285,1.0
4165,41.65000000000028,1.0
4166,41.66000000000028,1.0
4167,41.67000000000028,1.0
4168,41.68000000000028,1.0
4169,41.690000000000275,1.0
4170,41.70000000000027,1.0
4171,41.71000000000027,1.0
4172,41.72000000000027,1.0
4173,41.73000000000027,1.0
4174,41.740000000000265,1.0
4175,41.75000000000026,1.0
4176,41.76000000000026,1.0
4177,41.77000000000026,1.0
4178,41.78000000000026,1.0
4179,41.790000000000255,1.0
4180,41.80000000000025,1.0
4181,41.81000000000025,1.0
4182,41.82000000000025,1.0
4183,41.83000000000025,1.0
4184,41.840000000000245,1.0
4185,41.85000000000024,1.0
4186,41.86000000000024,1.0
4187,41.87000000000024,1.0
4188,41.88000000000024,1.0
4189,41.890000000000235,1.0
4190,41.90000000000023,1.0
4191,41.91000000000023,1.0
4192,41.92000000000023,1.0
4193,41.93000000000023,1.0
4194,41.940000000000225,1.0
4195,41.95000000000022,1.0
4196,41.96000000000022,1.0
4197,41.97000000000022,1.0
4198,41.98000000000022,1.0
4199,41.990000000000215,1.0
4200,42.00000000000021,1.0
4201,42.01000000000021,1.0
4202,42.02000000000021,1.0
4203,42.03000000000021,1.0
4204,42.040000000000205,1.0
4205,42.0500000000002,1.0
4206,42.0600000000002,1.0
4207,42.0700000000002,1.0
4208,42.0800000000002,1.0
4209,42.090000000000195,1.0
4210,42.10000000000019,1.0
4211,42.11000000000019,1.0
4212,42.12000000000019,1.0
4213,42.13000000000019,1.0
4214,42.140000000000185,1.0
4215,42.15000000000018,1.0
4216,42.16000000000018,1.0
4217,42.17000000000018,1.0
4218,42.18000000000018,1.0
4219,42.190000000000175,1.0
4220,42.20000000000017,1.0
4221,42.21000000000017,1.0
4222,42.22000000000017,1.0
4223,42.23000000000017,1.0
4224,42.240000000000165,1.0
4225,42.25000000000016,1.0
4226,42.26000000000016,1.0
4227,42.27000000000016,1.0
4228,42.28000000000016,1.0
4229,42.290000000000155,1.0
4230,42.30000000000015,1.0
4231,42.31000000000015,1.0
4232,42.32000000000015,1.0
4233,42.33000000000015,1.0
4234,42.340000000000146,1.0
4235,42.35000000000014,1.0
4236,42.36000000000014,1.0
4237,42.37000000000014,1.0
4238,42.38000000000014,1.0
4239,42.390000000000136,1.0
4240,42.400000000000134,1.0
4241,42.41000000000013,1.0
4242,42.42000000000013,1.0
4243,42.43000000000013,1.0
4244,42.440000000000126,1.0
4245,42.450000000000124,1.0
4246,42.46000000000012,1.0
4247,42.47000000000012,1.0
4248,42.48000000000012,1.0
4249,42.490000000000116,1.0
4250,42.500000000000114,1.0
4251,42.51000000000011,1.0
4252,42.52000000000011,1.0
4253,42.53000000000011,1.0
4254,42.540000000000106,1.0
4255,42.550000000000104,1.0
4256,42.5600000000001,1.0
4257,42.5700000000001,1.0
4258,42.5800000000001,1.0
4259,42.590000000000096,1.0
4260,42.600000000000094,1.0
4261,42.61000000000009,1.0
4262,42.62000000000009,1.0
4263,42.63000000000009,1.0
4264,42.640000000000086,1.0
4265,42.650000000000084,1.0
4266,42.66000000000008,1.0
4267,42.67000000000008,1.0
4268,42.68000000000008,1.0
4269,42.690000000000076,1.0
4270,42.700000000000074,1.0
4271,42.71000000000007,1.0
4272,42.72000000000007,1.0
4273,42.73000000000007,1.0
4274,42.740000000000066,1.0
4275,42.750000000000064,1.0
4276,42.76000000000006,1.0
4277,42.77000000000006,1.0
4278,42.78000000000006,1.0
4279,42.790000000000056,1.0
4280,42.800000000000054,1.0
4281,42.81000000000005,1.0
4282,42.82000000000005,1.0
4283,42.83000000000005,1.0
4284,42.840000000000046,1.0
4285,42.850000000000044,1.0
4286,42.86000000000004,1.0
4287,42.87000000000004,1.0
4288,42.88000000000004,1.0
4289,42.890000000000036,1.0
4290,42.900000000000034,1.0
4291,42.91000000000003,1.0
4292,42.92000000000003,1.0
4293,42.93000000000003,1.0
4294,42.940000000000026,1.0
4295,42.950000000000024,1.0
4296,42.96000000000002,1.0
4297,42.97000000000002,1.0
4298,42.98000000000002,1.0
4299,42.990000000000016,1.0
4300,43.000000000000014,1.0
4301,43.01000000000001,1.0
4302,43.02000000000001,1.0
4303,43.03000000000001,1.0
4304,43.040000000000006,1.0
4305,43.050000000000004,1.0
4306,43.06,1.0
4307,43.07,1.0
4308,43.08,1.0
4309,43.089999999999996,1.0
4310,43.099999999999994,1.0
4311,43.10999999999999,1.0
4312,43.11999999999999,1.0
4313,43.12999999999999,1.0
4314,43.139999999999986,1.0
4315,43.149999999999984,1.0
4316,43.15999999999998,1.0
4317,43.16999999999998,1.0
4318,43.17999999999998,1.0
4319,43.189999999999976,1.0
4320,43.199999999999974,1.0
4321,43.20999999999997,1.0
4322,43.21999999999997,1.0
4323,43.22999999999997,1.0
4324,43.23999999999997,1.0
4325,43.249999999999964,1.0
4326,43.25999999999996,1.0
4327,43.26999999999996,1.0
4328,43.27999999999996,1.0
4329,43.28999999999996,1.0
4330,43.299999999999955,1.0
4331,43.30999999999995,1.0
4332,43.31999999999995,1.0
4333,43.32999999999995,1.0
4334,43.33999999999995,1.0
4335,43.349999999999945,1.0
4336,43.35999999999994,1.0
4337,43.36999999999994,1.0
4338,43.37999999999994,1.0
4339,43.38999999999994,1.0
4340,43.399999999999935,1.0
4341,43.40999999999993,1.0
4342,43.41999999999993,1.0
4343,43.42999999999993,1.0
4344,43.43999999999993,1.0
4345,43.449999999999925,1.0
4346,43.45999999999992,1.0
4347,43.46999999999992,1.0
4348,43.47999999999992,1.0
4349,43.48999999999992,1.0
4350,43.499999999999915,1.0
4351,43.50999999999991,1.0
4352,43.51999999999991,1.0
4353,43.52999999999991,1.0
4354,43.53999999999991,1.0
4355,43.549999999999905,1.0
4356,43.5599999999999,1.0
4357,43.5699999999999,1.0
4358,43.5799999999999,1.0
4359,43.5899999999999,1.0
4360,43.599999999999895,1.0
4361,43.60999999999989,1.0
4362,43.61999999999989,1.0
4363,43.62999999999989,1.0
4364,43.63999999999989,1.0
4365,43.649999999999885,1.0
4366,43.65999999999988,1.0
4367,43.66999999999988,1.0
4368,43.67999999999988,1.0
4369,43.68999999999988,1.0
4370,43.699999999999875,1.0
4371,43.70999999999987,1.0
4372,43.71999999999987,1.0
4373,43.72999999999987,1.0
4374,43.73999999999987,1.0
4375,43.749999999999865,1.0
4376,43.75999999999986,1.0
4377,43.76999999999986,1.0
4378,43.77999999999986,1.0
4379,43.78999999999986,1.0
4380,43.799999999999855,1.0
4381,43.80999999999985,1.0
4382,43.81999999999985,1.0
4383,43.82999999999985,1.0
4384,43.83999999999985,1.0
4385,43.849999999999845,1.0
4386,43.85999999999984,1.0
4387,43.86999999999984,1.0
4388,43.87999999999984,1.0
4389,43.88999999999984,1.0
4390,43.899999999999835,1.0
4391,43.90999999999983,1.0
4392,43.91999999999983,1.0
4393,43.92999999999983,1.0
4394,43.93999999999983,1.0
4395,43.949999999999825,1.0
4396,43.95999999999982,1.0
4397,43.96999999999982,1.0
4398,43.97999999999982,1.0
4399,43.98999999999982,1.0
4400,43.999999999999815,1.0
4401,44.00999999999981,1.0
4402,44.01999999999981,1.0
4403,44.02999999999981,1.0
4404,44.03999999999981,1.0
4405,44.049999999999805,1.0
4406,44.0599999999998,1.0
4407,44.0699999999998,1.0
4408,44.0799999999998,1.0
4409,44.0899999999998,1.0
4410,44.099999999999795,1.0
4411,44.10999999999979,1.0
4412,44.11999999999979,1.0
4413,44.12999999999979,1.0
4414,44.13999999999979,1.0
4415,44.149999999999785,1.0
4416,44.15999999999978,1.0
4417,44.16999999999978,1.0
4418,44.17999999999978,1.0
4419,44.18999999999978,1.0
4420,44.199999999999775,1.0
4421,44.20999999999977,1.0
4422,44.21999999999977,1.0
4423,44.22999999999977,1.0
4424,44.23999999999977,1.0
4425,44.249999999999766,1.0
4426,44.25999999999976,1.0
4427,44.26999999999976,1.0
4428,44.27999999999976,1.0
4429,44.28999999999976,1.0
4430,44.299999999999756,1.0
4431,44.309999999999754,1.0
4432,44.31999999999975,1.0
4433,44.32999999999975,1.0
4434,44.33999999999975,1.0
4435,44.349999999999746,1.0
4436,44.359999999999744,1.0
4437,44.36999999999974,1.0
4438,44.37999999999974,1.0
4439,44.38999999999974,1.0
4440,44.399999999999736,1.0
4441,44.409999999999734,1.0
4442,44.41999999999973,1.0
4443,44.42999999999973,1.0
4444,44.43999999999973,1.0
4445,44.449999999999726,1.0
4446,44.459999999999724,1.0
4447,44.46999999999972,1.0
4448,44.47999999999972,1.0
4449,44.48999999999972,1.0
4450,44.499999999999716,1.0
4451,44.509999999999714,1.0
4452,44.51999999999971,1.0
4453,44.52999999999971,1.0
4454,44.53999999999971,1.0
4455,44.549999999999706,1.0
4456,44.559999999999704,1.0
4457,44.5699999999997,1.0
4458,44.5799999999997,1.0
4459,44.5899999999997,1.0
4460,44.599999999999696,1.0
4461,44.609999999999694,1.0
4462,44.61999999999969,1.0
4463,44.62999999999969,1.0
4464,44.63999999999969,1.0
4465,44.649999999999686,1.0
4466,44.659999999999684,1.0
4467,44.66999999999968,1.0
4468,44.67999999999968,1.0
4469,44.68999999999968,1.0
4470,44.699999999999676,1.0
4471,44.709999999999674,1.0
4472,44.71999999999967,1.0
4473,44.72999999999967,1.0
4474,44.73999999999967,1.0
4475,44.749999999999666,1.0
4476,44.759999999999664,1.0
4477,44.76999999999966,1.0
4478,44.77999999999966,1.0
4479,44.78999999999966,1.0
4480,44.799999999999656,1.0
4481,44.809999999999654,1.0
4482,44.81999999999965,1.0
4483,44.82999999999965,1.0
4484,44.83999999999965,1.0
4485,44.849999999999646,1.0
4486,44.859999999999644,1.0
4487,44.86999999999964,1.0
4488,44.87999999999964,1.0
4489,44.88999999999964,1.0
4490,44.899999999999636,1.0
4491,44.909999999999634,1.0
4492,44.91999999999963,1.0
4493,44.92999999999963,1.0
4494,44.93999999999963,1.0
4495,44.949999999999626,1.0
4496,44.959999999999624,1.0
4497,44.96999999999962,1.0
4498,44.97999999999962,1.0
4499,44.98999999999962,1.0
4500,44.999999999999616,1.0
4501,45.009999999999614,1.0
4502,45.01999999999961,1.0
4503,45.02999999999961,1.0
4504,45.03999999999961,1.0
4505,45.049999999999606,1.0
4506,45.059999999999604,1.0
4507,45.0699999999996,1.0
4508,45.0799999999996,1.0
4509,45.0899999999996,1.0
4510,45.099999999999596,1.0
4511,45.109999999999594,1.0
4512,45.11999999999959,1.0
4513,45.12999999999959,1.0
4514,45.13999999999959,1.0
4515,45.14999999999959,1.0
4516,45.159999999999584,1.0
4517,45.16999999999958,1.0
4518,45.17999999999958,1.0
4519,45.18999999999958,1.0
4520,45.19999999999958,1.0
4521,45.209999999999575,1.0
4522,45.21999999999957,1.0
4523,45.22999999999957,1.0
4524,45.23999999999957,1.0
4525,45.24999999999957,1.0
4526,45.259999999999565,1.0
4527,45.26999999999956,1.0
4528,45.27999999999956,1.0
4529,45.28999999999956,1.0
4530,45.29999999999956,1.0
4531,45.309999999999555,1.0
4532,45.31999999999955,1.0
4533,45.32999999999955,1.0
4534,45.33999999999955,1.0
4535,45.34999999999955,1.0
4536,45.359999999999545,1.0
4537,45.36999999999954,1.0
4538,45.37999999999954,1.0
4539,45.38999999999954,1.0
4540,45.39999999999954,1.0
4541,45.409999999999535,1.0
4542,45.41999999999953,1.0
4543,45.42999999999953,1.0
4544,45.43999999999953,1.0
4545,45.44999999999953,1.0
4546,45.459999999999525,1.0
4547,45.46999999999952,1.0
4548,45.47999999999952,1.0
4549,45.48999999999952,1.0
4550,45.49999999999952,1.0
4551,45.509999999999515,1.0
4552,45.51999999999951,1.0
4553,45.52999999999951,1.0
4554,45.53999999999951,1.0
4555,45.54999999999951,1.0
4556,45.559999999999505,1.0
4557,45.5699999999995,1.0
4558,45.5799999999995,1.0
4559,45.5899999999995,1.0
4560,45.5999999999995,1.0
4561,45.609999999999495,1.0
4562,45.61999999999949,1.0
4563,45.62999999999949,1.0
4564,45.63999999999949,1.0
4565,45.64999999999949,1.0
4566,45.659999999999485,1.0
4567,45.66999999999948,1.0
4568,45.67999999999948,1.0
4569,45.68999999999948,1.0
4570,45.69999999999948,1.0
4571,45.709999999999475,1.0
4572,45.71999999999947,1.0
4573,45.72999999999947,1.0
4574,45.73999999999947,1.0
4575,45.74999999999947,1.0
4576,45.759999999999465,1.0
4577,45.76999999999946,1.0
4578,45.77999999999946,1.0
4579,45.78999999999946,1.0
4580,45.79999999999946,1.0
4581,45.809999999999455,1.0
4582,45.81999999999945,1.0
4583,45.82999999999945,1.0
4584,45.83999999999945,1.0
4585,45.84999999999945,1.0
4586,45.859999999999445,1.0
4587,45.86999999999944,1.0
4588,45.87999999999944,1.0
4589,45.88999999999944,1.0
4590,45.89999999999944,1.0
4591,45.909999999999435,1.0
4592,45.91999999999943,1.0
4593,45.92999999999943,1.0
4594,45.93999999999943,1.0
4595,45.94999999999943,1.0
4596,45.959999999999425,1.0
4597,45.96999999999942,1.0
4598,45.97999999999942,1.0
4599,45.98999999999942,1.0
4600,45.99999999999942,1.0
4601,46.009999999999415,1.0
4602,46.01999999999941,1.0
4603,46.02999999999941,1.0
4604,46.03999999999941,1.0
4605,46.04999999999941,1.0
4606,46.059999999999405,1.0
4607,46.0699999999994,1.0
4608,46.0799999999994,1.0
4609,46.0899999999994,1.0
4610,46.0999999999994,1.0
4611,46.109999999999395,1.0
4612,46.11999999999939,1.0
4613,46.12999999999939,1.0
4614,46.13999999999939,1.0
4615,46.14999999999939,1.0
4616,46.159999999999386,1.0
4617,46.16999999999938,1.0
4618,46.17999999999938,1.0
4619,46.18999999999938,1.0
4620,46.19999999999938,1.0
4621,46.209999999999376,1.0
4622,46.219999999999374,1.0
4623,46.22999999999937,1.0
4624,46.23999999999937,1.0
4625,46.24999999999937,1.0
4626,46.259999999999366,1.0
4627,46.269999999999364,1.0
4628,46.27999999999936,1.0
4629,46.28999999999936,1.0
4630,46.29999999999936,1.0
4631,46.309999999999356,1.0
4632,46.319999999999354,1.0
4633,46.32999999999935,1.0
4634,46.33999999999935,1.0
4635,46.34999999999935,1.0
4636,46.359999999999346,1.0
4637,46.369999999999344,1.0
4638,46.37999999999934,1.0
4639,46.38999999999934,1.0
4640,46.39999999999934,1.0
4641,46.409999999999336,1.0
4642,46.419999999999334,1.0
4643,46.42999999999933,1.0
4644,46.43999999999933,1.0
4645,46.44999999999933,1.0
4646,46.459999999999326,1.0
4647,46.469999999999324,1.0
4648,46.47999999999932,1.0
4649,46.48999999999932,1.0
4650,46.49999999999932,1.0
4651,46.509999999999316,1.0
4652,46.519999999999314,1.0
4653,46.52999999999931,1.0
4654,46.53999999999931,1.0
4655,46.54999999999931,1.0
4656,46.559999999999306,1.0
4657,46.569999999999304,1.0
4658,46.5799999999993,1.0
4659,46.5899999999993,1.0
4660,46.5999999999993,1.0
4661,46.609999999999296,1.0
4662,46.619999999999294,1.0
4663,46.62999999999929,1.0
4664,46.63999999999929,1.0
4665,46.64999999999929,1.0
4666,46.659999999999286,1.0
4667,46.669999999999284,1.0
4668,46.67999999999928,1.0
4669,46.68999999999928,1.0
4670,46.69999999999928,1.0
4671,46.709999999999276,1.0
4672,46.719999999999274,1.0
4673,46.72999999999927,1.0
4674,46.73999999999927,1.0
4675,46.74999999999927,1.0
4676,46.759999999999266,1.0
4677,46.769999999999264,1.0
4678,46.77999999999926,1.0
4679,46.78999999999926,1.0
4680,46.79999999999926,1.0
4681,46.809999999999256,1.0
4682,46.819999999999254,1.0
4683,46.82999999999925,1.0
4684,46.83999999999925,1.0
4685,46.84999999999925,1.0
4686,46.859999999999246,1.0
4687,46.869999999999244,1.0
4688,46.87999999999924,1.0
4689,46.88999999999924,1.0
4690,46.89999999999924,1.0
4691,46.909999999999236,1.0
4692,46.919999999999234,1.0
4693,46.92999999999923,1.0
4694,46.93999999999923,1.0
4695,46.94999999999923,1.0
4696,46.959999999999226,1.0
4697,46.969999999999224,1.0
4698,46.97999999999922,1.0
4699,46.98999999999922,1.0
4700,46.99999999999922,1.0
4701,47.009999999999216,1.0
4702,47.019999999999214,1.0
4703,47.02999999999921,1.0
4704,47.03999999999921,1.0
4705,47.04999999999921,1.0
4706,47.05999999999921,1.0
4707,47.069999999999204,1.0
4708,47.0799999999992,1.0
4709,47.0899999999992,1.0
4710,47.0999999999992,1.0
4711,47.1099999999992,1.0
4712,47.119999999999195,1.0
4713,47.12999999999919,1.0
4714,47.13999999999919,1.0
4715,47.14999999999919,1.0
4716,47.15999999999919,1.0
4717,47.169999999999185,1.0
4718,47.17999999999918,1.0
4719,47.18999999999918,1.0
4720,47.19999999999918,1.0
4721,47.20999999999918,1.0
4722,47.219999999999175,1.0
4723,47.22999999999917,1.0
4724,47.23999999999917,1.0
4725,47.24999999999917,1.0
4726,47.25999999999917,1.0
4727,47.269999999999165,1.0
4728,47.27999999999916,1.0
4729,47.28999999999916,1.0
4730,47.29999999999916,1.0
4731,47.30999999999916,1.0
4732,47.319999999999155,1.0
4733,47.32999999999915,1.0
4734,47.33999999999915,1.0
4735,47.34999999999915,1.0
4736,47.35999999999915,1.0
4737,47.369999999999145,1.0
4738,47.37999999999914,1.0
4739,47.38999999999914,1.0
4740,47.39999999999914,1.0
4741,47.40999999999914,1.0
4742,47.419999999999135,1.0
4743,47.42999999999913,1.0
4744,47.43999999999913,1.0
4745,47.44999999999913,1.0
4746,47.45999999999913,1.0
4747,47.469999999999125,1.0
4748,47.47999999999912,1.0
4749,47.48999999999912,1.0
4750,47.49999999999912,1.0
4751,47.50999999999912,1.0
4752,47.519999999999115,1.0
4753,47.52999999999911,1.0
4754,47.53999999999911,1.0
4755,47.54999999999911,1.0
4756,47.55999999999911,1.0
4757,47.569999999999105,1.0
4758,47.5799999999991,1.0
4759,47.5899999999991,1.0
4760,47.5999999999991,1.0
4761,47.6099999999991,1.0
4762,47.619999999999095,1.0
4763,47.62999999999909,1.0
4764,47.63999999999909,1.0
4765,47.64999999999909,1.0
4766,47.65999999999909,1.0
4767,47.669999999999085,1.0
4768,47.67999999999908,1.0
4769,47.68999999999908,1.0
4770,47.69999999999908,1.0
4771,47.70999999999908,1.0
4772,47.719999999999075,1.0
4773,47.72999999999907,1.0
4774,47.73999999999907,1.0
4775,47.74999999999907,1.0
4776,47.75999999999907,1.0
4777,47.769999999999065,1.0
4778,47.77999999999906,1.0
4779,47.78999999999906,1.0
4780,47.79999999999906,1.0
4781,47.80999999999906,1.0
4782,47.819999999999055,1.0
4783,47.82999999999905,1.0
4784,47.83999999999905,1.0
4785,47.84999999999905,1.0
4786,47.85999999999905,1.0
4787,47.869999999999045,1.0
4788,47.87999999999904,1.0
4789,47.88999999999904,1.0
4790,47.89999999999904,1.0
4791,47.90999999999904,1.0
4792,47.919999999999035,1.0
4793,47.92999999999903,1.0
4794,47.93999999999903,1.0
4795,47.94999999999903,1.0
4796,47.95999999999903,1.0
4797,47.969999999999025,1.0
4798,47.97999999999902,1.0
4799,47.98999999999902,1.0
4800,47.99999999999902,1.0
4801,48.00999999999902,1.0
4802,48.019999999999015,1.0
4803,48.02999999999901,1.0
4804,48.03999999999901,1.0
4805,48.04999999999901,1.0
4806,48.05999999999901,1.0
4807,48.069999999999006,1.0
4808,48.079999999999,1.0
4809,48.089999999999,1.0
4810,48.099999999999,1.0
4811,48.109999999999,1.0
4812,48.119999999998996,1.0
4813,48.129999999998994,1.0
4814,48.13999999999899,1.0
4815,48.14999999999899,1.0
4816,48.15999999999899,1.0
4817,48.169999999998986,1.0
4818,48.179999999998984,1.0
4819,48.18999999999898,1.0
4820,48.19999999999898,1.0
4821,48.20999999999898,1.0
4822,48.219999999998976,1.0
4823,48.229999999998974,1.0
4824,48.23999999999897,1.0
4825,48.24999999999897,1.0
4826,48.25999999999897,1.0
4827,48.269999999998966,1.0
4828,48.279999999998964,1.0
4829,48.28999999999896,1.0
4830,48.29999999999896,1.0
4831,48.30999999999896,1.0
4832,48.319999999998956,1.0
4833,48.329999999998954,1.0
4834,48.33999999999895,1.0
4835,48.34999999999895,1.0
4836,48.35999999999895,1.0
4837,48.369999999998946,1.0
4838,48.379999999998944,1.0
4839,48.38999999999894,1.0
4840,48.39999999999894,1.0
4841,48.40999999999894,1.0
4842,48.419999999998936,1.0
4843,48.429999999998934,1.0
4844,48.43999999999893,1.0
4845,48.44999999999893,1.0
4846,48.45999999999893,1.0
4847,48.469999999998926,1.0
4848,48.479999999998924,1.0
4849,48.48999999999892,1.0
4850,48.49999999999892,1.0
4851,48.50999999999892,1.0
4852,48.519999999998916,1.0
4853,48.529999999998914,1.0
4854,48.53999999999891,1.0
4855,48.54999999999891,1.0
4856,48.55999999999891,1.0
4857,48.569999999998906,1.0
4858,48.579999999998904,1.0
4859,48.5899999999989,1.0
4860,48.5999999999989,1.0
4861,48.6099999999989,1.0
4862,48.619999999998896,1.0
4863,48.629999999998894,1.0
4864,48.63999999999889,1.0
4865,48.64999999999889,1.0
4866,48.65999999999889,1.0
4867,48.669999999998886,1.0
4868,48.679999999998884,1.0
4869,48.68999999999888,1.0
4870,48.69999999999888,1.0
4871,48.70999999999888,1.0
4872,48.719999999998876,1.0
4873,48.729999999998874,1.0
4874,48.73999999999887,1.0
4875,48.74999999999887,1.0
4876,48.75999999999887,1.0
4877,48.769999999998866,1.0
4878,48.779999999998864,1.0
4879,48.78999999999886,1.0
4880,48.79999999999886,1.0
4881,48.80999999999886,1.0
4882,48.819999999998856,1.0
4883,48.829999999998854,1.0
4884,48.83999999999885,1.0
4885,48.84999999999885,1.0
4886,48.85999999999885,1.0
4887,48.869999999998846,1.0
4888,48.879999999998844,1.0
4889,48.88999999999884,1.0
4890,48.89999999999884,1.0
4891,48.90999999999884,1.0
4892,48.919999999998836,1.0
4893,48.929999999998834,1.0
4894,48.93999999999883,1.0
4895,48.94999999999883,1.0
4896,48.95999999999883,1.0
4897,48.96999999999883,1.0
4898,48.979999999998824,1.0
4899,48.98999999999882,1.0
4900,48.99999999999882,1.0
4901,49.00999999999882,1.0
4902,49.01999999999882,1.0
4903,49.029999999998815,1.0
4904,49.03999999999881,1.0
4905,49.04999999999881,1.0
4906,49.05999999999881,1.0
4907,49.06999999999881,1.0
4908,49.079999999998805,1.0
4909,49.0899999999988,1.0
4910,49.0999999999988,1.0
4911,49.1099999999988,1.0
4912,49.1199999999988,1.0
4913,49.129999999998795,1.0
4914,49.13999999999879,1.0
4915,49.14999999999879,1.0
4916,49.15999999999879,1.0
4917,49.16999999999879,1.0
4918,49.179999999998785,1.0
4919,49.18999999999878,1.0
4920,49.19999999999878,1.0
4921,49.20999999999878,1.0
4922,49.21999999999878,1.0
4923,49.229999999998775,1.0
4924,49.23999999999877,1.0
4925,49.24999999999877,1.0
4926,49.25999999999877,1.0
4927,49.26999999999877,1.0
4928,49.279999999998765,1.0
4929,49.28999999999876,1.0
4930,49.29999999999876,1.0
4931,49.30999999999876,1.0
4932,49.31999999999876,1.0
4933,49.329999999998755,1.0
4934,49.33999999999875,1.0
4935,49.34999999999875,1.0
4936,49.35999999999875,1.0
4937,49.36999999999875,1.0
4938,49.379999999998745,1.0
4939,49.38999999999874,1.0
4940,49.39999999999874,1.0
4941,49.40999999999874,1.0
4942,49.41999999999874,1.0
4943,49.429999999998735,1.0
4944,49.43999999999873,1.0
4945,49.44999999999873,1.0
4946,49.45999999999873,1.0
4947,49.46999999999873,1.0
4948,49.479999999998725,1.0
4949,49.48999999999872,1.0
4950,49.49999999999872,1.0
4951,49.50999999999872,1.0
4952,49.51999999999872,1.0
4953,49.529999999998715,1.0
4954,49.53999999999871,1.0
4955,49.54999999999871,1.0
4956,49.55999999999871,1.0
4957,49.56999999999871,1.0
4958,49.579999999998705,1.0
4959,49.5899999999987,1.0
4960,49.5999999999987,1.0
4961,49.6099999999987,1.0
4962,49.6199999999987,1.0
4963,49.629999999998695,1.0
4964,49.63999999999869,1.0
4965,49.64999999999869,1.0
4966,49.65999999999869,1.0
4967,49.66999999999869,1.0
4968,49.679999999998685,1.0
4969,49.68999999999868,1.0
4970,49.69999999999868,1.0
4971,49.70999999999868,1.0
4972,49.71999999999868,1.0
4973,49.729999999998675,1.0
4974,49.73999999999867,1.0
4975,49.74999999999867,1.0
4976,49.75999999999867,1.0
4977,49.76999999999867,1.0
4978,49.779999999998665,1.0
4979,49.78999999999866,1.0
4980,49.79999999999866,1.0
4981,49.80999999999866,1.0
4982,49.81999999999866,1.0
4983,49.829999999998655,1.0
4984,49.83999999999865,1.0
4985,49.84999999999865,1.0
4986,49.85999999999865,1.0
4987,49.86999999999865,1.0
4988,49.879999999998645,1.0
4989,49.88999999999864,1.0
4990,49.89999999999864,1.0
4991,49.90999999999864,1.0
4992,49.91999999999864,1.0
4993,49.929999999998635,1.0
4994,49.93999999999863,1.0
4995,49.94999999999863,1.0
4996,49.95999999999863,1.0
4997,49.96999999999863,1.0
4998,49.979999999998626,1.0
4999,49.98999999999862,1.0
5000,49.99999999999862,1.0
5001,50.00999999999862,1.0
5002,50.01999999999862,1.0
5003,50.029999999998616,1.0
5004,50.039999999998614,1.0
5005,50.04999999999861,1.0
5006,50.05999999999861,1.0
5007,50.06999999999861,1.0
5008,50.079999999998606,1.0
5009,50.089999999998604,1.0
5010,50.0999999999986,1.0
5011,50.1099999999986,1.0
5012,50.1199999999986,1.0
5013,50.129999999998596,1.0
5014,50.139999999998594,1.0
5015,50.14999999999859,1.0
5016,50.15999999999859,1.0
5017,50.16999999999859,1.0
5018,50.179999999998586,1.0
5019,50.189999999998584,1.0
5020,50.19999999999858,1.0
5021,50.20999999999858,1.0
5022,50.21999999999858,1.0
5023,50.229999999998576,1.0
5024,50.239999999998574,1.0
5025,50.24999999999857,1.0
5026,50.25999999999857,1.0
5027,50.26999999999857,1.0
5028,50.279999999998566,1.0
5029,50.289999999998564,1.0
5030,50.29999999999856,1.0
5031,50.30999999999856,1.0
5032,50.31999999999856,1.0
5033,50.329999999998556,1.0
5034,50.339999999998554,1.0
5035,50.34999999999855,1.0
5036,50.35999999999855,1.0
5037,50.36999999999855,1.0
5038,50.379999999998546,1.0
5039,50.389999999998544,1.0
5040,50.39999999999854,1.0
5041,50.40999999999854,1.0
5042,50.41999999999854,1.0
5043,50.429999999998536,1.0
5044,50.439999999998534,1.0
5045,50.44999999999853,1.0
5046,50.45999999999853,1.0
5047,50.46999999999853,1.0
5048,50.479999999998526,1.0
5049,50.489999999998524,1.0
5050,50.49999999999852,1.0
5051,50.50999999999852,1.0
5052,50.51999999999852,1.0
5053,50.529999999998516,1.0
5054,50.539999999998514,1.0
5055,50.54999999999851,1.0
5056,50.55999999999851,1.0
5057,50.56999999999851,1.0
5058,50.579999999998506,1.0
5059,50.589999999998504,1.0
5060,50.5999999999985,1.0
5061,50.6099999999985,1.0
5062,50.6199999999985,1.0
5063,50.629999999998496,1.0
5064,50.639999999998494,1.0
5065,50.64999999999849,1.0
5066,50.65999999999849,1.0
5067,50.66999999999849,1.0
5068,50.679999999998486,1.0
5069,50.689999999998484,1.0
5070,50.69999999999848,1.0
5071,50.70999999999848,1.0
5072,50.71999999999848,1.0
5073,50.729999999998476,1.0
5074,50.739999999998474,1.0
5075,50.74999999999847,1.0
5076,50.75999999999847,1.0
5077,50.76999999999847,1.0
5078,50.779999999998466,1.0
5079,50.789999999998464,1.0
5080,50.79999999999846,1.0
5081,50.80999999999846,1.0
5082,50.81999999999846,1.0
5083,50.829999999998456,1.0
5084,50.839999999998454,1.0
5085,50.84999999999845,1.0
5086,50.85999999999845,1.0
5087,50.86999999999845,1.0
5088,50.87999999999845,1.0
5089,50.889999999998444,1.0
5090,50.89999999999844,1.0
5091,50.90999999999844,1.0
5092,50.91999999999844,1.0
5093,50.92999999999844,1.0
5094,50.939999999998435,1.0
5095,50.94999999999843,1.0
5096,50.95999999999843,1.0
5097,50.96999999999843,1.0
5098,50.97999999999843,1.0
5099,50.989999999998425,1.0
5100,50.99999999999842,1.0
5101,51.00999999999842,1.0
5102,51.01999999999842,1.0
5103,51.02999999999842,1.0
5104,51.039999999998415,1.0
5105,51.04999999999841,1.0
5106,51.05999999999841,1.0
5107,51.06999999999841,1.0
5108,51.07999999999841,1.0
5109,51.089999999998405,1.0
5110,51.0999999999984,1.0
5111,51.1099999999984,1.0
5112,51.1199999999984,1.0
5113,51.1299999999984,1.0
5114,51.139999999998395,1.0
5115,51.14999999999839,1.0
5116,51.15999999999839,1.0
5117,51.16999999999839,1.0
5118,51.17999999999839,1.0
5119,51.189999999998385,1.0
5120,51.19999999999838,1.0
5121,51.20999999999838,1.0
5122,51.21999999999838,1.0
5123,51.22999999999838,1.0
5124,51.239999999998375,1.0
5125,51.24999999999837,1.0
5126,51.25999999999837,1.0
5127,51.26999999999837,1.0
5128,51.27999999999837,1.0
5129,51.289999999998365,1.0
5130,51.29999999999836,1.0
5131,51.30999999999836,1.0
5132,51.31999999999836,1.0
5133,51.32999999999836,1.0
5134,51.339999999998355,1.0
5135,51.34999999999835,1.0
5136,51.35999999999835,1.0
5137,51.36999999999835,1.0
5138,51.37999999999835,1.0
5139,51.389999999998345,1.0
5140,51.39999999999834,1.0
5141,51.40999999999834,1.0
5142,51.41999999999834,1.0
5143,51.42999999999834,1.0
5144,51.439999999998335,1.0
5145,51.44999999999833,1.0
5146,51.45999999999833,1.0
5147,51.46999999999833,1.0
5148,51.47999999999833,1.0
5149,51.489999999998325,1.0
5150,51.49999999999832,1.0
5151,51.50999999999832,1.0
5152,51.51999999999832,1.0
5153,51.52999999999832,1.0
5154,51.539999999998315,1.0
5155,51.54999999999831,1.0
5156,51.55999999999831,1.0
5157,51.56999999999831,1.0
5158,51.57999999999831,1.0
5159,51.589999999998305,1.0
5160,51.5999999999983,1.0
5161,51.6099999999983,1.0
5162,51.6199999999983,1.0
5163,51.6299999999983,1.0
5164,51.639999999998295,1.0
5165,51.64999999999829,1.0
5166,51.65999999999829,1.0
5167,51.66999999999829,1.0
5168,51.67999999999829,1.0
5169,51.689999999998285,1.0
5170,51.69999999999828,1.0
5171,51.70999999999828,1.0
5172,51.71999999999828,1.0
5173,51.72999999999828,1.0
5174,51.739999999998275,1.0
5175,51.74999999999827,1.0
5176,51.75999999999827,1.0
5177,51.76999999999827,1.0
5178,51.77999999999827,1.0
5179,51.789999999998265,1.0
5180,51.79999999999826,1.0
5181,51.80999999999826,1.0
5182,51.81999999999826,1.0
5183,51.82999999999826,1.0
5184,51.839999999998255,1.0
5185,51.84999999999825,1.0
5186,51.85999999999825,1.0
5187,51.86999999999825,1.0
5188,51.87999999999825,1.0
5189,51.889999999998246,1.0
5190,51.89999999999824,1.0
5191,51.90999999999824,1.0
5192,51.91999999999824,1.0
5193,51.92999999999824,1.0
5194,51.939999999998236,1.0
5195,51.949999999998234,1.0
5196,51.95999999999823,1.0
5197,51.96999999999823,1.0
5198,51.97999999999823,1.0
5199,51.989999999998226,1.0
5200,51.999999999998224,1.0
5201,52.00999999999822,1.0
5202,52.01999999999822,1.0
5203,52.02999999999822,1.0
5204,52.039999999998216,1.0
5205,52.049999999998214,1.0
5206,52.05999999999821,1.0
5207,52.06999999999821,1.0
5208,52.07999999999821,1.0
5209,52.089999999998206,1.0
5210,52.099999999998204,1.0
5211,52.1099999999982,1.0
5212,52.1199999999982,1.0
5213,52.1299999999982,1.0
5214,52.139999999998196,1.0
5215,52.149999999998194,1.0
5216,52.15999999999819,1.0
5217,52.16999999999819,1.0
5218,52.17999999999819,1.0
5219,52.189999999998186,1.0
5220,52.199999999998184,1.0
5221,52.20999999999818,1.0
5222,52.21999999999818,1.0
5223,52.22999999999818,1.0
5224,52.239999999998176,1.0
5225,52.249999999998174,1.0
5226,52.25999999999817,1.0
5227,52.26999999999817,1.0
5228,52.27999999999817,1.0
5229,52.289999999998166,1.0
5230,52.299999999998164,1.0
5231,52.30999999999816,1.0
5232,52.31999999999816,1.0
5233,52.32999999999816,1.0
5234,52.339999999998156,1.0
5235,52.349999999998154,1.0
5236,52.35999999999815,1.0
5237,52.36999999999815,1.0
5238,52.37999999999815,1.0
5239,52.389999999998146,1.0
5240,52.399999999998144,1.0
5241,52.40999999999814,1.0
5242,52.41999999999814,1.0
5243,52.42999999999814,1.0
5244,52.439999999998136,1.0
5245,52.449999999998134,1.0
5246,52.45999999999813,1.0
5247,52.46999999999813,1.0
5248,52.47999999999813,1.0
5249,52.489999999998126,1.0
5250,52.499999999998124,1.0
5251,52.50999999999812,1.0
5252,52.51999999999812,1.0
5253,52.52999999999812,1.0
5254,52.539999999998116,1.0
5255,52.549999999998114,1.0
5256,52.55999999999811,1.0
5257,52.56999999999811,1.0
5258,52.57999999999811,1.0
5259,52.589999999998106,1.0
5260,52.599999999998104,1.0
5261,52.6099999999981,1.0
5262,52.6199999999981,1.0
5263,52.6299999999981,1.0
5264,52.639999999998096,1.0
5265,52.649999999998094,1.0
5266,52.65999999999809,1.0
5267,52.66999999999809,1.0
5268,52.67999999999809,1.0
5269,52.689999999998086,1.0
5270,52.699999999998084,1.0
5271,52.70999999999808,1.0
5272,52.71999999999808,1.0
5273,52.72999999999808,1.0
5274,52.739999999998076,1.0
5275,52.749999999998074,1.0
5276,52.75999999999807,1.0
5277,52.76999999999807,1.0
5278,52.77999999999807,1.0
5279,52.78999999999807,1.0
5280,52.799999999998064,1.0
5281,52.80999999999806,1.0
5282,52.81999999999806,1.0
5283,52.82999999999806,1.0
5284,52.83999999999806,1.0
5285,52.849999999998055,1.0
5286,52.85999999999805,1.0
5287,52.86999999999805,1.0
5288,52.87999999999805,1.0
5289,52.88999999999805,1.0
5290,52.899999999998045,1.0
5291,52.90999999999804,1.0
5292,52.91999999999804,1.0
5293,52.92999999999804,1.0
5294,52.93999999999804,1.0
5295,52.949999999998035,1.0
5296,52.95999999999803,1.0
5297,52.96999999999803,1.0
5298,52.97999999999803,1.0
5299,52.98999999999803,1.0
5300,52.999999999998025,1.0
5301,53.00999999999802,1.0
5302,53.01999999999802,1.0
5303,53.02999999999802,1.0
5304,53.03999999999802,1.0
5305,53.049999999998015,1.0
5306,53.05999999999801,1.0
5307,53.06999999999801,1.0
5308,53.07999999999801,1.0
5309,53.08999999999801,1.0
5310,53.099999999998005,1.0
5311,53.109999999998,1.0
5312,53.119999999998,1.0
5313,53.129999999998,1.0
5314,53.139999999998,1.0
5315,53.149999999997995,1.0
5316,53.15999999999799,1.0
5317,53.16999999999799,1.0
5318,53.17999999999799,1.0
5319,53.18999999999799,1.0
5320,53.199999999997985,1.0
5321,53.20999999999798,1.0
5322,53.21999999999798,1.0
5323,53.22999999999798,1.0
5324,53.23999999999798,1.0
5325,53.249999999997975,1.0
5326,53.25999999999797,1.0
5327,53.26999999999797,1.0
5328,53.27999999999797,1.0
5329,53.28999999999797,1.0
5330,53.299999999997965,1.0
5331,53.30999999999796,1.0
5332,53.31999999999796,1.0
5333,53.32999999999796,1.0
5334,53.33999999999796,1.0
5335,53.349999999997955,1.0
5336,53.35999999999795,1.0
5337,53.36999999999795,1.0
5338,53.37999999999795,1.0
5339,53.38999999999795,1.0
5340,53.399999999997945,1.0
5341,53.40999999999794,1.0
5342,53.41999999999794,1.0
5343,53.42999999999794,1.0
5344,53.43999999999794,1.0
5345,53.449999999997935,1.0
5346,53.45999999999793,1.0
5347,53.46999999999793,1.0
5348,53.47999999999793,1.0
5349,53.48999999999793,1.0
5350,53.499999999997925,1.0
5351,53.50999999999792,1.0
5352,53.51999999999792,1.0
5353,53.52999999999792,1.0
5354,53.53999999999792,1.0
5355,53.549999999997915,1.0
5356,53.55999999999791,1.0
5357,53.56999999999791,1.0
5358,53.57999999999791,1.0
5359,53.58999999999791,1.0
5360,53.599999999997905,1.0
5361,53.6099999999979,1.0
5362,53.6199999999979,1.0
5363,53.6299999999979,1.0
5364,53.6399999999979,1.0
5365,53.649999999997895,1.0
5366,53.65999999999789,1.0
5367,53.66999999999789,1.0
5368,53.67999999999789,1.0
5369,53.68999999999789,1.0
5370,53.699999999997885,1.0
5371,53.70999999999788,1.0
5372,53.71999999999788,1.0
5373,53.72999999999788,1.0
5374,53.73999999999788,1.0
5375,53.749999999997875,1.0
5376,53.75999999999787,1.0
5377,53.76999999999787,1.0
5378,53.77999999999787,1.0
5379,53.78999999999787,1.0
5380,53.799999999997866,1.0
5381,53.80999999999786,1.0
5382,53.81999999999786,1.0
5383,53.82999999999786,1.0
5384,53.83999999999786,1.0
5385,53.849999999997856,1.0
5386,53.859999999997854,1.0
5387,53.86999999999785,1.0
5388,53.87999999999785,1.0
5389,53.88999999999785,1.0
5390,53.899999999997846,1.0
5391,53.909999999997844,1.0
5392,53.91999999999784,1.0
5393,53.92999999999784,1.0
5394,53.93999999999784,1.0
5395,53.949999999997836,1.0
5396,53.959999999997834,1.0
5397,53.96999999999783,1.0
5398,53.97999999999783,1.0
5399,53.98999999999783,1.0
5400,53.999999999997826,1.0
5401,54.009999999997824,1.0
5402,54.01999999999782,1.0
5403,54.02999999999782,1.0
5404,54.03999999999782,1.0
5405,54.049999999997816,1.0
5406,54.059999999997814,1.0
5407,54.06999999999781,1.0
5408,54.07999999999781,1.0
5409,54.08999999999781,1.0
5410,54.099999999997806,1.0
5411,54.109999999997804,1.0
5412,54.1199999999978,1.0
5413,54.1299999999978,1.0
5414,54.1399999999978,1.0
5415,54.149999999997796,1.0
5416,54.159999999997794,1.0
5417,54.16999999999779,1.0
5418,54.17999999999779,1.0
5419,54.18999999999779,1.0
5420,54.199999999997786,1.0
5421,54.209999999997784,1.0
5422,54.21999999999778,1.0
5423,54.22999999999778,1.0
5424,54.23999999999778,1.0
5425,54.249999999997776,1.0
5426,54.259999999997774,1.0
5427,54.26999999999777,1.0
5428,54.27999999999777,1.0
5429,54.28999999999777,1.0
5430,54.299999999997766,1.0
5431,54.309999999997764,1.0
5432,54.31999999999776,1.0
5433,54.32999999999776,1.0
5434,54.33999999999776,1.0
5435,54.349999999997756,1.0
5436,54.359999999997754,1.0
5437,54.36999999999775,1.0
5438,54.37999999999775,1.0
5439,54.38999999999775,1.0
5440,54.399999999997746,1.0
5441,54.409999999997744,1.0
5442,54.41999999999774,1.0
5443,54.42999999999774,1.0
5444,54.43999999999774,1.0
5445,54.449999999997736,1.0
5446,54.459999999997734,1.0
5447,54.46999999999773,1.0
5448,54.47999999999773,1.0
5449,54.48999999999773,1.0
5450,54.499999999997726,1.0
5451,54.509999999997724,1.0
5452,54.51999999999772,1.0
5453,54.52999999999772,1.0
5454,54.53999999999772,1.0
5455,54.549999999997716,1.0
5456,54.559999999997714,1.0
5457,54.56999999999771,1.0
5458,54.57999999999771,1.0
5459,54.58999999999771,1.0
5460,54.599999999997706,1.0
5461,54.609999999997704,1.0
5462,54.6199999999977,1.0
5463,54.6299999999977,1.0
5464,54.6399999999977,1.0
5465,54.649999999997696,1.0
5466,54.659999999997694,1.0
5467,54.66999999999769,1.0
5468,54.67999999999769,1.0
5469,54.68999999999769,1.0
5470,54.69999999999769,1.0
5471,54.709999999997684,1.0
5472,54.71999999999768,1.0
5473,54.72999999999768,1.0
5474,54.73999999999768,1.0
5475,54.74999999999768,1.0
5476,54.759999999997675,1.0
5477,54.76999999999767,1.0
5478,54.77999999999767,1.0
5479,54.78999999999767,1.0
5480,54.79999999999767,1.0
5481,54.809999999997665,1.0
5482,54.81999999999766,1.0
5483,54.82999999999766,1.0
5484,54.83999999999766,1.0
5485,54.84999999999766,1.0
5486,54.859999999997655,1.0
5487,54.86999999999765,1.0
5488,54.87999999999765,1.0
5489,54.88999999999765,1.0
5490,54.89999999999765,1.0
5491,54.909999999997645,1.0
5492,54.91999999999764,1.0
5493,54.92999999999764,1.0
5494,54.93999999999764,1.0
5495,54.94999999999764,1.0
5496,54.959999999997635,1.0
5497,54.96999999999763,1.0
5498,54.97999999999763,1.0
5499,54.98999999999763,1.0
5500,54.99999999999763,1.0
5501,55.009999999997625,1.0
5502,55.01999999999762,1.0
5503,55.02999999999762,1.0
5504,55.03999999999762,1.0
5505,55.04999999999762,1.0
5506,55.059999999997615,1.0
5507,55.06999999999761,1.0
5508,55.07999999999761,1.0
5509,55.08999999999761,1.0
5510,55.09999999999761,1.0
5511,55.109999999997605,1.0
5512,55.1199999999976,1.0
5513,55.1299999999976,1.0
5514,55.1399999999976,1.0
5515,55.1499999999976,1.0
5516,55.159999999997595,1.0
5517,55.16999999999759,1.0
5518,55.17999999999759,1.0
5519,55.18999999999759,1.0
5520,55.19999999999759,1.0
5521,55.209999999997585,1.0
5522,55.21999999999758,1.0
5523,55.22999999999758,1.0
5524,55.23999999999758,1.0
5525,55.24999999999758,1.0
5526,55.259999999997575,1.0
5527,55.26999999999757,1.0
5528,55.27999999999757,1.0
5529,55.28999999999757,1.0
5530,55.29999999999757,1.0
5531,55.309999999997565,1.0
5532,55.31999999999756,1.0
5533,55.32999999999756,1.0
5534,55.33999999999756,1.0
5535,55.34999999999756,1.0
5536,55.359999999997555,1.0
5537,55.36999999999755,1.0
5538,55.37999999999755,1.0
5539,55.38999999999755,1.0
5540,55.39999999999755,1.0
5541,55.409999999997545,1.0
5542,55.41999999999754,1.0
5543,55.42999999999754,1.0
5544,55.43999999999754,1.0
5545,55.44999999999754,1.0
5546,55.459999999997535,1.0
5547,55.46999999999753,1.0
5548,55.47999999999753,1.0
5549,55.48999999999753,1.0
5550,55.49999999999753,1.0
5551,55.509999999997525,1.0
5552,55.51999999999752,1.0
5553,55.52999999999752,1.0
5554,55.53999999999752,1.0
5555,55.54999999999752,1.0
5556,55.559999999997515,1.0
5557,55.56999999999751,1.0
5558,55.57999999999751,1.0
5559,55.58999999999751,1.0
5560,55.59999999999751,1.0
5561,55.609999999997505,1.0
5562,55.6199999999975,1.0
5563,55.6299999999975,1.0
5564,55.6399999999975,1.0
5565,55.6499999999975,1.0
5566,55.659999999997495,1.0
5567,55.66999999999749,1.0
5568,55.67999999999749,1.0
5569,55.68999999999749,1.0
5570,55.69999999999749,1.0
5571,55.709999999997486,1.0
5572,55.71999999999748,1.0
5573,55.72999999999748,1.0
5574,55.73999999999748,1.0
5575,55.74999999999748,1.0
5576,55.759999999997476,1.0
5577,55.769999999997474,1.0
5578,55.77999999999747,1.0
5579,55.78999999999747,1.0
5580,55.79999999999747,1.0
5581,55.809999999997466,1.0
5582,55.819999999997464,1.0
5583,55.82999999999746,1.0
5584,55.83999999999746,1.0
5585,55.84999999999746,1.0
5586,55.859999999997456,1.0
5587,55.869999999997454,1.0
5588,55.87999999999745,1.0
5589,55.88999999999745,1.0
5590,55.89999999999745,1.0
5591,55.909999999997446,1.0
5592,55.919999999997444,1.0
5593,55.92999999999744,1.0
5594,55.93999999999744,1.0
5595,55.94999999999744,1.0
5596,55.959999999997436,1.0
5597,55.969999999997434,1.0
5598,55.97999999999743,1.0
5599,55.98999999999743,1.0
5600,55.99999999999743,1.0
5601,56.009999999997426,1.0
5602,56.019999999997424,1.0
5603,56.02999999999742,1.0
5604,56.03999999999742,1.0
5605,56.04999999999742,1.0
5606,56.059999999997416,1.0
5607,56.069999999997414,1.0
5608,56.07999999999741,1.0
5609,56.08999999999741,1.0
5610,56.09999999999741,1.0
5611,56.109999999997406,1.0
5612,56.119999999997404,1.0
5613,56.1299999999974,1.0
5614,56.1399999999974,1.0
5615,56.1499999999974,1.0
5616,56.159999999997396,1.0
5617,56.169999999997394,1.0
5618,56.17999999999739,1.0
5619,56.18999999999739,1.0
5620,56.19999999999739,1.0
5621,56.209999999997386,1.0
5622,56.219999999997384,1.0
5623,56.22999999999738,1.0
5624,56.23999999999738,1.0
5625,56.24999999999738,1.0
5626,56.259999999997376,1.0
5627,56.269999999997374,1.0
5628,56.27999999999737,1.0
5629,56.28999999999737,1.0
5630,56.29999999999737,1.0
5631,56.309999999997366,1.0
5632,56.319999999997364,1.0
5633,56.32999999999736,1.0
5634,56.33999999999736,1.0
5635,56.34999999999736,1.0
5636,56.359999999997356,1.0
5637,56.369999999997354,1.0
5638,56.37999999999735,1.0
5639,56.38999999999735,1.0
5640,56.39999999999735,1.0
5641,56.409999999997346,1.0
5642,56.419999999997344,1.0
5643,56.42999999999734,1.0
5644,56.43999999999734,1.0
5645,56.44999999999734,1.0
5646,56.459999999997336,1.0
5647,56.469999999997334,1.0
5648,56.47999999999733,1.0
5649,56.48999999999733,1.0
5650,56.49999999999733,1.0
5651,56.509999999997326,1.0
5652,56.519999999997324,1.0
5653,56.52999999999732,1.0
5654,56.53999999999732,1.0
5655,56.54999999999732,1.0
5656,56.559999999997316,1.0
5657,56.569999999997314,1.0
5658,56.57999999999731,1.0
5659,56.58999999999731,1.0
5660,56.59999999999731,1.0
5661,56.60999999999731,1.0
5662,56.619999999997304,1.0
5663,56.6299999999973,1.0
5664,56.6399999999973,1.0
5665,56.6499999999973,1.0
5666,56.6599999999973,1.0
5667,56.669999999997295,1.0
5668,56.67999999999729,1.0
5669,56.68999999999729,1.0
5670,56.69999999999729,1.0
5671,56.70999999999729,1.0
5672,56.719999999997285,1.0
5673,56.72999999999728,1.0
5674,56.73999999999728,1.0
5675,56.74999999999728,1.0
5676,56.75999999999728,1.0
5677,56.769999999997275,1.0
5678,56.77999999999727,1.0
5679,56.78999999999727,1.0
5680,56.79999999999727,1.0
5681,56.80999999999727,1.0
5682,56.819999999997265,1.0
5683,56.82999999999726,1.0
5684,56.83999999999726,1.0
5685,56.84999999999726,1.0
5686,56.85999999999726,1.0
5687,56.869999999997255,1.0
5688,56.87999999999725,1.0
5689,56.88999999999725,1.0
5690,56.89999999999725,1.0
5691,56.90999999999725,1.0
5692,56.919999999997245,1.0
5693,56.92999999999724,1.0
5694,56.93999999999724,1.0
5695,56.94999999999724,1.0
5696,56.95999999999724,1.0
5697,56.969999999997235,1.0
5698,56.97999999999723,1.0
5699,56.98999999999723,1.0
5700,56.99999999999723,1.0
5701,57.00999999999723,1.0
5702,57.019999999997225,1.0
5703,57.02999999999722,1.0
5704,57.03999999999722,1.0
5705,57.04999999999722,1.0
5706,57.05999999999722,1.0
5707,57.069999999997215,1.0
5708,57.07999999999721,1.0
5709,57.08999999999721,1.0
5710,57.09999999999721,1.0
5711,57.10999999999721,1.0
5712,57.119999999997205,1.0
5713,57.1299999999972,1.0
5714,57.1399999999972,1.0
5715,57.1499999999972,1.0
5716,57.1599999999972,1.0
5717,57.169999999997195,1.0
5718,57.17999999999719,1.0
5719,57.18999999999719,1.0
5720,57.19999999999719,1.0
5721,57.20999999999719,1.0
5722,57.219999999997185,1.0
5723,57.22999999999718,1.0
5724,57.23999999999718,1.0
5725,57.24999999999718,1.0
5726,57.25999999999718,1.0
5727,57.269999999997175,1.0
5728,57.27999999999717,1.0
5729,57.28999999999717,1.0
5730,57.29999999999717,1.0
5731,57.30999999999717,1.0
5732,57.319999999997165,1.0
5733,57.32999999999716,1.0
5734,57.33999999999716,1.0
5735,57.34999999999716,1.0
5736,57.35999999999716,1.0
5737,57.369999999997155,1.0
5738,57.37999999999715,1.0
5739,57.38999999999715,1.0
5740,57.39999999999715,1.0
5741,57.40999999999715,1.0
5742,57.419999999997145,1.0
5743,57.42999999999714,1.0
5744,57.43999999999714,1.0
5745,57.44999999999714,1.0
5746,57.45999999999714,1.0
5747,57.469999999997135,1.0
5748,57.47999999999713,1.0
5749,57.48999999999713,1.0
5750,57.49999999999713,1.0
5751,57.50999999999713,1.0
5752,57.519999999997125,1.0
5753,57.52999999999712,1.0
5754,57.53999999999712,1.0
5755,57.54999999999712,1.0
5756,57.55999999999712,1.0
5757,57.569999999997115,1.0
5758,57.57999999999711,1.0
5759,57.58999999999711,1.0
5760,57.59999999999711,1.0
5761,57.60999999999711,1.0
5762,57.619999999997106,1.0
5763,57.6299999999971,1.0
5764,57.6399999999971,1.0
5765,57.6499999999971,1.0
5766,57.6599999999971,1.0
5767,57.669999999997096,1.0
5768,57.679999999997094,1.0
5769,57.68999999999709,1.0
5770,57.69999999999709,1.0
5771,57.70999999999709,1.0
5772,57.719999999997086,1.0
5773,57.729999999997084,1.0
5774,57.73999999999708,1.0
5775,57.74999999999708,1.0
5776,57.75999999999708,1.0
5777,57.769999999997076,1.0
5778,57.779999999997074,1.0
5779,57.78999999999707,1.0
5780,57.79999999999707,1.0
5781,57.80999999999707,1.0
5782,57.819999999997066,1.0
5783,57.829999999997064,1.0
5784,57.83999999999706,1.0
5785,57.84999999999706,1.0
5786,57.85999999999706,1.0
5787,57.869999999997056,1.0
5788,57.879999999997054,1.0
5789,57.88999999999705,1.0
5790,57.89999999999705,1.0
5791,57.90999999999705,1.0
5792,57.919999999997046,1.0
5793,57.929999999997044,1.0
5794,57.93999999999704,1.0
5795,57.94999999999704,1.0
5796,57.95999999999704,1.0
5797,57.969999999997036,1.0
5798,57.979999999997034,1.0
5799,57.98999999999703,1.0
5800,57.99999999999703,1.0
5801,58.00999999999703,1.0
5802,58.019999999997026,1.0
5803,58.029999999997024,1.0
5804,58.03999999999702,1.0
5805,58.04999999999702,1.0
5806,58.05999999999702,1.0
5807,58.069999999997016,1.0
5808,58.079999999997014,1.0
5809,58.08999999999701,1.0
5810,58.09999999999701,1.0
5811,58.10999999999701,1.0
5812,58.119999999997006,1.0
5813,58.129999999997004,1.0
5814,58.139999999997,1.0
5815,58.149999999997,1.0
5816,58.159999999997,1.0
5817,58.169999999996996,1.0
5818,58.179999999996994,1.0
5819,58.18999999999699,1.0
5820,58.19999999999699,1.0
5821,58.20999999999699,1.0
5822,58.219999999996986,1.0
5823,58.229999999996984,1.0
5824,58.23999999999698,1.0
5825,58.24999999999698,1.0
5826,58.25999999999698,1.0
5827,58.269999999996976,1.0
5828,58.279999999996974,1.0
5829,58.28999999999697,1.0
5830,58.29999999999697,1.0
5831,58.30999999999697,1.0
5832,58.319999999996966,1.0
5833,58.329999999996964,1.0
5834,58.33999999999696,1.0
5835,58.34999999999696,1.0
5836,58.35999999999696,1.0
5837,58.369999999996956,1.0
5838,58.379999999996954,1.0
5839,58.38999999999695,1.0
5840,58.39999999999695,1.0
5841,58.40999999999695,1.0
5842,58.419999999996946,1.0
5843,58.429999999996944,1.0
5844,58.43999999999694,1.0
5845,58.44999999999694,1.0
5846,58.45999999999694,1.0
5847,58.469999999996936,1.0
5848,58.479999999996934,1.0
5849,58.48999999999693,1.0
5850,58.49999999999693,1.0
5851,58.50999999999693,1.0
5852,58.51999999999693,1.0
5853,58.529999999996924,1.0
5854,58.53999999999692,1.0
5855,58.54999999999692,1.0
5856,58.55999999999692,1.0
5857,58.56999999999692,1.0
5858,58.579999999996915,1.0
5859,58.58999999999691,1.0
5860,58.59999999999691,1.0
5861,58.60999999999691,1.0
5862,58.61999999999691,1.0
5863,58.629999999996905,1.0
5864,58.6399999999969,1.0
5865,58.6499999999969,1.0
5866,58.6599999999969,1.0
5867,58.6699999999969,1.0
5868,58.679999999996895,1.0
5869,58.68999999999689,1.0
5870,58.69999999999689,1.0
5871,58.70999999999689,1.0
5872,58.71999999999689,1.0
5873,58.729999999996885,1.0
5874,58.73999999999688,1.0
5875,58.74999999999688,1.0
5876,58.75999999999688,1.0
5877,58.76999999999688,1.0
5878,58.779999999996875,1.0
5879,58.78999999999687,1.0
5880,58.79999999999687,1.0
5881,58.80999999999687,1.0
5882,58.81999999999687,1.0
5883,58.829999999996865,1.0
5884,58.83999999999686,1.0
5885,58.84999999999686,1.0
5886,58.85999999999686,1.0
5887,58.86999999999686,1.0
5888,58.879999999996855,1.0
5889,58.88999999999685,1.0
5890,58.89999999999685,1.0
5891,58.90999999999685,1.0
5892,58.91999999999685,1.0
5893,58.929999999996845,1.0
5894,58.93999999999684,1.0
5895,58.94999999999684,1.0
5896,58.95999999999684,1.0
5897,58.96999999999684,1.0
5898,58.979999999996835,1.0
5899,58.98999999999683,1.0
5900,58.99999999999683,1.0
5901,59.00999999999683,1.0
5902,59.01999999999683,1.0
5903,59.029999999996825,1.0
5904,59.03999999999682,1.0
5905,59.04999999999682,1.0
5906,59.05999999999682,1.0
5907,59.06999999999682,1.0
5908,59.079999999996815,1.0
5909,59.08999999999681,1.0
5910,59.09999999999681,1.0
5911,59.10999999999681,1.0
5912,59.11999999999681,1.0
5913,59.129999999996805,1.0
5914,59.1399999999968,1.0
5915,59.1499999999968,1.0
5916,59.1599999999968,1.0
5917,59.1699999999968,1.0
5918,59.179999999996795,1.0
5919,59.18999999999679,1.0
5920,59.19999999999679,1.0
5921,59.20999999999679,1.0
5922,59.21999999999679,1.0
5923,59.229999999996785,1.0
5924,59.23999999999678,1.0
5925,59.24999999999678,1.0
5926,59.25999999999678,1.0
5927,59.26999999999678,1.0
5928,59.279999999996775,1.0
5929,59.28999999999677,1.0
5930,59.29999999999677,1.0
5931,59.30999999999677,1.0
5932,59.31999999999677,1.0
5933,59.329999999996765,1.0
5934,59.33999999999676,1.0
5935,59.34999999999676,1.0
5936,59.35999999999676,1.0
5937,59.36999999999676,1.0
5938,59.379999999996755,1.0
5939,59.38999999999675,1.0
5940,59.39999999999675,1.0
5941,59.40999999999675,1.0
5942,59.41999999999675,1.0
5943,59.429999999996745,1.0
5944,59.43999999999674,1.0
5945,59.44999999999674,1.0
5946,59.45999999999674,1.0
5947,59.46999999999674,1.0
5948,59.479999999996735,1.0
5949,59.48999999999673,1.0
5950,59.49999999999673,1.0
5951,59.50999999999673,1.0
5952,59.51999999999673,1.0
5953,59.529999999996726,1.0
5954,59.53999999999672,1.0
5955,59.54999999999672,1.0
5956,59.55999999999672,1.0
5957,59.56999999999672,1.0
5958,59.579999999996716,1.0
5959,59.589999999996714,1.0
5960,59.59999999999671,1.0
5961,59.60999999999671,1.0
5962,59.61999999999671,1.0
5963,59.629999999996706,1.0
5964,59.639999999996704,1.0
5965,59.6499999999967,1.0
5966,59.6599999999967,1.0
5967,59.6699999999967,1.0
5968,59.679999999996696,1.0
5969,59.689999999996694,1.0
5970,59.69999999999669,1.0
5971,59.70999999999669,1.0
5972,59.71999999999669,1.0
5973,59.729999999996686,1.0
5974,59.739999999996684,1.0
5975,59.74999999999668,1.0
5976,59.75999999999668,1.0
5977,59.76999999999668,1.0
5978,59.779999999996676,1.0
5979,59.789999999996674,1.0
5980,59.79999999999667,1.0
5981,59.80999999999667,1.0
5982,59.81999999999667,1.0
5983,59.829999999996666,1.0
5984,59.839999999996664,1.0
5985,59.84999999999666,1.0
5986,59.85999999999666,1.0
5987,59.86999999999666,1.0
5988,59.879999999996656,1.0
5989,59.889999999996654,1.0
5990,59.89999999999665,1.0
5991,59.90999999999665,1.0
5992,59.91999999999665,1.0
5993,59.929999999996646,1.0
5994,59.939999999996644,1.0
5995,59.94999999999664,1.0
5996,59.95999999999664,1.0
5997,59.96999999999664,1.0
5998,59.979999999996636,1.0
5999,59.989999999996634,1.0
6000,59.99999999999663,1.0
6001,60.00999999999663,1.0
6002,60.01999999999663,1.0
6003,60.029999999996626,1.0
6004,60.039999999996624,1.0
6005,60.04999999999662,1.0
6006,60.05999999999662,1.0
6007,60.06999999999662,1.0
6008,60.079999999996616,1.0
6009,60.089999999996614,1.0
6010,60.09999999999661,1.0
6011,60.10999999999661,1.0
6012,60.11999999999661,1.0
6013,60.129999999996606,1.0
6014,60.139999999996604,1.0
6015,60.1499999999966,1.0
6016,60.1599999999966,1.0
6017,60.1699999999966,1.0
6018,60.179999999996596,1.0
6019,60.189999999996594,1.0
6020,60.19999999999659,1.0
6021,60.20999999999659,1.0
6022,60.21999999999659,1.0
6023,60.229999999996586,1.0
6024,60.239999999996584,1.0
6025,60.24999999999658,1.0
6026,60.25999999999658,1.0
6027,60.26999999999658,1.0
6028,60.279999999996576,1.0
6029,60.289999999996574,1.0
6030,60.29999999999657,1.0
6031,60.30999999999657,1.0
6032,60.31999999999657,1.0
6033,60.329999999996566,1.0
6034,60.339999999996564,1.0
6035,60.34999999999656,1.0
6036,60.35999999999656,1.0
6037,60.36999999999656,1.0
6038,60.379999999996556,1.0
6039,60.389999999996554,1.0
6040,60.39999999999655,1.0
6041,60.40999999999655,1.0
6042,60.41999999999655,1.0
6043,60.42999999999655,1.0
6044,60.439999999996544,1.0
6045,60.44999999999654,1.0
6046,60.45999999999654,1.0
6047,60.46999999999654,1.0
6048,60.47999999999654,1.0
6049,60.489999999996535,1.0
6050,60.49999999999653,1.0
6051,60.50999999999653,1.0
6052,60.51999999999653,1.0
6053,60.52999999999653,1.0
6054,60.539999999996525,1.0
6055,60.54999999999652,1.0
6056,60.55999999999652,1.0
6057,60.56999999999652,1.0
6058,60.57999999999652,1.0
6059,60.589999999996515,1.0
6060,60.59999999999651,1.0
6061,60.60999999999651,1.0
6062,60.61999999999651,1.0
6063,60.62999999999651,1.0
6064,60.639999999996505,1.0
6065,60.6499999999965,1.0
6066,60.6599999999965,1.0
6067,60.6699999999965,1.0
6068,60.6799999999965,1.0
6069,60.689999999996495,1.0
6070,60.69999999999649,1.0
6071,60.70999999999649,1.0
6072,60.71999999999649,1.0
6073,60.72999999999649,1.0
6074,60.739999999996485,1.0
6075,60.74999999999648,1.0
6076,60.75999999999648,1.0
6077,60.76999999999648,1.0
6078,60.77999999999648,1.0
6079,60.789999999996475,1.0
6080,60.79999999999647,1.0
6081,60.80999999999647,1.0
6082,60.81999999999647,1.0
6083,60.82999999999647,1.0
6084,60.839999999996465,1.0
6085,60.84999999999646,1.0
6086,60.85999999999646,1.0
6087,60.86999999999646,1.0
6088,60.87999999999646,1.0
6089,60.889999999996455,1.0
6090,60.89999999999645,1.0
6091,60.90999999999645,1.0
6092,60.91999999999645,1.0
6093,60.92999999999645,1.0
6094,60.939999999996445,1.0
6095,60.94999999999644,1.0
6096,60.95999999999644,1.0
6097,60.96999999999644,1.0
6098,60.97999999999644,1.0
6099,60.989999999996435,1.0
6100,60.99999999999643,1.0
6101,61.00999999999643,1.0
6102,61.01999999999643,1.0
6103,61.02999999999643,1.0
6104,61.039999999996425,1.0
6105,61.04999999999642,1.0
6106,61.05999999999642,1.0
6107,61.06999999999642,1.0
6108,61.07999999999642,1.0
6109,61.089999999996415,1.0
6110,61.09999999999641,1.0
6111,61.10999999999641,1.0
6112,61.11999999999641,1.0
6113,61.12999999999641,1.0
6114,61.139999999996405,1.0
6115,61.1499999999964,1.0
6116,61.1599999999964,1.0
6117,61.1699999999964,1.0
6118,61.1799999999964,1.0
6119,61.189999999996395,1.0
6120,61.19999999999639,1.0
6121,61.20999999999639,1.0
6122,61.21999999999639,1.0
6123,61.22999999999639,1.0
6124,61.239999999996385,1.0
6125,61.24999999999638,1.0
6126,61.25999999999638,1.0
6127,61.26999999999638,1.0
6128,61.27999999999638,1.0
6129,61.289999999996375,1.0
6130,61.29999999999637,1.0
6131,61.30999999999637,1.0
6132,61.31999999999637,1.0
6133,61.32999999999637,1.0
6134,61.339999999996365,1.0
6135,61.34999999999636,1.0
6136,61.35999999999636,1.0
6137,61.36999999999636,1.0
6138,61.37999999999636,1.0
6139,61.389999999996355,1.0
6140,61.39999999999635,1.0
6141,61.40999999999635,1.0
6142,61.41999999999635,1.0
6143,61.42999999999635,1.0
6144,61.439999999996346,1.0
6145,61.44999999999634,1.0
6146,61.45999999999634,1.0
6147,61.46999999999634,1.0
6148,61.47999999999634,1.0
6149,61.489999999996336,1.0
6150,61.499999999996334,1.0
6151,61.50999999999633,1.0
6152,61.51999999999633,1.0
6153,61.52999999999633,1.0
6154,61.539999999996326,1.0
6155,61.549999999996324,1.0
6156,61.55999999999632,1.0
6157,61.56999999999632,1.0
6158,61.57999999999632,1.0
6159,61.589999999996316,1.0
6160,61.599999999996314,1.0
6161,61.60999999999631,1.0
6162,61.61999999999631,1.0
6163,61.62999999999631,1.0
6164,61.639999999996306,1.0
6165,61.649999999996304,1.0
6166,61.6599999999963,1.0
6167,61.6699999999963,1.0
6168,61.6799999999963,1.0
6169,61.689999999996296,1.0
6170,61.699999999996294,1.0
6171,61.70999999999629,1.0
6172,61.71999999999629,1.0
6173,61.72999999999629,1.0
6174,61.739999999996286,1.0
6175,61.749999999996284,1.0
6176,61.75999999999628,1.0
6177,61.76999999999628,1.0
6178,61.77999999999628,1.0
6179,61.789999999996276,1.0
6180,61.799999999996274,1.0
6181,61.80999999999627,1.0
6182,61.81999999999627,1.0
6183,61.82999999999627,1.0
6184,61.839999999996266,1.0
6185,61.849999999996264,1.0
6186,61.85999999999626,1.0
6187,61.86999999999626,1.0
6188,61.87999999999626,1.0
6189,61.889999999996256,1.0
6190,61.899999999996254,1.0
6191,61.90999999999625,1.0
6192,61.91999999999625,1.0
6193,61.92999999999625,1.0
6194,61.939999999996246,1.0
6195,61.949999999996244,1.0
6196,61.95999999999624,1.0
6197,61.96999999999624,1.0
6198,61.97999999999624,1.0
6199,61.989999999996236,1.0
6200,61.999999999996234,1.0
6201,62.00999999999623,1.0
6202,62.01999999999623,1.0
6203,62.02999999999623,1.0
6204,62.039999999996226,1.0
6205,62.049999999996224,1.0
6206,62.05999999999622,1.0
6207,62.06999999999622,1.0
6208,62.07999999999622,1.0
6209,62.089999999996216,1.0
6210,62.099999999996214,1.0
6211,62.10999999999621,1.0
6212,62.11999999999621,1.0
6213,62.12999999999621,1.0
6214,62.139999999996206,1.0
6215,62.149999999996204,1.0
6216,62.1599999999962,1.0
6217,62.1699999999962,1.0
6218,62.1799999999962,1.0
6219,62.189999999996196,1.0
6220,62.199999999996194,1.0
6221,62.20999999999619,1.0
6222,62.21999999999619,1.0
6223,62.22999999999619,1.0
6224,62.239999999996186,1.0
6225,62.249999999996184,1.0
6226,62.25999999999618,1.0
6227,62.26999999999618,1.0
6228,62.27999999999618,1.0
6229,62.289999999996176,1.0
6230,62.299999999996174,1.0
6231,62.30999999999617,1.0
6232,62.31999999999617,1.0
6233,62.32999999999617,1.0
6234,62.33999999999617,1.0
6235,62.349999999996164,1.0
6236,62.35999999999616,1.0
6237,62.36999999999616,1.0
6238,62.37999999999616,1.0
6239,62.38999999999616,1.0
6240,62.399999999996155,1.0
6241,62.40999999999615,1.0
6242,62.41999999999615,1.0
6243,62.42999999999615,1.0
6244,62.43999999999615,1.0
6245,62.449999999996145,1.0
6246,62.45999999999614,1.0
6247,62.46999999999614,1.0
6248,62.47999999999614,1.0
6249,62.48999999999614,1.0
6250,62.499999999996135,1.0
6251,62.50999999999613,1.0
6252,62.51999999999613,1.0
6253,62.52999999999613,1.0
6254,62.53999999999613,1.0
6255,62.549999999996125,1.0
6256,62.55999999999612,1.0
6257,62.56999999999612,1.0
6258,62.57999999999612,1.0
6259,62.58999999999612,1.0
6260,62.599999999996115,1.0
6261,62.60999999999611,1.0
6262,62.61999999999611,1.0
6263,62.62999999999611,1.0
6264,62.63999999999611,1.0
6265,62.649999999996105,1.0
6266,62.6599999999961,1.0
6267,62.6699999999961,1.0
6268,62.6799999999961,1.0
6269,62.6899999999961,1.0
6270,62.699999999996095,1.0
6271,62.70999999999609,1.0
6272,62.71999999999609,1.0
6273,62.72999999999609,1.0
6274,62.73999999999609,1.0
6275,62.749999999996085,1.0
6276,62.75999999999608,1.0
6277,62.76999999999608,1.0
6278,62.77999999999608,1.0
6279,62.78999999999608,1.0
6280,62.799999999996075,1.0
6281,62.80999999999607,1.0
6282,62.81999999999607,1.0
6283,62.82999999999607,1.0
6284,62.83999999999607,1.0
6285,62.849999999996065,1.0
6286,62.85999999999606,1.0
6287,62.86999999999606,1.0
6288,62.87999999999606,1.0
6289,62.88999999999606,1.0
6290,62.899999999996055,1.0
6291,62.90999999999605,1.0
6292,62.91999999999605,1.0
6293,62.92999999999605,1.0
6294,62.93999999999605,1.0
6295,62.949999999996045,1.0
6296,62.95999999999604,1.0
6297,62.96999999999604,1.0
6298,62.97999999999604,1.0
6299,62.98999999999604,1.0
6300,62.999999999996035,1.0
6301,63.00999999999603,1.0
6302,63.01999999999603,1.0
6303,63.02999999999603,1.0
6304,63.03999999999603,1.0
6305,63.049999999996025,1.0
6306,63.05999999999602,1.0
6307,63.06999999999602,1.0
6308,63.07999999999602,1.0
6309,63.08999999999602,1.0
6310,63.099999999996015,1.0
6311,63.10999999999601,1.0
6312,63.11999999999601,1.0
6313,63.12999999999601,1.0
6314,63.13999999999601,1.0
6315,63.149999999996005,1.0
6316,63.159999999996,1.0
6317,63.169999999996,1.0
6318,63.179999999996,1.0
6319,63.189999999996,1.0
6320,63.199999999995995,1.0
6321,63.20999999999599,1.0
6322,63.21999999999599,1.0
6323,63.22999999999599,1.0
6324,63.23999999999599,1.0
6325,63.249999999995985,1.0
6326,63.25999999999598,1.0
6327,63.26999999999598,1.0
6328,63.27999999999598,1.0
6329,63.28999999999598,1.0
6330,63.299999999995975,1.0
6331,63.30999999999597,1.0
6332,63.31999999999597,1.0
6333,63.32999999999597,1.0
6334,63.33999999999597,1.0
6335,63.349999999995966,1.0
6336,63.35999999999596,1.0
6337,63.36999999999596,1.0
6338,63.37999999999596,1.0
6339,63.38999999999596,1.0
6340,63.399999999995956,1.0
6341,63.409999999995954,1.0
6342,63.41999999999595,1.0
6343,63.42999999999595,1.0
6344,63.43999999999595,1.0
6345,63.449999999995946,1.0
6346,63.459999999995944,1.0
6347,63.46999999999594,1.0
6348,63.47999999999594,1.0
6349,63.48999999999594,1.0
6350,63.499999999995936,1.0
6351,63.509999999995934,1.0
6352,63.51999999999593,1.0
6353,63.52999999999593,1.0
6354,63.53999999999593,1.0
6355,63.549999999995926,1.0
6356,63.559999999995924,1.0
6357,63.56999999999592,1.0
6358,63.57999999999592,1.0
6359,63.58999999999592,1.0
6360,63.599999999995916,1.0
6361,63.609999999995914,1.0
6362,63.61999999999591,1.0
6363,63.62999999999591,1.0
6364,63.63999999999591,1.0
6365,63.649999999995906,1.0
6366,63.659999999995904,1.0
6367,63.6699999999959,1.0
6368,63.6799999999959,1.0
6369,63.6899999999959,1.0
6370,63.699999999995896,1.0
6371,63.709999999995894,1.0
6372,63.71999999999589,1.0
6373,63.72999999999589,1.0
6374,63.73999999999589,1.0
6375,63.749999999995886,1.0
6376,63.759999999995884,1.0
6377,63.76999999999588,1.0
6378,63.77999999999588,1.0
6379,63.78999999999588,1.0
6380,63.799999999995876,1.0
6381,63.809999999995874,1.0
6382,63.81999999999587,1.0
6383,63.82999999999587,1.0
6384,63.83999999999587,1.0
6385,63.849999999995866,1.0
6386,63.859999999995864,1.0
6387,63.86999999999586,1.0
6388,63.87999999999586,1.0
6389,63.88999999999586,1.0
6390,63.899999999995856,1.0
6391,63.909999999995854,1.0
6392,63.91999999999585,1.0
6393,63.92999999999585,1.0
6394,63.93999999999585,1.0
6395,63.949999999995846,1.0
6396,63.959999999995844,1.0
6397,63.96999999999584,1.0
6398,63.97999999999584,1.0
6399,63.98999999999584,1.0
6400,63.999999999995836,1.0
6401,64.00999999999584,1.0
6402,64.01999999999585,1.0
6403,64.02999999999585,1.0
6404,64.03999999999586,1.0
6405,64.04999999999586,1.0
6406,64.05999999999587,1.0
6407,64.06999999999587,1.0
6408,64.07999999999588,1.0
6409,64.08999999999588,1.0
6410,64.09999999999589,1.0
6411,64.10999999999589,1.0
6412,64.1199999999959,1.0
6413,64.1299999999959,1.0
6414,64.13999999999591,1.0
6415,64.14999999999591,1.0
6416,64.15999999999592,1.0
6417,64.16999999999592,1.0
6418,64.17999999999593,1.0
6419,64.18999999999593,1.0
6420,64.19999999999594,1.0
6421,64.20999999999594,1.0
6422,64.21999999999595,1.0
6423,64.22999999999595,1.0
6424,64.23999999999596,1.0
6425,64.24999999999596,1.0
6426,64.25999999999597,1.0
6427,64.26999999999597,1.0
6428,64.27999999999598,1.0
6429,64.28999999999598,1.0
6430,64.29999999999599,1.0
6431,64.309999999996,1.0
6432,64.319999999996,1.0
6433,64.329999999996,1.0
6434,64.33999999999601,1.0
6435,64.34999999999602,1.0
6436,64.35999999999602,1.0
6437,64.36999999999603,1.0
6438,64.37999999999603,1.0
6439,64.38999999999604,1.0
6440,64.39999999999604,1.0
6441,64.40999999999605,1.0
6442,64.41999999999605,1.0
6443,64.42999999999606,1.0
6444,64.43999999999606,1.0
6445,64.44999999999607,1.0
6446,64.45999999999607,1.0
6447,64.46999999999608,1.0
6448,64.47999999999608,1.0
6449,64.48999999999609,1.0
6450,64.49999999999609,1.0
6451,64.5099999999961,1.0
6452,64.5199999999961,1.0
6453,64.52999999999611,1.0
6454,64.53999999999611,1.0
6455,64.54999999999612,1.0
6456,64.55999999999612,1.0
6457,64.56999999999613,1.0
6458,64.57999999999613,1.0
6459,64.58999999999614,1.0
6460,64.59999999999614,1.0
6461,64.60999999999615,1.0
6462,64.61999999999615,1.0
6463,64.62999999999616,1.0
6464,64.63999999999616,1.0
6465,64.64999999999617,1.0
6466,64.65999999999617,1.0
6467,64.66999999999618,1.0
6468,64.67999999999618,1.0
6469,64.68999999999619,1.0
6470,64.6999999999962,1.0
6471,64.7099999999962,1.0
6472,64.7199999999962,1.0
6473,64.72999999999621,1.0
6474,64.73999999999621,1.0
6475,64.74999999999622,1.0
6476,64.75999999999623,1.0
6477,64.76999999999623,1.0
6478,64.77999999999624,1.0
6479,64.78999999999624,1.0
6480,64.79999999999625,1.0
6481,64.80999999999625,1.0
6482,64.81999999999626,1.0
6483,64.82999999999626,1.0
6484,64.83999999999627,1.0
6485,64.84999999999627,1.0
6486,64.85999999999628,1.0
6487,64.86999999999628,1.0
6488,64.87999999999629,1.0
6489,64.88999999999629,1.0
6490,64.8999999999963,1.0
6491,64.9099999999963,1.0
6492,64.9199999999963,1.0
6493,64.92999999999631,1.0
6494,64.93999999999632,1.0
6495,64.94999999999632,1.0
6496,64.95999999999633,1.0
6497,64.96999999999633,1.0
6498,64.97999999999634,1.0
6499,64.98999999999634,1.0
6500,64.99999999999635,1.0
6501,65.00999999999635,1.0
6502,65.01999999999636,1.0
6503,65.02999999999636,1.0
6504,65.03999999999637,1.0
6505,65.04999999999637,1.0
6506,65.05999999999638,1.0
6507,65.06999999999638,1.0
6508,65.07999999999639,1.0
6509,65.0899999999964,1.0
6510,65.0999999999964,1.0
6511,65.1099999999964,1.0
6512,65.11999999999641,1.0
6513,65.12999999999641,1.0
6514,65.13999999999642,1.0
6515,65.14999999999642,1.0
6516,65.15999999999643,1.0
6517,65.16999999999643,1.0
6518,65.17999999999644,1.0
6519,65.18999999999645,1.0
6520,65.19999999999645,1.0
6521,65.20999999999646,1.0
6522,65.21999999999646,1.0
6523,65.22999999999647,1.0
6524,65.23999999999647,1.0
6525,65.24999999999648,1.0
6526,65.25999999999648,1.0
6527,65.26999999999649,1.0
6528,65.27999999999649,1.0
6529,65.2899999999965,1.0
6530,65.2999999999965,1.0
6531,65.3099999999965,1.0
6532,65.31999999999651,1.0
6533,65.32999999999652,1.0
6534,65.33999999999652,1.0
6535,65.34999999999653,1.0
6536,65.35999999999653,1.0
6537,65.36999999999654,1.0
6538,65.37999999999654,1.0
6539,65.38999999999655,1.0
6540,65.39999999999655,1.0
6541,65.40999999999656,1.0
6542,65.41999999999656,1.0
6543,65.42999999999657,1.0
6544,65.43999999999657,1.0
6545,65.44999999999658,1.0
6546,65.45999999999658,1.0
6547,65.46999999999659,1.0
6548,65.4799999999966,1.0
6549,65.4899999999966,1.0
6550,65.4999999999966,1.0
6551,65.50999999999661,1.0
6552,65.51999999999661,1.0
6553,65.52999999999662,1.0
6554,65.53999999999662,1.0
6555,65.54999999999663,1.0
6556,65.55999999999663,1.0
6557,65.56999999999664,1.0
6558,65.57999999999664,1.0
6559,65.58999999999665,1.0
6560,65.59999999999665,1.0
6561,65.60999999999666,1.0
6562,65.61999999999666,1.0
6563,65.62999999999667,1.0
6564,65.63999999999668,1.0
6565,65.64999999999668,1.0
6566,65.65999999999669,1.0
6567,65.66999999999669,1.0
6568,65.6799999999967,1.0
6569,65.6899999999967,1.0
6570,65.6999999999967,1.0
6571,65.70999999999671,1.0
6572,65.71999999999672,1.0
6573,65.72999999999672,1.0
6574,65.73999999999673,1.0
6575,65.74999999999673,1.0
6576,65.75999999999674,1.0
6577,65.76999999999674,1.0
6578,65.77999999999675,1.0
6579,65.78999999999675,1.0
6580,65.79999999999676,1.0
6581,65.80999999999676,1.0
6582,65.81999999999677,1.0
6583,65.82999999999677,1.0
6584,65.83999999999678,1.0
6585,65.84999999999678,1.0
6586,65.85999999999679,1.0
6587,65.86999999999679,1.0
6588,65.8799999999968,1.0
6589,65.8899999999968,1.0
6590,65.89999999999681,1.0
6591,65.90999999999681,1.0
6592,65.91999999999682,1.0
6593,65.92999999999682,1.0
6594,65.93999999999683,1.0
6595,65.94999999999683,1.0
6596,65.95999999999684,1.0
6597,65.96999999999684,1.0
6598,65.97999999999685,1.0
6599,65.98999999999685,1.0
6600,65.99999999999686,1.0
6601,66.00999999999686,1.0
6602,66.01999999999687,1.0
6603,66.02999999999687,1.0
6604,66.03999999999688,1.0
6605,66.04999999999688,1.0
6606,66.05999999999689,1.0
6607,66.0699999999969,1.0
6608,66.0799999999969,1.0
6609,66.0899999999969,1.0
6610,66.09999999999691,1.0
6611,66.10999999999692,1.0
6612,66.11999999999692,1.0
6613,66.12999999999693,1.0
6614,66.13999999999693,1.0
6615,66.14999999999694,1.0
6616,66.15999999999694,1.0
6617,66.16999999999695,1.0
6618,66.17999999999695,1.0
6619,66.18999999999696,1.0
6620,66.19999999999696,1.0
6621,66.20999999999697,1.0
6622,66.21999999999697,1.0
6623,66.22999999999698,1.0
6624,66.23999999999698,1.0
6625,66.24999999999699,1.0
6626,66.25999999999699,1.0
6627,66.269999999997,1.0
6628,66.279999999997,1.0
6629,66.28999999999701,1.0
6630,66.29999999999701,1.0
6631,66.30999999999702,1.0
6632,66.31999999999702,1.0
6633,66.32999999999703,1.0
6634,66.33999999999703,1.0
6635,66.34999999999704,1.0
6636,66.35999999999704,1.0
6637,66.36999999999705,1.0
6638,66.37999999999705,1.0
6639,66.38999999999706,1.0
6640,66.39999999999706,1.0
6641,66.40999999999707,1.0
6642,66.41999999999707,1.0
6643,66.42999999999708,1.0
6644,66.43999999999708,1.0
6645,66.44999999999709,1.0
6646,66.4599999999971,1.0
6647,66.4699999999971,1.0
6648,66.4799999999971,1.0
6649,66.48999999999711,1.0
6650,66.49999999999712,1.0
6651,66.50999999999712,1.0
6652,66.51999999999713,1.0
6653,66.52999999999713,1.0
6654,66.53999999999714,1.0
6655,66.54999999999714,1.0
6656,66.55999999999715,1.0
6657,66.56999999999715,1.0
6658,66.57999999999716,1.0
6659,66.58999999999716,1.0
6660,66.59999999999717,1.0
6661,66.60999999999717,1.0
6662,66.61999999999718,1.0
6663,66.62999999999718,1.0
6664,66.63999999999719,1.0
6665,66.64999999999719,1.0
6666,66.6599999999972,1.0
6667,66.6699999999972,1.0
6668,66.67999999999721,1.0
6669,66.68999999999721,1.0
6670,66.69999999999722,1.0
6671,66.70999999999722,1.0
6672,66.71999999999723,1.0
6673,66.72999999999723,1.0
6674,66.73999999999724,1.0
6675,66.74999999999724,1.0
6676,66.75999999999725,1.0
6677,66.76999999999725,1.0
6678,66.77999999999726,1.0
6679,66.78999999999726,1.0
6680,66.79999999999727,1.0
6681,66.80999999999727,1.0
6682,66.81999999999728,1.0
6683,66.82999999999728,1.0
6684,66.83999999999729,1.0
6685,66.8499999999973,1.0
6686,66.8599999999973,1.0
6687,66.8699999999973,1.0
6688,66.87999999999731,1.0
6689,66.88999999999731,1.0
6690,66.89999999999732,1.0
6691,66.90999999999732,1.0
6692,66.91999999999733,1.0
6693,66.92999999999734,1.0
6694,66.93999999999734,1.0
6695,66.94999999999735,1.0
6696,66.95999999999735,1.0
6697,66.96999999999736,1.0
6698,66.97999999999736,1.0
6699,66.98999999999737,1.0
6700,66.99999999999737,1.0
6701,67.00999999999738,1.0
6702,67.01999999999738,1.0
6703,67.02999999999739,1.0
6704,67.03999999999739,1.0
6705,67.0499999999974,1.0
6706,67.0599999999974,1.0
6707,67.0699999999974,1.0
6708,67.07999999999741,1.0
6709,67.08999999999742,1.0
6710,67.09999999999742,1.0
6711,67.10999999999743,1.0
6712,67.11999999999743,1.0
6713,67.12999999999744,1.0
6714,67.13999999999744,1.0
6715,67.14999999999745,1.0
6716,67.15999999999745,1.0
6717,67.16999999999746,1.0
6718,67.17999999999746,1.0
6719,67.18999999999747,1.0
6720,67.19999999999747,1.0
6721,67.20999999999748,1.0
6722,67.21999999999748,1.0
6723,67.22999999999749,1.0
6724,67.2399999999975,1.0
6725,67.2499999999975,1.0
6726,67.2599999999975,1.0
6727,67.26999999999751,1.0
6728,67.27999999999751,1.0
6729,67.28999999999752,1.0
6730,67.29999999999752,1.0
6731,67.30999999999753,1.0
6732,67.31999999999753,1.0
6733,67.32999999999754,1.0
6734,67.33999999999754,1.0
6735,67.34999999999755,1.0
6736,67.35999999999756,1.0
6737,67.36999999999756,1.0
6738,67.37999999999757,1.0
6739,67.38999999999757,1.0
6740,67.39999999999758,1.0
6741,67.40999999999758,1.0
6742,67.41999999999759,1.0
6743,67.42999999999759,1.0
6744,67.4399999999976,1.0
6745,67.4499999999976,1.0
6746,67.4599999999976,1.0
6747,67.46999999999761,1.0
6748,67.47999999999762,1.0
6749,67.48999999999762,1.0
6750,67.49999999999763,1.0
6751,67.50999999999763,1.0
6752,67.51999999999764,1.0
6753,67.52999999999764,1.0
6754,67.53999999999765,1.0
6755,67.54999999999765,1.0
6756,67.55999999999766,1.0
6757,67.56999999999766,1.0
6758,67.57999999999767,1.0
6759,67.58999999999767,1.0
6760,67.59999999999768,1.0
6761,67.60999999999768,1.0
6762,67.61999999999769,1.0
6763,67.6299999999977,1.0
6764,67.6399999999977,1.0
6765,67.6499999999977,1.0
6766,67.65999999999771,1.0
6767,67.66999999999771,1.0
6768,67.67999999999772,1.0
6769,67.68999999999772,1.0
6770,67.69999999999773,1.0
6771,67.70999999999773,1.0
6772,67.71999999999774,1.0
6773,67.72999999999774,1.0
6774,67.73999999999775,1.0
6775,67.74999999999775,1.0
6776,67.75999999999776,1.0
6777,67.76999999999776,1.0
6778,67.77999999999777,1.0
6779,67.78999999999778,1.0
6780,67.79999999999778,1.0
6781,67.80999999999779,1.0
6782,67.81999999999779,1.0
6783,67.8299999999978,1.0
6784,67.8399999999978,1.0
6785,67.8499999999978,1.0
6786,67.85999999999781,1.0
6787,67.86999999999782,1.0
6788,67.87999999999782,1.0
6789,67.88999999999783,1.0
6790,67.89999999999783,1.0
6791,67.90999999999784,1.0
6792,67.91999999999784,1.0
6793,67.92999999999785,1.0
6794,67.93999999999785,1.0
6795,67.94999999999786,1.0
6796,67.95999999999786,1.0
6797,67.96999999999787,1.0
6798,67.97999999999787,1.0
6799,67.98999999999788,1.0
6800,67.99999999999788,1.0
6801,68.00999999999789,1.0
6802,68.01999999999789,1.0
6803,68.0299999999979,1.0
6804,68.0399999999979,1.0
6805,68.04999999999791,1.0
6806,68.05999999999791,1.0
6807,68.06999999999792,1.0
6808,68.07999999999792,1.0
6809,68.08999999999793,1.0
6810,68.09999999999793,1.0
6811,68.10999999999794,1.0
6812,68.11999999999794,1.0
6813,68.12999999999795,1.0
6814,68.13999999999795,1.0
6815,68.14999999999796,1.0
6816,68.15999999999796,1.0
6817,68.16999999999797,1.0
6818,68.17999999999797,1.0
6819,68.18999999999798,1.0
6820,68.19999999999798,1.0
6821,68.20999999999799,1.0
6822,68.219999999998,1.0
6823,68.229999999998,1.0
6824,68.239999999998,1.0
6825,68.24999999999801,1.0
6826,68.25999999999802,1.0
6827,68.26999999999802,1.0
6828,68.27999999999803,1.0
6829,68.28999999999803,1.0
6830,68.29999999999804,1.0
6831,68.30999999999804,1.0
6832,68.31999999999805,1.0
6833,68.32999999999805,1.0
6834,68.33999999999806,1.0
6835,68.34999999999806,1.0
6836,68.35999999999807,1.0
6837,68.36999999999807,1.0
6838,68.37999999999808,1.0
6839,68.38999999999808,1.0
6840,68.39999999999809,1.0
6841,68.40999999999809,1.0
6842,68.4199999999981,1.0
6843,68.4299999999981,1.0
6844,68.43999999999811,1.0
6845,68.44999999999811,1.0
6846,68.45999999999812,1.0
6847,68.46999999999812,1.0
6848,68.47999999999813,1.0
6849,68.48999999999813,1.0
6850,68.49999999999814,1.0
6851,68.50999999999814,1.0
6852,68.51999999999815,1.0
6853,68.52999999999815,1.0
6854,68.53999999999816,1.0
6855,68.54999999999816,1.0
6856,68.55999999999817,1.0
6857,68.56999999999817,1.0
6858,68.57999999999818,1.0
6859,68.58999999999818,1.0
6860,68.59999999999819,1.0
6861,68.6099999999982,1.0
6862,68.6199999999982,1.0
6863,68.6299999999982,1.0
6864,68.63999999999821,1.0
6865,68.64999999999822,1.0
6866,68.65999999999822,1.0
6867,68.66999999999823,1.0
6868,68.67999999999823,1.0
6869,68.68999999999824,1.0
6870,68.69999999999824,1.0
6871,68.70999999999825,1.0
6872,68.71999999999825,1.0
6873,68.72999999999826,1.0
6874,68.73999999999826,1.0
6875,68.74999999999827,1.0
6876,68.75999999999827,1.0
6877,68.76999999999828,1.0
6878,68.77999999999828,1.0
6879,68.78999999999829,1.0
6880,68.79999999999829,1.0
6881,68.8099999999983,1.0
6882,68.8199999999983,1.0
6883,68.82999999999831,1.0
6884,68.83999999999831,1.0
6885,68.84999999999832,1.0
6886,68.85999999999832,1.0
6887,68.86999999999833,1.0
6888,68.87999999999833,1.0
6889,68.88999999999834,1.0
6890,68.89999999999834,1.0
6891,68.90999999999835,1.0
6892,68.91999999999835,1.0
6893,68.92999999999836,1.0
6894,68.93999999999836,1.0
6895,68.94999999999837,1.0
6896,68.95999999999837,1.0
6897,68.96999999999838,1.0
6898,68.97999999999838,1.0
6899,68.98999999999839,1.0
6900,68.9999999999984,1.0
6901,69.0099999999984,1.0
6902,69.0199999999984,1.0
6903,69.02999999999841,1.0
6904,69.03999999999841,1.0
6905,69.04999999999842,1.0
6906,69.05999999999842,1.0
6907,69.06999999999843,1.0
6908,69.07999999999844,1.0
6909,69.08999999999844,1.0
6910,69.09999999999845,1.0
6911,69.10999999999845,1.0
6912,69.11999999999846,1.0
6913,69.12999999999846,1.0
6914,69.13999999999847,1.0
6915,69.14999999999847,1.0
6916,69.15999999999848,1.0
6917,69.16999999999848,1.0
6918,69.17999999999849,1.0
6919,69.18999999999849,1.0
6920,69.1999999999985,1.0
6921,69.2099999999985,1.0
6922,69.2199999999985,1.0
6923,69.22999999999851,1.0
6924,69.23999999999852,1.0
6925,69.24999999999852,1.0
6926,69.25999999999853,1.0
6927,69.26999999999853,1.0
6928,69.27999999999854,1.0
6929,69.28999999999854,1.0
6930,69.29999999999855,1.0
6931,69.30999999999855,1.0
6932,69.31999999999856,1.0
6933,69.32999999999856,1.0
6934,69.33999999999857,1.0
6935,69.34999999999857,1.0
6936,69.35999999999858,1.0
6937,69.36999999999858,1.0
6938,69.37999999999859,1.0
6939,69.3899999999986,1.0
6940,69.3999999999986,1.0
6941,69.4099999999986,1.0
6942,69.41999999999861,1.0
6943,69.42999999999861,1.0
6944,69.43999999999862,1.0
6945,69.44999999999862,1.0
6946,69.45999999999863,1.0
6947,69.46999999999863,1.0
6948,69.47999999999864,1.0
6949,69.48999999999864,1.0
6950,69.49999999999865,1.0
6951,69.50999999999866,1.0
6952,69.51999999999866,1.0
6953,69.52999999999867,1.0
6954,69.53999999999867,1.0
6955,69.54999999999868,1.0
6956,69.55999999999868,1.0
6957,69.56999999999869,1.0
6958,69.57999999999869,1.0
6959,69.5899999999987,1.0
6960,69.5999999999987,1.0
6961,69.6099999999987,1.0
6962,69.61999999999871,1.0
6963,69.62999999999872,1.0
6964,69.63999999999872,1.0
6965,69.64999999999873,1.0
6966,69.65999999999873,1.0
6967,69.66999999999874,1.0
6968,69.67999999999874,1.0
6969,69.68999999999875,1.0
6970,69.69999999999875,1.0
6971,69.70999999999876,1.0
6972,69.71999999999876,1.0
6973,69.72999999999877,1.0
6974,69.73999999999877,1.0
6975,69.74999999999878,1.0
6976,69.75999999999878,1.0
6977,69.76999999999879,1.0
6978,69.7799999999988,1.0
6979,69.7899999999988,1.0
6980,69.7999999999988,1.0
6981,69.80999999999881,1.0
6982,69.81999999999881,1.0
6983,69.82999999999882,1.0
6984,69.83999999999882,1.0
6985,69.84999999999883,1.0
6986,69.85999999999883,1.0
6987,69.86999999999884,1.0
6988,69.87999999999884,1.0
6989,69.88999999999885,1.0
6990,69.89999999999885,1.0
6991,69.90999999999886,1.0
6992,69.91999999999886,1.0
6993,69.92999999999887,1.0
6994,69.93999999999888,1.0
6995,69.94999999999888,1.0
6996,69.95999999999889,1.0
6997,69.96999999999889,1.0
6998,69.9799999999989,1.0
6999,69.9899999999989,1.0
7000,69.9999999999989,1.0
7001,70.00999999999891,1.0
7002,70.01999999999892,1.0
7003,70.02999999999892,1.0
7004,70.03999999999893,1.0
7005,70.04999999999893,1.0
7006,70.05999999999894,1.0
7007,70.06999999999894,1.0
7008,70.07999999999895,1.0
7009,70.08999999999895,1.0
7010,70.09999999999896,1.0
7011,70.10999999999896,1.0
7012,70.11999999999897,1.0
7013,70.12999999999897,1.0
7014,70.13999999999898,1.0
7015,70.14999999999898,1.0
7016,70.15999999999899,1.0
7017,70.16999999999899,1.0
7018,70.179999999999,1.0
7019,70.189999999999,1.0
7020,70.19999999999901,1.0
7021,70.20999999999901,1.0
7022,70.21999999999902,1.0
7023,70.22999999999902,1.0
7024,70.23999999999903,1.0
7025,70.24999999999903,1.0
7026,70.25999999999904,1.0
7027,70.26999999999904,1.0
7028,70.27999999999905,1.0
7029,70.28999999999905,1.0
7030,70.29999999999906,1.0
7031,70.30999999999906,1.0
7032,70.31999999999907,1.0
7033,70.32999999999907,1.0
7034,70.33999999999908,1.0
7035,70.34999999999908,1.0
7036,70.35999999999909,1.0
7037,70.3699999999991,1.0
7038,70.3799999999991,1.0
7039,70.3899999999991,1.0
7040,70.39999999999911,1.0
7041,70.40999999999912,1.0
7042,70.41999999999912,1.0
7043,70.42999999999913,1.0
7044,70.43999999999913,1.0
7045,70.44999999999914,1.0
7046,70.45999999999914,1.0
7047,70.46999999999915,1.0
7048,70.47999999999915,1.0
7049,70.48999999999916,1.0
7050,70.49999999999916,1.0
7051,70.50999999999917,1.0
7052,70.51999999999917,1.0
7053,70.52999999999918,1.0
7054,70.53999999999918,1.0
7055,70.54999999999919,1.0
7056,70.55999999999919,1.0
7057,70.5699999999992,1.0
7058,70.5799999999992,1.0
7059,70.58999999999921,1.0
7060,70.59999999999921,1.0
7061,70.60999999999922,1.0
7062,70.61999999999922,1.0
7063,70.62999999999923,1.0
7064,70.63999999999923,1.0
7065,70.64999999999924,1.0
7066,70.65999999999924,1.0
7067,70.66999999999925,1.0
7068,70.67999999999925,1.0
7069,70.68999999999926,1.0
7070,70.69999999999926,1.0
7071,70.70999999999927,1.0
7072,70.71999999999927,1.0
7073,70.72999999999928,1.0
7074,70.73999999999928,1.0
7075,70.74999999999929,1.0
7076,70.7599999999993,1.0
7077,70.7699999999993,1.0
7078,70.7799999999993,1.0
7079,70.78999999999931,1.0
7080,70.79999999999932,1.0
7081,70.80999999999932,1.0
7082,70.81999999999933,1.0
7083,70.82999999999933,1.0
7084,70.83999999999934,1.0
7085,70.84999999999934,1.0
7086,70.85999999999935,1.0
7087,70.86999999999935,1.0
7088,70.87999999999936,1.0
7089,70.88999999999936,1.0
7090,70.89999999999937,1.0
7091,70.90999999999937,1.0
7092,70.91999999999938,1.0
7093,70.92999999999938,1.0
7094,70.93999999999939,1.0
7095,70.94999999999939,1.0
7096,70.9599999999994,1.0
7097,70.9699999999994,1.0
7098,70.97999999999941,1.0
7099,70.98999999999941,1.0
7100,70.99999999999942,1.0
7101,71.00999999999942,1.0
7102,71.01999999999943,1.0
7103,71.02999999999943,1.0
7104,71.03999999999944,1.0
7105,71.04999999999944,1.0
7106,71.05999999999945,1.0
7107,71.06999999999945,1.0
7108,71.07999999999946,1.0
7109,71.08999999999946,1.0
7110,71.09999999999947,1.0
7111,71.10999999999947,1.0
7112,71.11999999999948,1.0
7113,71.12999999999948,1.0
7114,71.13999999999949,1.0
7115,71.1499999999995,1.0
7116,71.1599999999995,1.0
7117,71.1699999999995,1.0
7118,71.17999999999951,1.0
7119,71.18999999999951,1.0
7120,71.19999999999952,1.0
7121,71.20999999999952,1.0
7122,71.21999999999953,1.0
7123,71.22999999999954,1.0
7124,71.23999999999954,1.0
7125,71.24999999999955,1.0
7126,71.25999999999955,1.0
7127,71.26999999999956,1.0
7128,71.27999999999956,1.0
7129,71.28999999999957,1.0
7130,71.29999999999957,1.0
7131,71.30999999999958,1.0
7132,71.31999999999958,1.0
7133,71.32999999999959,1.0
7134,71.33999999999959,1.0
7135,71.3499999999996,1.0
7136,71.3599999999996,1.0
7137,71.3699999999996,1.0
7138,71.37999999999961,1.0
7139,71.38999999999962,1.0
7140,71.39999999999962,1.0
7141,71.40999999999963,1.0
7142,71.41999999999963,1.0
7143,71.42999999999964,1.0
7144,71.43999999999964,1.0
7145,71.44999999999965,1.0
7146,71.45999999999965,1.0
7147,71.46999999999966,1.0
7148,71.47999999999966,1.0
7149,71.48999999999967,1.0
7150,71.49999999999967,1.0
7151,71.50999999999968,1.0
7152,71.51999999999968,1.0
7153,71.52999999999969,1.0
7154,71.5399999999997,1.0
7155,71.5499999999997,1.0
7156,71.5599999999997,1.0
7157,71.56999999999971,1.0
7158,71.57999999999971,1.0
7159,71.58999999999972,1.0
7160,71.59999999999972,1.0
7161,71.60999999999973,1.0
7162,71.61999999999973,1.0
7163,71.62999999999974,1.0
7164,71.63999999999974,1.0
7165,71.64999999999975,1.0
7166,71.65999999999976,1.0
7167,71.66999999999976,1.0
7168,71.67999999999977,1.0
7169,71.68999999999977,1.0
7170,71.69999999999978,1.0
7171,71.70999999999978,1.0
7172,71.71999999999979,1.0
7173,71.72999999999979,1.0
7174,71.7399999999998,1.0
7175,71.7499999999998,1.0
7176,71.7599999999998,1.0
7177,71.76999999999981,1.0
7178,71.77999999999982,1.0
7179,71.78999999999982,1.0
7180,71.79999999999983,1.0
7181,71.80999999999983,1.0
7182,71.81999999999984,1.0
7183,71.82999999999984,1.0
7184,71.83999999999985,1.0
7185,71.84999999999985,1.0
7186,71.85999999999986,1.0
7187,71.86999999999986,1.0
7188,71.87999999999987,1.0
7189,71.88999999999987,1.0
7190,71.89999999999988,1.0
7191,71.90999999999988,1.0
7192,71.91999999999989,1.0
7193,71.9299999999999,1.0
7194,71.9399999999999,1.0
7195,71.9499999999999,1.0
7196,71.95999999999991,1.0
7197,71.96999999999991,1.0
7198,71.97999999999992,1.0
7199,71.98999999999992,1.0
7200,71.99999999999993,1.0
7201,72.00999999999993,1.0
7202,72.01999999999994,1.0
7203,72.02999999999994,1.0
7204,72.03999999999995,1.0
7205,72.04999999999995,1.0
7206,72.05999999999996,1.0
7207,72.06999999999996,1.0
7208,72.07999999999997,1.0
7209,72.08999999999997,1.0
7210,72.09999999999998,1.0
7211,72.10999999999999,1.0
7212,72.11999999999999,1.0
7213,72.13,1.0
7214,72.14,1.0
7215,72.15,1.0
7216,72.16000000000001,1.0
7217,72.17000000000002,1.0
7218,72.18000000000002,1.0
7219,72.19000000000003,1.0
7220,72.20000000000003,1.0
7221,72.21000000000004,1.0
7222,72.22000000000004,1.0
7223,72.23000000000005,1.0
7224,72.24000000000005,1.0
7225,72.25000000000006,1.0
7226,72.26000000000006,1.0
7227,72.27000000000007,1.0
7228,72.28000000000007,1.0
7229,72.29000000000008,1.0
7230,72.30000000000008,1.0
7231,72.31000000000009,1.0
7232,72.32000000000009,1.0
7233,72.3300000000001,1.0
7234,72.3400000000001,1.0
7235,72.35000000000011,1.0
7236,72.36000000000011,1.0
7237,72.37000000000012,1.0
7238,72.38000000000012,1.0
7239,72.39000000000013,1.0
7240,72.40000000000013,1.0
7241,72.41000000000014,1.0
7242,72.42000000000014,1.0
7243,72.43000000000015,1.0
7244,72.44000000000015,1.0
7245,72.45000000000016,1.0
7246,72.46000000000016,1.0
7247,72.47000000000017,1.0
7248,72.48000000000017,1.0
7249,72.49000000000018,1.0
7250,72.50000000000018,1.0
7251,72.51000000000019,1.0
7252,72.5200000000002,1.0
7253,72.5300000000002,1.0
7254,72.5400000000002,1.0
7255,72.55000000000021,1.0
7256,72.56000000000022,1.0
7257,72.57000000000022,1.0
7258,72.58000000000023,1.0
7259,72.59000000000023,1.0
7260,72.60000000000024,1.0
7261,72.61000000000024,1.0
7262,72.62000000000025,1.0
7263,72.63000000000025,1.0
7264,72.64000000000026,1.0
7265,72.65000000000026,1.0
7266,72.66000000000027,1.0
7267,72.67000000000027,1.0
7268,72.68000000000028,1.0
7269,72.69000000000028,1.0
7270,72.70000000000029,1.0
7271,72.71000000000029,1.0
7272,72.7200000000003,1.0
7273,72.7300000000003,1.0
7274,72.74000000000031,1.0
7275,72.75000000000031,1.0
7276,72.76000000000032,1.0
7277,72.77000000000032,1.0
7278,72.78000000000033,1.0
7279,72.79000000000033,1.0
7280,72.80000000000034,1.0
7281,72.81000000000034,1.0
7282,72.82000000000035,1.0
7283,72.83000000000035,1.0
7284,72.84000000000036,1.0
7285,72.85000000000036,1.0
7286,72.86000000000037,1.0
7287,72.87000000000037,1.0
7288,72.88000000000038,1.0
7289,72.89000000000038,1.0
7290,72.90000000000039,1.0
7291,72.9100000000004,1.0
7292,72.9200000000004,1.0
7293,72.9300000000004,1.0
7294,72.94000000000041,1.0
7295,72.95000000000041,1.0
7296,72.96000000000042,1.0
7297,72.97000000000043,1.0
7298,72.98000000000043,1.0
7299,72.99000000000044,1.0
7300,73.00000000000044,1.0
7301,73.01000000000045,1.0
7302,73.02000000000045,1.0
7303,73.03000000000046,1.0
7304,73.04000000000046,1.0
7305,73.05000000000047,1.0
7306,73.06000000000047,1.0
7307,73.07000000000048,1.0
7308,73.08000000000048,1.0
7309,73.09000000000049,1.0
7310,73.10000000000049,1.0
7311,73.1100000000005,1.0
7312,73.1200000000005,1.0
7313,73.1300000000005,1.0
7314,73.14000000000051,1.0
7315,73.15000000000052,1.0
7316,73.16000000000052,1.0
7317,73.17000000000053,1.0
7318,73.18000000000053,1.0
7319,73.19000000000054,1.0
7320,73.20000000000054,1.0
7321,73.21000000000055,1.0
7322,73.22000000000055,1.0
7323,73.23000000000056,1.0
7324,73.24000000000056,1.0
7325,73.25000000000057,1.0
7326,73.26000000000057,1.0
7327,73.27000000000058,1.0
7328,73.28000000000058,1.0
7329,73.29000000000059,1.0
7330,73.3000000000006,1.0
7331,73.3100000000006,1.0
7332,73.3200000000006,1.0
7333,73.33000000000061,1.0
7334,73.34000000000061,1.0
7335,73.35000000000062,1.0
7336,73.36000000000062,1.0
7337,73.37000000000063,1.0
7338,73.38000000000063,1.0
7339,73.39000000000064,1.0
7340,73.40000000000065,1.0
7341,73.41000000000065,1.0
7342,73.42000000000066,1.0
7343,73.43000000000066,1.0
7344,73.44000000000067,1.0
7345,73.45000000000067,1.0
7346,73.46000000000068,1.0
7347,73.47000000000068,1.0
7348,73.48000000000069,1.0
7349,73.49000000000069,1.0
7350,73.5000000000007,1.0
7351,73.5100000000007,1.0
7352,73.5200000000007,1.0
7353,73.53000000000071,1.0
7354,73.54000000000072,1.0
7355,73.55000000000072,1.0
7356,73.56000000000073,1.0
7357,73.57000000000073,1.0
7358,73.58000000000074,1.0
7359,73.59000000000074,1.0
7360,73.60000000000075,1.0
7361,73.61000000000075,1.0
7362,73.62000000000076,1.0
7363,73.63000000000076,1.0
7364,73.64000000000077,1.0
7365,73.65000000000077,1.0
7366,73.66000000000078,1.0
7367,73.67000000000078,1.0
7368,73.68000000000079,1.0
7369,73.6900000000008,1.0
7370,73.7000000000008,1.0
7371,73.7100000000008,1.0
7372,73.72000000000081,1.0
7373,73.73000000000081,1.0
7374,73.74000000000082,1.0
7375,73.75000000000082,1.0
7376,73.76000000000083,1.0
7377,73.77000000000083,1.0
7378,73.78000000000084,1.0
7379,73.79000000000084,1.0
7380,73.80000000000085,1.0
7381,73.81000000000085,1.0
7382,73.82000000000086,1.0
7383,73.83000000000087,1.0
7384,73.84000000000087,1.0
7385,73.85000000000088,1.0
7386,73.86000000000088,1.0
7387,73.87000000000089,1.0
7388,73.88000000000089,1.0
7389,73.8900000000009,1.0
7390,73.9000000000009,1.0
7391,73.9100000000009,1.0
7392,73.92000000000091,1.0
7393,73.93000000000092,1.0
7394,73.94000000000092,1.0
7395,73.95000000000093,1.0
7396,73.96000000000093,1.0
7397,73.97000000000094,1.0
7398,73.98000000000094,1.0
7399,73.99000000000095,1.0
7400,74.00000000000095,1.0
7401,74.01000000000096,1.0
7402,74.02000000000096,1.0
7403,74.03000000000097,1.0
7404,74.04000000000097,1.0
7405,74.05000000000098,1.0
7406,74.06000000000098,1.0
7407,74.07000000000099,1.0
7408,74.080000000001,1.0
7409,74.090000000001,1.0
7410,74.100000000001,1.0
7411,74.11000000000101,1.0
7412,74.12000000000101,1.0
7413,74.13000000000102,1.0
7414,74.14000000000102,1.0
7415,74.15000000000103,1.0
7416,74.16000000000103,1.0
7417,74.17000000000104,1.0
7418,74.18000000000104,1.0
7419,74.19000000000105,1.0
7420,74.20000000000105,1.0
7421,74.21000000000106,1.0
7422,74.22000000000106,1.0
7423,74.23000000000107,1.0
7424,74.24000000000107,1.0
7425,74.25000000000108,1.0
7426,74.26000000000109,1.0
7427,74.27000000000109,1.0
7428,74.2800000000011,1.0
7429,74.2900000000011,1.0
7430,74.3000000000011,1.0
7431,74.31000000000111,1.0
7432,74.32000000000112,1.0
7433,74.33000000000112,1.0
7434,74.34000000000113,1.0
7435,74.35000000000113,1.0
7436,74.36000000000114,1.0
7437,74.37000000000114,1.0
7438,74.38000000000115,1.0
7439,74.39000000000115,1.0
7440,74.40000000000116,1.0
7441,74.41000000000116,1.0
7442,74.42000000000117,1.0
7443,74.43000000000117,1.0
7444,74.44000000000118,1.0
7445,74.45000000000118,1.0
7446,74.46000000000119,1.0
7447,74.47000000000119,1.0
7448,74.4800000000012,1.0
7449,74.4900000000012,1.0
7450,74.50000000000121,1.0
7451,74.51000000000121,1.0
7452,74.52000000000122,1.0
7453,74.53000000000122,1.0
7454,74.54000000000123,1.0
7455,74.55000000000123,1.0
7456,74.56000000000124,1.0
7457,74.57000000000124,1.0
7458,74.58000000000125,1.0
7459,74.59000000000125,1.0
7460,74.60000000000126,1.0
7461,74.61000000000126,1.0
7462,74.62000000000127,1.0
7463,74.63000000000127,1.0
7464,74.64000000000128,1.0
7465,74.65000000000128,1.0
7466,74.66000000000129,1.0
7467,74.6700000000013,1.0
7468,74.6800000000013,1.0
7469,74.6900000000013,1.0
7470,74.70000000000131,1.0
7471,74.71000000000132,1.0
7472,74.72000000000132,1.0
7473,74.73000000000133,1.0
7474,74.74000000000133,1.0
7475,74.75000000000134,1.0
7476,74.76000000000134,1.0
7477,74.77000000000135,1.0
7478,74.78000000000135,1.0
7479,74.79000000000136,1.0
7480,74.80000000000136,1.0
7481,74.81000000000137,1.0
7482,74.82000000000137,1.0
7483,74.83000000000138,1.0
7484,74.84000000000138,1.0
7485,74.85000000000139,1.0
7486,74.86000000000139,1.0
7487,74.8700000000014,1.0
7488,74.8800000000014,1.0
7489,74.89000000000141,1.0
7490,74.90000000000141,1.0
7491,74.91000000000142,1.0
7492,74.92000000000142,1.0
7493,74.93000000000143,1.0
7494,74.94000000000143,1.0
7495,74.95000000000144,1.0
7496,74.96000000000144,1.0
7497,74.97000000000145,1.0
7498,74.98000000000145,1.0
7499,74.99000000000146,1.0
7500,75.00000000000146,1.0
7501,75.01000000000147,1.0
7502,75.02000000000147,1.0
7503,75.03000000000148,1.0
7504,75.04000000000148,1.0
7505,75.05000000000149,1.0
7506,75.0600000000015,1.0
7507,75.0700000000015,1.0
7508,75.0800000000015,1.0
7509,75.09000000000151,1.0
7510,75.10000000000151,1.0
7511,75.11000000000152,1.0
7512,75.12000000000153,1.0
7513,75.13000000000153,1.0
7514,75.14000000000154,1.0
7515,75.15000000000154,1.0
7516,75.16000000000155,1.0
7517,75.17000000000155,1.0
7518,75.18000000000156,1.0
7519,75.19000000000156,1.0
7520,75.20000000000157,1.0
7521,75.21000000000157,1.0
7522,75.22000000000158,1.0
7523,75.23000000000158,1.0
7524,75.24000000000159,1.0
7525,75.25000000000159,1.0
7526,75.2600000000016,1.0
7527,75.2700000000016,1.0
7528,75.2800000000016,1.0
7529,75.29000000000161,1.0
7530,75.30000000000162,1.0
7531,75.31000000000162,1.0
7532,75.32000000000163,1.0
7533,75.33000000000163,1.0
7534,75.34000000000164,1.0
7535,75.35000000000164,1.0
7536,75.36000000000165,1.0
7537,75.37000000000165,1.0
7538,75.38000000000166,1.0
7539,75.39000000000166,1.0
7540,75.40000000000167,1.0
7541,75.41000000000167,1.0
7542,75.42000000000168,1.0
7543,75.43000000000168,1.0
7544,75.44000000000169,1.0
7545,75.4500000000017,1.0
7546,75.4600000000017,1.0
7547,75.4700000000017,1.0
7548,75.48000000000171,1.0
7549,75.49000000000171,1.0
7550,75.50000000000172,1.0
7551,75.51000000000172,1.0
7552,75.52000000000173,1.0
7553,75.53000000000173,1.0
7554,75.54000000000174,1.0
7555,75.55000000000175,1.0
7556,75.56000000000175,1.0
7557,75.57000000000176,1.0
7558,75.58000000000176,1.0
7559,75.59000000000177,1.0
7560,75.60000000000177,1.0
7561,75.61000000000178,1.0
7562,75.62000000000178,1.0
7563,75.63000000000179,1.0
7564,75.64000000000179,1.0
7565,75.6500000000018,1.0
7566,75.6600000000018,1.0
7567,75.6700000000018,1.0
7568,75.68000000000181,1.0
7569,75.69000000000182,1.0
7570,75.70000000000182,1.0
7571,75.71000000000183,1.0
7572,75.72000000000183,1.0
7573,75.73000000000184,1.0
7574,75.74000000000184,1.0
7575,75.75000000000185,1.0
7576,75.76000000000185,1.0
7577,75.77000000000186,1.0
7578,75.78000000000186,1.0
7579,75.79000000000187,1.0
7580,75.80000000000187,1.0
7581,75.81000000000188,1.0
7582,75.82000000000188,1.0
7583,75.83000000000189,1.0
7584,75.8400000000019,1.0
7585,75.8500000000019,1.0
7586,75.8600000000019,1.0
7587,75.87000000000191,1.0
7588,75.88000000000191,1.0
7589,75.89000000000192,1.0
7590,75.90000000000192,1.0
7591,75.91000000000193,1.0
7592,75.92000000000193,1.0
7593,75.93000000000194,1.0
7594,75.94000000000194,1.0
7595,75.95000000000195,1.0
7596,75.96000000000195,1.0
7597,75.97000000000196,1.0
7598,75.98000000000197,1.0
7599,75.99000000000197,1.0
7600,76.00000000000198,1.0
7601,76.01000000000198,1.0
7602,76.02000000000199,1.0
7603,76.03000000000199,1.0
7604,76.040000000002,1.0
7605,76.050000000002,1.0
7606,76.060000000002,1.0
7607,76.07000000000201,1.0
7608,76.08000000000202,1.0
7609,76.09000000000202,1.0
7610,76.10000000000203,1.0
7611,76.11000000000203,1.0
7612,76.12000000000204,1.0
7613,76.13000000000204,1.0
7614,76.14000000000205,1.0
7615,76.15000000000205,1.0
7616,76.16000000000206,1.0
7617,76.17000000000206,1.0
7618,76.18000000000207,1.0
7619,76.19000000000207,1.0
7620,76.20000000000208,1.0
7621,76.21000000000208,1.0
7622,76.22000000000209,1.0
7623,76.2300000000021,1.0
7624,76.2400000000021,1.0
7625,76.2500000000021,1.0
7626,76.26000000000211,1.0
7627,76.27000000000211,1.0
7628,76.28000000000212,1.0
7629,76.29000000000212,1.0
7630,76.30000000000213,1.0
7631,76.31000000000213,1.0
7632,76.32000000000214,1.0
7633,76.33000000000214,1.0
7634,76.34000000000215,1.0
7635,76.35000000000215,1.0
7636,76.36000000000216,1.0
7637,76.37000000000216,1.0
7638,76.38000000000217,1.0
7639,76.39000000000217,1.0
7640,76.40000000000218,1.0
7641,76.41000000000219,1.0
7642,76.42000000000219,1.0
7643,76.4300000000022,1.0
7644,76.4400000000022,1.0
7645,76.4500000000022,1.0
7646,76.46000000000221,1.0
7647,76.47000000000222,1.0
7648,76.48000000000222,1.0
7649,76.49000000000223,1.0
7650,76.50000000000223,1.0
7651,76.51000000000224,1.0
7652,76.52000000000224,1.0
7653,76.53000000000225,1.0
7654,76.54000000000225,1.0
7655,76.55000000000226,1.0
7656,76.56000000000226,1.0
7657,76.57000000000227,1.0
7658,76.58000000000227,1.0
7659,76.59000000000228,1.0
7660,76.60000000000228,1.0
7661,76.61000000000229,1.0
7662,76.62000000000229,1.0
7663,76.6300000000023,1.0
7664,76.6400000000023,1.0
7665,76.65000000000231,1.0
7666,76.66000000000231,1.0
7667,76.67000000000232,1.0
7668,76.68000000000232,1.0
7669,76.69000000000233,1.0
7670,76.70000000000233,1.0
7671,76.71000000000234,1.0
7672,76.72000000000234,1.0
7673,76.73000000000235,1.0
7674,76.74000000000235,1.0
7675,76.75000000000236,1.0
7676,76.76000000000236,1.0
7677,76.77000000000237,1.0
7678,76.78000000000237,1.0
7679,76.79000000000238,1.0
7680,76.80000000000238,1.0
7681,76.81000000000239,1.0
7682,76.8200000000024,1.0
7683,76.8300000000024,1.0
7684,76.8400000000024,1.0
7685,76.85000000000241,1.0
7686,76.86000000000242,1.0
7687,76.87000000000242,1.0
7688,76.88000000000243,1.0
7689,76.89000000000243,1.0
7690,76.90000000000244,1.0
7691,76.91000000000244,1.0
7692,76.92000000000245,1.0
7693,76.93000000000245,1.0
7694,76.94000000000246,1.0
7695,76.95000000000246,1.0
7696,76.96000000000247,1.0
7697,76.97000000000247,1.0
7698,76.98000000000248,1.0
7699,76.99000000000248,1.0
7700,77.00000000000249,1.0
7701,77.01000000000249,1.0
7702,77.0200000000025,1.0
7703,77.0300000000025,1.0
7704,77.04000000000251,1.0
7705,77.05000000000251,1.0
7706,77.06000000000252,1.0
7707,77.07000000000252,1.0
7708,77.08000000000253,1.0
7709,77.09000000000253,1.0
7710,77.10000000000254,1.0
7711,77.11000000000254,1.0
7712,77.12000000000255,1.0
7713,77.13000000000255,1.0
7714,77.14000000000256,1.0
7715,77.15000000000256,1.0
7716,77.16000000000257,1.0
7717,77.17000000000257,1.0
7718,77.18000000000258,1.0
7719,77.19000000000258,1.0
7720,77.20000000000259,1.0
7721,77.2100000000026,1.0
7722,77.2200000000026,1.0
7723,77.2300000000026,1.0
7724,77.24000000000261,1.0
7725,77.25000000000261,1.0
7726,77.26000000000262,1.0
7727,77.27000000000263,1.0
7728,77.28000000000263,1.0
7729,77.29000000000264,1.0
7730,77.30000000000264,1.0
7731,77.31000000000265,1.0
7732,77.32000000000265,1.0
7733,77.33000000000266,1.0
7734,77.34000000000266,1.0
7735,77.35000000000267,1.0
7736,77.36000000000267,1.0
7737,77.37000000000268,1.0
7738,77.38000000000268,1.0
7739,77.39000000000269,1.0
7740,77.40000000000269,1.0
7741,77.4100000000027,1.0
7742,77.4200000000027,1.0
7743,77.4300000000027,1.0
7744,77.44000000000271,1.0
7745,77.45000000000272,1.0
7746,77.46000000000272,1.0
7747,77.47000000000273,1.0
7748,77.48000000000273,1.0
7749,77.49000000000274,1.0
7750,77.50000000000274,1.0
7751,77.51000000000275,1.0
7752,77.52000000000275,1.0
7753,77.53000000000276,1.0
7754,77.54000000000276,1.0
7755,77.55000000000277,1.0
7756,77.56000000000277,1.0
7757,77.57000000000278,1.0
7758,77.58000000000278,1.0
7759,77.59000000000279,1.0
7760,77.6000000000028,1.0
7761,77.6100000000028,1.0
7762,77.6200000000028,1.0
7763,77.63000000000281,1.0
7764,77.64000000000281,1.0
7765,77.65000000000282,1.0
7766,77.66000000000282,1.0
7767,77.67000000000283,1.0
7768,77.68000000000283,1.0
7769,77.69000000000284,1.0
7770,77.70000000000285,1.0
7771,77.71000000000285,1.0
7772,77.72000000000286,1.0
7773,77.73000000000286,1.0
7774,77.74000000000287,1.0
7775,77.75000000000287,1.0
7776,77.76000000000288,1.0
7777,77.77000000000288,1.0
7778,77.78000000000289,1.0
7779,77.79000000000289,1.0
7780,77.8000000000029,1.0
7781,77.8100000000029,1.0
7782,77.8200000000029,1.0
7783,77.83000000000291,1.0
7784,77.84000000000292,1.0
7785,77.85000000000292,1.0
7786,77.86000000000293,1.0
7787,77.87000000000293,1.0
7788,77.88000000000294,1.0
7789,77.89000000000294,1.0
7790,77.90000000000295,1.0
7791,77.91000000000295,1.0
7792,77.92000000000296,1.0
7793,77.93000000000296,1.0
7794,77.94000000000297,1.0
7795,77.95000000000297,1.0
7796,77.96000000000298,1.0
7797,77.97000000000298,1.0
7798,77.98000000000299,1.0
7799,77.990000000003,1.0
7800,78.000000000003,1.0
7801,78.010000000003,1.0
7802,78.02000000000301,1.0
7803,78.03000000000301,1.0
7804,78.04000000000302,1.0
7805,78.05000000000302,1.0
7806,78.06000000000303,1.0
7807,78.07000000000303,1.0
7808,78.08000000000304,1.0
7809,78.09000000000304,1.0
7810,78.10000000000305,1.0
7811,78.11000000000305,1.0
7812,78.12000000000306,1.0
7813,78.13000000000306,1.0
7814,78.14000000000307,1.0
7815,78.15000000000308,1.0
7816,78.16000000000308,1.0
7817,78.17000000000309,1.0
7818,78.18000000000309,1.0
7819,78.1900000000031,1.0
7820,78.2000000000031,1.0
7821,78.2100000000031,1.0
7822,78.22000000000311,1.0
7823,78.23000000000312,1.0
7824,78.24000000000312,1.0
7825,78.25000000000313,1.0
7826,78.26000000000313,1.0
7827,78.27000000000314,1.0
7828,78.28000000000314,1.0
7829,78.29000000000315,1.0
7830,78.30000000000315,1.0
7831,78.31000000000316,1.0
7832,78.32000000000316,1.0
7833,78.33000000000317,1.0
7834,78.34000000000317,1.0
7835,78.35000000000318,1.0
7836,78.36000000000318,1.0
7837,78.37000000000319,1.0
7838,78.3800000000032,1.0
7839,78.3900000000032,1.0
7840,78.4000000000032,1.0
7841,78.41000000000321,1.0
7842,78.42000000000321,1.0
7843,78.43000000000322,1.0
7844,78.44000000000322,1.0
7845,78.45000000000323,1.0
7846,78.46000000000323,1.0
7847,78.47000000000324,1.0
7848,78.48000000000324,1.0
7849,78.49000000000325,1.0
7850,78.50000000000325,1.0
7851,78.51000000000326,1.0
7852,78.52000000000326,1.0
7853,78.53000000000327,1.0
7854,78.54000000000327,1.0
7855,78.55000000000328,1.0
7856,78.56000000000328,1.0
7857,78.57000000000329,1.0
7858,78.5800000000033,1.0
7859,78.5900000000033,1.0
7860,78.6000000000033,1.0
7861,78.61000000000331,1.0
7862,78.62000000000332,1.0
7863,78.63000000000332,1.0
7864,78.64000000000333,1.0
7865,78.65000000000333,1.0
7866,78.66000000000334,1.0
7867,78.67000000000334,1.0
7868,78.68000000000335,1.0
7869,78.69000000000335,1.0
7870,78.70000000000336,1.0
7871,78.71000000000336,1.0
7872,78.72000000000337,1.0
7873,78.73000000000337,1.0
7874,78.74000000000338,1.0
7875,78.75000000000338,1.0
7876,78.76000000000339,1.0
7877,78.77000000000339,1.0
7878,78.7800000000034,1.0
7879,78.7900000000034,1.0
7880,78.80000000000341,1.0
7881,78.81000000000341,1.0
7882,78.82000000000342,1.0
7883,78.83000000000342,1.0
7884,78.84000000000343,1.0
7885,78.85000000000343,1.0
7886,78.86000000000344,1.0
7887,78.87000000000344,1.0
7888,78.88000000000345,1.0
7889,78.89000000000345,1.0
7890,78.90000000000346,1.0
7891,78.91000000000346,1.0
7892,78.92000000000347,1.0
7893,78.93000000000347,1.0
7894,78.94000000000348,1.0
7895,78.95000000000348,1.0
7896,78.96000000000349,1.0
7897,78.9700000000035,1.0
7898,78.9800000000035,1.0
7899,78.9900000000035,1.0
7900,79.00000000000351,1.0
7901,79.01000000000352,1.0
7902,79.02000000000352,1.0
7903,79.03000000000353,1.0
7904,79.04000000000353,1.0
7905,79.05000000000354,1.0
7906,79.06000000000354,1.0
7907,79.07000000000355,1.0
7908,79.08000000000355,1.0
7909,79.09000000000356,1.0
7910,79.10000000000356,1.0
7911,79.11000000000357,1.0
7912,79.12000000000357,1.0
7913,79.13000000000358,1.0
7914,79.14000000000358,1.0
7915,79.15000000000359,1.0
7916,79.16000000000359,1.0
7917,79.1700000000036,1.0
7918,79.1800000000036,1.0
7919,79.19000000000361,1.0
7920,79.20000000000361,1.0
7921,79.21000000000362,1.0
7922,79.22000000000362,1.0
7923,79.23000000000363,1.0
7924,79.24000000000363,1.0
7925,79.25000000000364,1.0
7926,79.26000000000364,1.0
7927,79.27000000000365,1.0
7928,79.28000000000365,1.0
7929,79.29000000000366,1.0
7930,79.30000000000366,1.0
7931,79.31000000000367,1.0
7932,79.32000000000367,1.0
7933,79.33000000000368,1.0
7934,79.34000000000368,1.0
7935,79.35000000000369,1.0
7936,79.3600000000037,1.0
7937,79.3700000000037,1.0
7938,79.3800000000037,1.0
7939,79.39000000000371,1.0
7940,79.40000000000371,1.0
7941,79.41000000000372,1.0
7942,79.42000000000372,1.0
7943,79.43000000000373,1.0
7944,79.44000000000374,1.0
7945,79.45000000000374,1.0
7946,79.46000000000375,1.0
7947,79.47000000000375,1.0
7948,79.48000000000376,1.0
7949,79.49000000000376,1.0
7950,79.50000000000377,1.0
7951,79.51000000000377,1.0
7952,79.52000000000378,1.0
7953,79.53000000000378,1.0
7954,79.54000000000379,1.0
7955,79.55000000000379,1.0
7956,79.5600000000038,1.0
7957,79.5700000000038,1.0
7958,79.5800000000038,1.0
7959,79.59000000000381,1.0
7960,79.60000000000382,1.0
7961,79.61000000000382,1.0
7962,79.62000000000383,1.0
7963,79.63000000000383,1.0
7964,79.64000000000384,1.0
7965,79.65000000000384,1.0
7966,79.66000000000385,1.0
7967,79.67000000000385,1.0
7968,79.68000000000386,1.0
7969,79.69000000000386,1.0
7970,79.70000000000387,1.0
7971,79.71000000000387,1.0
7972,79.72000000000388,1.0
7973,79.73000000000388,1.0
7974,79.74000000000389,1.0
7975,79.7500000000039,1.0
7976,79.7600000000039,1.0
7977,79.7700000000039,1.0
7978,79.78000000000391,1.0
7979,79.79000000000391,1.0
7980,79.80000000000392,1.0
7981,79.81000000000392,1.0
7982,79.82000000000393,1.0
7983,79.83000000000393,1.0
7984,79.84000000000394,1.0
7985,79.85000000000394,1.0
7986,79.86000000000395,1.0
7987,79.87000000000396,1.0
7988,79.88000000000396,1.0
7989,79.89000000000397,1.0
7990,79.90000000000397,1.0
7991,79.91000000000398,1.0
7992,79.92000000000398,1.0
7993,79.93000000000399,1.0
7994,79.94000000000399,1.0
7995,79.950000000004,1.0
7996,79.960000000004,1.0
7997,79.970000000004,1.0
7998,79.98000000000401,1.0
7999,79.99000000000402,1.0
8000,80.00000000000402,1.0
8001,80.01000000000403,1.0
8002,80.02000000000403,1.0
8003,80.03000000000404,1.0
8004,80.04000000000404,1.0
8005,80.05000000000405,1.0
8006,80.06000000000405,1.0
8007,80.07000000000406,1.0
8008,80.08000000000406,1.0
8009,80.09000000000407,1.0
8010,80.10000000000407,1.0
8011,80.11000000000408,1.0
8012,80.12000000000408,1.0
8013,80.13000000000409,1.0
8014,80.1400000000041,1.0
8015,80.1500000000041,1.0
8016,80.1600000000041,1.0
8017,80.17000000000411,1.0
8018,80.18000000000411,1.0
8019,80.19000000000412,1.0
8020,80.20000000000412,1.0
8021,80.21000000000413,1.0
8022,80.22000000000413,1.0
8023,80.23000000000414,1.0
8024,80.24000000000414,1.0
8025,80.25000000000415,1.0
8026,80.26000000000415,1.0
8027,80.27000000000416,1.0
8028,80.28000000000416,1.0
8029,80.29000000000417,1.0
8030,80.30000000000418,1.0
8031,80.31000000000418,1.0
8032,80.32000000000419,1.0
8033,80.33000000000419,1.0
8034,80.3400000000042,1.0
8035,80.3500000000042,1.0
8036,80.3600000000042,1.0
8037,80.37000000000421,1.0
8038,80.38000000000422,1.0
8039,80.39000000000422,1.0
8040,80.40000000000423,1.0
8041,80.41000000000423,1.0
8042,80.42000000000424,1.0
8043,80.43000000000424,1.0
8044,80.44000000000425,1.0
8045,80.45000000000425,1.0
8046,80.46000000000426,1.0
8047,80.47000000000426,1.0
8048,80.48000000000427,1.0
8049,80.49000000000427,1.0
8050,80.50000000000428,1.0
8051,80.51000000000428,1.0
8052,80.52000000000429,1.0
8053,80.53000000000429,1.0
8054,80.5400000000043,1.0
8055,80.5500000000043,1.0
8056,80.56000000000431,1.0
8057,80.57000000000431,1.0
8058,80.58000000000432,1.0
8059,80.59000000000432,1.0
8060,80.60000000000433,1.0
8061,80.61000000000433,1.0
8062,80.62000000000434,1.0
8063,80.63000000000434,1.0
8064,80.64000000000435,1.0
8065,80.65000000000435,1.0
8066,80.66000000000436,1.0
8067,80.67000000000436,1.0
8068,80.68000000000437,1.0
8069,80.69000000000437,1.0
8070,80.70000000000438,1.0
8071,80.71000000000438,1.0
8072,80.72000000000439,1.0
8073,80.7300000000044,1.0
8074,80.7400000000044,1.0
8075,80.7500000000044,1.0
8076,80.76000000000441,1.0
8077,80.77000000000442,1.0
8078,80.78000000000442,1.0
8079,80.79000000000443,1.0
8080,80.80000000000443,1.0
8081,80.81000000000444,1.0
8082,80.82000000000444,1.0
8083,80.83000000000445,1.0
8084,80.84000000000445,1.0
8085,80.85000000000446,1.0
8086,80.86000000000446,1.0
8087,80.87000000000447,1.0
8088,80.88000000000447,1.0
8089,80.89000000000448,1.0
8090,80.90000000000448,1.0
8091,80.91000000000449,1.0
8092,80.92000000000449,1.0
8093,80.9300000000045,1.0
8094,80.9400000000045,1.0
8095,80.95000000000451,1.0
8096,80.96000000000451,1.0
8097,80.97000000000452,1.0
8098,80.98000000000452,1.0
8099,80.99000000000453,1.0
8100,81.00000000000453,1.0
8101,81.01000000000454,1.0
8102,81.02000000000454,1.0
8103,81.03000000000455,1.0
8104,81.04000000000455,1.0
8105,81.05000000000456,1.0
8106,81.06000000000456,1.0
8107,81.07000000000457,1.0
8108,81.08000000000457,1.0
8109,81.09000000000458,1.0
8110,81.10000000000458,1.0
8111,81.11000000000459,1.0
8112,81.1200000000046,1.0
8113,81.1300000000046,1.0
8114,81.1400000000046,1.0
8115,81.15000000000461,1.0
8116,81.16000000000462,1.0
8117,81.17000000000462,1.0
8118,81.18000000000463,1.0
8119,81.19000000000463,1.0
8120,81.20000000000464,1.0
8121,81.21000000000464,1.0
8122,81.22000000000465,1.0
8123,81.23000000000465,1.0
8124,81.24000000000466,1.0
8125,81.25000000000466,1.0
8126,81.26000000000467,1.0
8127,81.27000000000467,1.0
8128,81.28000000000468,1.0
8129,81.29000000000468,1.0
8130,81.30000000000469,1.0
8131,81.31000000000469,1.0
8132,81.3200000000047,1.0
8133,81.3300000000047,1.0
8134,81.34000000000471,1.0
8135,81.35000000000471,1.0
8136,81.36000000000472,1.0
8137,81.37000000000472,1.0
8138,81.38000000000473,1.0
8139,81.39000000000473,1.0
8140,81.40000000000474,1.0
8141,81.41000000000474,1.0
8142,81.42000000000475,1.0
8143,81.43000000000475,1.0
8144,81.44000000000476,1.0
8145,81.45000000000476,1.0
8146,81.46000000000477,1.0
8147,81.47000000000477,1.0
8148,81.48000000000478,1.0
8149,81.49000000000478,1.0
8150,81.50000000000479,1.0
8151,81.5100000000048,1.0
8152,81.5200000000048,1.0
8153,81.5300000000048,1.0
8154,81.54000000000481,1.0
8155,81.55000000000481,1.0
8156,81.56000000000482,1.0
8157,81.57000000000482,1.0
8158,81.58000000000483,1.0
8159,81.59000000000484,1.0
8160,81.60000000000484,1.0
8161,81.61000000000485,1.0
8162,81.62000000000485,1.0
8163,81.63000000000486,1.0
8164,81.64000000000486,1.0
8165,81.65000000000487,1.0
8166,81.66000000000487,1.0
8167,81.67000000000488,1.0
8168,81.68000000000488,1.0
8169,81.69000000000489,1.0
8170,81.70000000000489,1.0
8171,81.7100000000049,1.0
8172,81.7200000000049,1.0
8173,81.7300000000049,1.0
8174,81.74000000000491,1.0
8175,81.75000000000492,1.0
8176,81.76000000000492,1.0
8177,81.77000000000493,1.0
8178,81.78000000000493,1.0
8179,81.79000000000494,1.0
8180,81.80000000000494,1.0
8181,81.81000000000495,1.0
8182,81.82000000000495,1.0
8183,81.83000000000496,1.0
8184,81.84000000000496,1.0
8185,81.85000000000497,1.0
8186,81.86000000000497,1.0
8187,81.87000000000498,1.0
8188,81.88000000000498,1.0
8189,81.89000000000499,1.0
8190,81.900000000005,1.0
8191,81.910000000005,1.0
8192,81.920000000005,1.0
8193,81.93000000000501,1.0
8194,81.94000000000501,1.0
8195,81.95000000000502,1.0
8196,81.96000000000502,1.0
8197,81.97000000000503,1.0
8198,81.98000000000503,1.0
8199,81.99000000000504,1.0
8200,82.00000000000504,1.0
8201,82.01000000000505,1.0
8202,82.02000000000506,1.0
8203,82.03000000000506,1.0
8204,82.04000000000507,1.0
8205,82.05000000000507,1.0
8206,82.06000000000508,1.0
8207,82.07000000000508,1.0
8208,82.08000000000509,1.0
8209,82.09000000000509,1.0
8210,82.1000000000051,1.0
8211,82.1100000000051,1.0
8212,82.1200000000051,1.0
8213,82.13000000000511,1.0
8214,82.14000000000512,1.0
8215,82.15000000000512,1.0
8216,82.16000000000513,1.0
8217,82.17000000000513,1.0
8218,82.18000000000514,1.0
8219,82.19000000000514,1.0
8220,82.20000000000515,1.0
8221,82.21000000000515,1.0
8222,82.22000000000516,1.0
8223,82.23000000000516,1.0
8224,82.24000000000517,1.0
8225,82.25000000000517,1.0
8226,82.26000000000518,1.0
8227,82.27000000000518,1.0
8228,82.28000000000519,1.0
8229,82.2900000000052,1.0
8230,82.3000000000052,1.0
8231,82.3100000000052,1.0
8232,82.32000000000521,1.0
8233,82.33000000000521,1.0
8234,82.34000000000522,1.0
8235,82.35000000000522,1.0
8236,82.36000000000523,1.0
8237,82.37000000000523,1.0
8238,82.38000000000524,1.0
8239,82.39000000000524,1.0
8240,82.40000000000525,1.0
8241,82.41000000000525,1.0
8242,82.42000000000526,1.0
8243,82.43000000000526,1.0
8244,82.44000000000527,1.0
8245,82.45000000000528,1.0
8246,82.46000000000528,1.0
8247,82.47000000000529,1.0
8248,82.48000000000529,1.0
8249,82.4900000000053,1.0
8250,82.5000000000053,1.0
8251,82.5100000000053,1.0
8252,82.52000000000531,1.0
8253,82.53000000000532,1.0
8254,82.54000000000532,1.0
8255,82.55000000000533,1.0
8256,82.56000000000533,1.0
8257,82.57000000000534,1.0
8258,82.58000000000534,1.0
8259,82.59000000000535,1.0
8260,82.60000000000535,1.0
8261,82.61000000000536,1.0
8262,82.62000000000536,1.0
8263,82.63000000000537,1.0
8264,82.64000000000537,1.0
8265,82.65000000000538,1.0
8266,82.66000000000538,1.0
8267,82.67000000000539,1.0
8268,82.68000000000539,1.0
8269,82.6900000000054,1.0
8270,82.7000000000054,1.0
8271,82.71000000000541,1.0
8272,82.72000000000541,1.0
8273,82.73000000000542,1.0
8274,82.74000000000542,1.0
8275,82.75000000000543,1.0
8276,82.76000000000543,1.0
8277,82.77000000000544,1.0
8278,82.78000000000544,1.0
8279,82.79000000000545,1.0
8280,82.80000000000545,1.0
8281,82.81000000000546,1.0
8282,82.82000000000546,1.0
8283,82.83000000000547,1.0
8284,82.84000000000547,1.0
8285,82.85000000000548,1.0
8286,82.86000000000548,1.0
8287,82.87000000000549,1.0
8288,82.8800000000055,1.0
8289,82.8900000000055,1.0
8290,82.9000000000055,1.0
8291,82.91000000000551,1.0
8292,82.92000000000552,1.0
8293,82.93000000000552,1.0
8294,82.94000000000553,1.0
8295,82.95000000000553,1.0
8296,82.96000000000554,1.0
8297,82.97000000000554,1.0
8298,82.98000000000555,1.0
8299,82.99000000000555,1.0
8300,83.00000000000556,1.0
8301,83.01000000000556,1.0
8302,83.02000000000557,1.0
8303,83.03000000000557,1.0
8304,83.04000000000558,1.0
8305,83.05000000000558,1.0
8306,83.06000000000559,1.0
8307,83.07000000000559,1.0
8308,83.0800000000056,1.0
8309,83.0900000000056,1.0
8310,83.10000000000561,1.0
8311,83.11000000000561,1.0
8312,83.12000000000562,1.0
8313,83.13000000000562,1.0
8314,83.14000000000563,1.0
8315,83.15000000000563,1.0
8316,83.16000000000564,1.0
8317,83.17000000000564,1.0
8318,83.18000000000565,1.0
8319,83.19000000000565,1.0
8320,83.20000000000566,1.0
8321,83.21000000000566,1.0
8322,83.22000000000567,1.0
8323,83.23000000000567,1.0
8324,83.24000000000568,1.0
8325,83.25000000000568,1.0
8326,83.26000000000569,1.0
8327,83.2700000000057,1.0
8328,83.2800000000057,1.0
8329,83.2900000000057,1.0
8330,83.30000000000571,1.0
8331,83.31000000000572,1.0
8332,83.32000000000572,1.0
8333,83.33000000000573,1.0
8334,83.34000000000573,1.0
8335,83.35000000000574,1.0
8336,83.36000000000574,1.0
8337,83.37000000000575,1.0
8338,83.38000000000575,1.0
8339,83.39000000000576,1.0
8340,83.40000000000576,1.0
8341,83.41000000000577,1.0
8342,83.42000000000577,1.0
8343,83.43000000000578,1.0
8344,83.44000000000578,1.0
8345,83.45000000000579,1.0
8346,83.46000000000579,1.0
8347,83.4700000000058,1.0
8348,83.4800000000058,1.0
8349,83.49000000000581,1.0
8350,83.50000000000581,1.0
8351,83.51000000000582,1.0
8352,83.52000000000582,1.0
8353,83.53000000000583,1.0
8354,83.54000000000583,1.0
8355,83.55000000000584,1.0
8356,83.56000000000584,1.0
8357,83.57000000000585,1.0
8358,83.58000000000585,1.0
8359,83.59000000000586,1.0
8360,83.60000000000586,1.0
8361,83.61000000000587,1.0
8362,83.62000000000587,1.0
8363,83.63000000000588,1.0
8364,83.64000000000588,1.0
8365,83.65000000000589,1.0
8366,83.6600000000059,1.0
8367,83.6700000000059,1.0
8368,83.6800000000059,1.0
8369,83.69000000000591,1.0
8370,83.70000000000591,1.0
8371,83.71000000000592,1.0
8372,83.72000000000592,1.0
8373,83.73000000000593,1.0
8374,83.74000000000594,1.0
8375,83.75000000000594,1.0
8376,83.76000000000595,1.0
8377,83.77000000000595,1.0
8378,83.78000000000596,1.0
8379,83.79000000000596,1.0
8380,83.80000000000597,1.0
8381,83.81000000000597,1.0
8382,83.82000000000598,1.0
8383,83.83000000000598,1.0
8384,83.84000000000599,1.0
8385,83.85000000000599,1.0
8386,83.860000000006,1.0
8387,83.870000000006,1.0
8388,83.880000000006,1.0
8389,83.89000000000601,1.0
8390,83.90000000000602,1.0
8391,83.91000000000602,1.0
8392,83.92000000000603,1.0
8393,83.93000000000603,1.0
8394,83.94000000000604,1.0
8395,83.95000000000604,1.0
8396,83.96000000000605,1.0
8397,83.97000000000605,1.0
8398,83.98000000000606,1.0
8399,83.99000000000606,1.0
8400,84.00000000000607,1.0
8401,84.01000000000607,1.0
8402,84.02000000000608,1.0
8403,84.03000000000608,1.0
8404,84.04000000000609,1.0
8405,84.0500000000061,1.0
8406,84.0600000000061,1.0
8407,84.0700000000061,1.0
8408,84.08000000000611,1.0
8409,84.09000000000611,1.0
8410,84.10000000000612,1.0
8411,84.11000000000612,1.0
8412,84.12000000000613,1.0
8413,84.13000000000613,1.0
8414,84.14000000000614,1.0
8415,84.15000000000614,1.0
8416,84.16000000000615,1.0
8417,84.17000000000616,1.0
8418,84.18000000000616,1.0
8419,84.19000000000617,1.0
8420,84.20000000000617,1.0
8421,84.21000000000618,1.0
8422,84.22000000000618,1.0
8423,84.23000000000619,1.0
8424,84.24000000000619,1.0
8425,84.2500000000062,1.0
8426,84.2600000000062,1.0
8427,84.2700000000062,1.0
8428,84.28000000000621,1.0
8429,84.29000000000622,1.0
8430,84.30000000000622,1.0
8431,84.31000000000623,1.0
8432,84.32000000000623,1.0
8433,84.33000000000624,1.0
8434,84.34000000000624,1.0
8435,84.35000000000625,1.0
8436,84.36000000000625,1.0
8437,84.37000000000626,1.0
8438,84.38000000000626,1.0
8439,84.39000000000627,1.0
8440,84.40000000000627,1.0
8441,84.41000000000628,1.0
8442,84.42000000000628,1.0
8443,84.43000000000629,1.0
8444,84.4400000000063,1.0
8445,84.4500000000063,1.0
8446,84.4600000000063,1.0
8447,84.47000000000631,1.0
8448,84.48000000000631,1.0
8449,84.49000000000632,1.0
8450,84.50000000000632,1.0
8451,84.51000000000633,1.0
8452,84.52000000000633,1.0
8453,84.53000000000634,1.0
8454,84.54000000000634,1.0
8455,84.55000000000635,1.0
8456,84.56000000000635,1.0
8457,84.57000000000636,1.0
8458,84.58000000000636,1.0
8459,84.59000000000637,1.0
8460,84.60000000000637,1.0
8461,84.61000000000638,1.0
8462,84.62000000000639,1.0
8463,84.63000000000639,1.0
8464,84.6400000000064,1.0
8465,84.6500000000064,1.0
8466,84.6600000000064,1.0
8467,84.67000000000641,1.0
8468,84.68000000000642,1.0
8469,84.69000000000642,1.0
8470,84.70000000000643,1.0
8471,84.71000000000643,1.0
8472,84.72000000000644,1.0
8473,84.73000000000644,1.0
8474,84.74000000000645,1.0
8475,84.75000000000645,1.0
8476,84.76000000000646,1.0
8477,84.77000000000646,1.0
8478,84.78000000000647,1.0
8479,84.79000000000647,1.0
8480,84.80000000000648,1.0
8481,84.81000000000648,1.0
8482,84.82000000000649,1.0
8483,84.83000000000649,1.0
8484,84.8400000000065,1.0
8485,84.8500000000065,1.0
8486,84.86000000000651,1.0
8487,84.87000000000651,1.0
8488,84.88000000000652,1.0
8489,84.89000000000652,1.0
8490,84.90000000000653,1.0
8491,84.91000000000653,1.0
8492,84.92000000000654,1.0
8493,84.93000000000654,1.0
8494,84.94000000000655,1.0
8495,84.95000000000655,1.0
8496,84.96000000000656,1.0
8497,84.97000000000656,1.0
8498,84.98000000000657,1.0
8499,84.99000000000657,1.0
8500,85.00000000000658,1.0
8501,85.01000000000658,1.0
8502,85.02000000000659,1.0
8503,85.0300000000066,1.0
8504,85.0400000000066,1.0
8505,85.0500000000066,1.0
8506,85.06000000000661,1.0
8507,85.07000000000662,1.0
8508,85.08000000000662,1.0
8509,85.09000000000663,1.0
8510,85.10000000000663,1.0
8511,85.11000000000664,1.0
8512,85.12000000000664,1.0
8513,85.13000000000665,1.0
8514,85.14000000000665,1.0
8515,85.15000000000666,1.0
8516,85.16000000000666,1.0
8517,85.17000000000667,1.0
8518,85.18000000000667,1.0
8519,85.19000000000668,1.0
8520,85.20000000000668,1.0
8521,85.21000000000669,1.0
8522,85.22000000000669,1.0
8523,85.2300000000067,1.0
8524,85.2400000000067,1.0
8525,85.25000000000671,1.0
8526,85.26000000000671,1.0
8527,85.27000000000672,1.0
8528,85.28000000000672,1.0
8529,85.29000000000673,1.0
8530,85.30000000000673,1.0
8531,85.31000000000674,1.0
8532,85.32000000000674,1.0
8533,85.33000000000675,1.0
8534,85.34000000000675,1.0
8535,85.35000000000676,1.0
8536,85.36000000000676,1.0
8537,85.37000000000677,1.0
8538,85.38000000000677,1.0
8539,85.39000000000678,1.0
8540,85.40000000000678,1.0
8541,85.41000000000679,1.0
8542,85.4200000000068,1.0
8543,85.4300000000068,1.0
8544,85.4400000000068,1.0
8545,85.45000000000681,1.0
8546,85.46000000000681,1.0
8547,85.47000000000682,1.0
8548,85.48000000000683,1.0
8549,85.49000000000683,1.0
8550,85.50000000000684,1.0
8551,85.51000000000684,1.0
8552,85.52000000000685,1.0
8553,85.53000000000685,1.0
8554,85.54000000000686,1.0
8555,85.55000000000686,1.0
8556,85.56000000000687,1.0
8557,85.57000000000687,1.0
8558,85.58000000000688,1.0
8559,85.59000000000688,1.0
8560,85.60000000000689,1.0
8561,85.61000000000689,1.0
8562,85.6200000000069,1.0
8563,85.6300000000069,1.0
8564,85.6400000000069,1.0
8565,85.65000000000691,1.0
8566,85.66000000000692,1.0
8567,85.67000000000692,1.0
8568,85.68000000000693,1.0
8569,85.69000000000693,1.0
8570,85.70000000000694,1.0
8571,85.71000000000694,1.0
8572,85.72000000000695,1.0
8573,85.73000000000695,1.0
8574,85.74000000000696,1.0
8575,85.75000000000696,1.0
8576,85.76000000000697,1.0
8577,85.77000000000697,1.0
8578,85.78000000000698,1.0
8579,85.79000000000698,1.0
8580,85.80000000000699,1.0
8581,85.810000000007,1.0
8582,85.820000000007,1.0
8583,85.830000000007,1.0
8584,85.84000000000701,1.0
8585,85.85000000000701,1.0
8586,85.86000000000702,1.0
8587,85.87000000000702,1.0
8588,85.88000000000703,1.0
8589,85.89000000000703,1.0
8590,85.90000000000704,1.0
8591,85.91000000000705,1.0
8592,85.92000000000705,1.0
8593,85.93000000000706,1.0
8594,85.94000000000706,1.0
8595,85.95000000000707,1.0
8596,85.96000000000707,1.0
8597,85.97000000000708,1.0
8598,85.98000000000708,1.0
8599,85.99000000000709,1.0
8600,86.00000000000709,1.0
8601,86.0100000000071,1.0
8602,86.0200000000071,1.0
8603,86.0300000000071,1.0
8604,86.04000000000711,1.0
8605,86.05000000000712,1.0
8606,86.06000000000712,1.0
8607,86.07000000000713,1.0
8608,86.08000000000713,1.0
8609,86.09000000000714,1.0
8610,86.10000000000714,1.0
8611,86.11000000000715,1.0
8612,86.12000000000715,1.0
8613,86.13000000000716,1.0
8614,86.14000000000716,1.0
8615,86.15000000000717,1.0
8616,86.16000000000717,1.0
8617,86.17000000000718,1.0
8618,86.18000000000718,1.0
8619,86.19000000000719,1.0
8620,86.2000000000072,1.0
8621,86.2100000000072,1.0
8622,86.2200000000072,1.0
8623,86.23000000000721,1.0
8624,86.24000000000721,1.0
8625,86.25000000000722,1.0
8626,86.26000000000722,1.0
8627,86.27000000000723,1.0
8628,86.28000000000723,1.0
8629,86.29000000000724,1.0
8630,86.30000000000724,1.0
8631,86.31000000000725,1.0
8632,86.32000000000725,1.0
8633,86.33000000000726,1.0
8634,86.34000000000727,1.0
8635,86.35000000000727,1.0
8636,86.36000000000728,1.0
8637,86.37000000000728,1.0
8638,86.38000000000729,1.0
8639,86.39000000000729,1.0
8640,86.4000000000073,1.0
8641,86.4100000000073,1.0
8642,86.4200000000073,1.0
8643,86.43000000000731,1.0
8644,86.44000000000732,1.0
8645,86.45000000000732,1.0
8646,86.46000000000733,1.0
8647,86.47000000000733,1.0
8648,86.48000000000734,1.0
8649,86.49000000000734,1.0
8650,86.50000000000735,1.0
8651,86.51000000000735,1.0
8652,86.52000000000736,1.0
8653,86.53000000000736,1.0
8654,86.54000000000737,1.0
8655,86.55000000000737,1.0
8656,86.56000000000738,1.0
8657,86.57000000000738,1.0
8658,86.58000000000739,1.0
8659,86.5900000000074,1.0
8660,86.6000000000074,1.0
8661,86.6100000000074,1.0
8662,86.62000000000741,1.0
8663,86.63000000000741,1.0
8664,86.64000000000742,1.0
8665,86.65000000000742,1.0
8666,86.66000000000743,1.0
8667,86.67000000000743,1.0
8668,86.68000000000744,1.0
8669,86.69000000000744,1.0
8670,86.70000000000745,1.0
8671,86.71000000000745,1.0
8672,86.72000000000746,1.0
8673,86.73000000000746,1.0
8674,86.74000000000747,1.0
8675,86.75000000000747,1.0
8676,86.76000000000748,1.0
8677,86.77000000000749,1.0
8678,86.78000000000749,1.0
8679,86.7900000000075,1.0
8680,86.8000000000075,1.0
8681,86.8100000000075,1.0
8682,86.82000000000751,1.0
8683,86.83000000000752,1.0
8684,86.84000000000752,1.0
8685,86.85000000000753,1.0
8686,86.86000000000753,1.0
8687,86.87000000000754,1.0
8688,86.88000000000754,1.0
8689,86.89000000000755,1.0
8690,86.90000000000755,1.0
8691,86.91000000000756,1.0
8692,86.92000000000756,1.0
8693,86.93000000000757,1.0
8694,86.94000000000757,1.0
8695,86.95000000000758,1.0
8696,86.96000000000758,1.0
8697,86.97000000000759,1.0
8698,86.98000000000759,1.0
8699,86.9900000000076,1.0
8700,87.0000000000076,1.0
8701,87.01000000000761,1.0
8702,87.02000000000761,1.0
8703,87.03000000000762,1.0
8704,87.04000000000762,1.0
8705,87.05000000000763,1.0
8706,87.06000000000763,1.0
8707,87.07000000000764,1.0
8708,87.08000000000764,1.0
8709,87.09000000000765,1.0
8710,87.10000000000765,1.0
8711,87.11000000000766,1.0
8712,87.12000000000766,1.0
8713,87.13000000000767,1.0
8714,87.14000000000767,1.0
8715,87.15000000000768,1.0
8716,87.16000000000768,1.0
8717,87.17000000000769,1.0
8718,87.1800000000077,1.0
8719,87.1900000000077,1.0
8720,87.2000000000077,1.0
8721,87.21000000000771,1.0
8722,87.22000000000772,1.0
8723,87.23000000000772,1.0
8724,87.24000000000773,1.0
8725,87.25000000000773,1.0
8726,87.26000000000774,1.0
8727,87.27000000000774,1.0
8728,87.28000000000775,1.0
8729,87.29000000000775,1.0
8730,87.30000000000776,1.0
8731,87.31000000000776,1.0
8732,87.32000000000777,1.0
8733,87.33000000000777,1.0
8734,87.34000000000778,1.0
8735,87.35000000000778,1.0
8736,87.36000000000779,1.0
8737,87.37000000000779,1.0
8738,87.3800000000078,1.0
8739,87.3900000000078,1.0
8740,87.40000000000781,1.0
8741,87.41000000000781,1.0
8742,87.42000000000782,1.0
8743,87.43000000000782,1.0
8744,87.44000000000783,1.0
8745,87.45000000000783,1.0
8746,87.46000000000784,1.0
8747,87.47000000000784,1.0
8748,87.48000000000785,1.0
8749,87.49000000000785,1.0
8750,87.50000000000786,1.0
8751,87.51000000000786,1.0
8752,87.52000000000787,1.0
8753,87.53000000000787,1.0
8754,87.54000000000788,1.0
8755,87.55000000000788,1.0
8756,87.56000000000789,1.0
8757,87.5700000000079,1.0
8758,87.5800000000079,1.0
8759,87.5900000000079,1.0
8760,87.60000000000791,1.0
8761,87.61000000000791,1.0
8762,87.62000000000792,1.0
8763,87.63000000000793,1.0
8764,87.64000000000793,1.0
8765,87.65000000000794,1.0
8766,87.66000000000794,1.0
8767,87.67000000000795,1.0
8768,87.68000000000795,1.0
8769,87.69000000000796,1.0
8770,87.70000000000796,1.0
8771,87.71000000000797,1.0
8772,87.72000000000797,1.0
8773,87.73000000000798,1.0
8774,87.74000000000798,1.0
8775,87.75000000000799,1.0
8776,87.76000000000799,1.0
8777,87.770000000008,1.0
8778,87.780000000008,1.0
8779,87.790000000008,1.0
8780,87.80000000000801,1.0
8781,87.81000000000802,1.0
8782,87.82000000000802,1.0
8783,87.83000000000803,1.0
8784,87.84000000000803,1.0
8785,87.85000000000804,1.0
8786,87.86000000000804,1.0
8787,87.87000000000805,1.0
8788,87.88000000000805,1.0
8789,87.89000000000806,1.0
8790,87.90000000000806,1.0
8791,87.91000000000807,1.0
8792,87.92000000000807,1.0
8793,87.93000000000808,1.0
8794,87.94000000000808,1.0
8795,87.95000000000809,1.0
8796,87.9600000000081,1.0
8797,87.9700000000081,1.0
8798,87.9800000000081,1.0
8799,87.99000000000811,1.0
8800,88.00000000000811,1.0
8801,88.01000000000812,1.0
8802,88.02000000000812,1.0
8803,88.03000000000813,1.0
8804,88.04000000000813,1.0
8805,88.05000000000814,1.0
8806,88.06000000000815,1.0
8807,88.07000000000815,1.0
8808,88.08000000000816,1.0
8809,88.09000000000816,1.0
8810,88.10000000000817,1.0
8811,88.11000000000817,1.0
8812,88.12000000000818,1.0
8813,88.13000000000818,1.0
8814,88.14000000000819,1.0
8815,88.15000000000819,1.0
8816,88.1600000000082,1.0
8817,88.1700000000082,1.0
8818,88.1800000000082,1.0
8819,88.19000000000821,1.0
8820,88.20000000000822,1.0
8821,88.21000000000822,1.0
8822,88.22000000000823,1.0
8823,88.23000000000823,1.0
8824,88.24000000000824,1.0
8825,88.25000000000824,1.0
8826,88.26000000000825,1.0
8827,88.27000000000825,1.0
8828,88.28000000000826,1.0
8829,88.29000000000826,1.0
8830,88.30000000000827,1.0
8831,88.31000000000827,1.0
8832,88.32000000000828,1.0
8833,88.33000000000828,1.0
8834,88.34000000000829,1.0
8835,88.3500000000083,1.0
8836,88.3600000000083,1.0
8837,88.3700000000083,1.0
8838,88.38000000000831,1.0
8839,88.39000000000831,1.0
8840,88.40000000000832,1.0
8841,88.41000000000832,1.0
8842,88.42000000000833,1.0
8843,88.43000000000833,1.0
8844,88.44000000000834,1.0
8845,88.45000000000834,1.0
8846,88.46000000000835,1.0
8847,88.47000000000835,1.0
8848,88.48000000000836,1.0
8849,88.49000000000837,1.0
8850,88.50000000000837,1.0
8851,88.51000000000838,1.0
8852,88.52000000000838,1.0
8853,88.53000000000839,1.0
8854,88.54000000000839,1.0
8855,88.5500000000084,1.0
8856,88.5600000000084,1.0
8857,88.5700000000084,1.0
8858,88.58000000000841,1.0
8859,88.59000000000842,1.0
8860,88.60000000000842,1.0
8861,88.61000000000843,1.0
8862,88.62000000000843,1.0
8863,88.63000000000844,1.0
8864,88.64000000000844,1.0
8865,88.65000000000845,1.0
8866,88.66000000000845,1.0
8867,88.67000000000846,1.0
8868,88.68000000000846,1.0
8869,88.69000000000847,1.0
8870,88.70000000000847,1.0
8871,88.71000000000848,1.0
8872,88.72000000000848,1.0
8873,88.73000000000849,1.0
8874,88.7400000000085,1.0
8875,88.7500000000085,1.0
8876,88.7600000000085,1.0
8877,88.77000000000851,1.0
8878,88.78000000000851,1.0
8879,88.79000000000852,1.0
8880,88.80000000000852,1.0
8881,88.81000000000853,1.0
8882,88.82000000000853,1.0
8883,88.83000000000854,1.0
8884,88.84000000000854,1.0
8885,88.85000000000855,1.0
8886,88.86000000000855,1.0
8887,88.87000000000856,1.0
8888,88.88000000000856,1.0
8889,88.89000000000857,1.0
8890,88.90000000000857,1.0
8891,88.91000000000858,1.0
8892,88.92000000000859,1.0
8893,88.93000000000859,1.0
8894,88.9400000000086,1.0
8895,88.9500000000086,1.0
8896,88.9600000000086,1.0
8897,88.97000000000861,1.0
8898,88.98000000000862,1.0
8899,88.99000000000862,1.0
8900,89.00000000000863,1.0
8901,89.01000000000863,1.0
8902,89.02000000000864,1.0
8903,89.03000000000864,1.0
8904,89.04000000000865,1.0
8905,89.05000000000865,1.0
8906,89.06000000000866,1.0
8907,89.07000000000866,1.0
8908,89.08000000000867,1.0
8909,89.09000000000867,1.0
8910,89.10000000000868,1.0
8911,89.11000000000868,1.0
8912,89.12000000000869,1.0
8913,89.13000000000869,1.0
8914,89.1400000000087,1.0
8915,89.1500000000087,1.0
8916,89.16000000000871,1.0
8917,89.17000000000871,1.0
8918,89.18000000000872,1.0
8919,89.19000000000872,1.0
8920,89.20000000000873,1.0
8921,89.21000000000873,1.0
8922,89.22000000000874,1.0
8923,89.23000000000874,1.0
8924,89.24000000000875,1.0
8925,89.25000000000875,1.0
8926,89.26000000000876,1.0
8927,89.27000000000876,1.0
8928,89.28000000000877,1.0
8929,89.29000000000877,1.0
8930,89.30000000000878,1.0
8931,89.31000000000878,1.0
8932,89.32000000000879,1.0
8933,89.3300000000088,1.0
8934,89.3400000000088,1.0
8935,89.3500000000088,1.0
8936,89.36000000000881,1.0
8937,89.37000000000882,1.0
8938,89.38000000000882,1.0
8939,89.39000000000883,1.0
8940,89.40000000000883,1.0
8941,89.41000000000884,1.0
8942,89.42000000000884,1.0
8943,89.43000000000885,1.0
8944,89.44000000000885,1.0
8945,89.45000000000886,1.0
8946,89.46000000000886,1.0
8947,89.47000000000887,1.0
8948,89.48000000000887,1.0
8949,89.49000000000888,1.0
8950,89.50000000000888,1.0
8951,89.51000000000889,1.0
8952,89.52000000000889,1.0
8953,89.5300000000089,1.0
8954,89.5400000000089,1.0
8955,89.55000000000891,1.0
8956,89.56000000000891,1.0
8957,89.57000000000892,1.0
8958,89.58000000000892,1.0
8959,89.59000000000893,1.0
8960,89.60000000000893,1.0
8961,89.61000000000894,1.0
8962,89.62000000000894,1.0
8963,89.63000000000895,1.0
8964,89.64000000000895,1.0
8965,89.65000000000896,1.0
8966,89.66000000000896,1.0
8967,89.67000000000897,1.0
8968,89.68000000000897,1.0
8969,89.69000000000898,1.0
8970,89.70000000000898,1.0
8971,89.71000000000899,1.0
8972,89.720000000009,1.0
8973,89.730000000009,1.0
8974,89.740000000009,1.0
8975,89.75000000000901,1.0
8976,89.76000000000901,1.0
8977,89.77000000000902,1.0
8978,89.78000000000903,1.0
8979,89.79000000000903,1.0
8980,89.80000000000904,1.0
8981,89.81000000000904,1.0
8982,89.82000000000905,1.0
8983,89.83000000000905,1.0
8984,89.84000000000906,1.0
8985,89.85000000000906,1.0
8986,89.86000000000907,1.0
8987,89.87000000000907,1.0
8988,89.88000000000908,1.0
8989,89.89000000000908,1.0
8990,89.90000000000909,1.0
8991,89.91000000000909,1.0
8992,89.9200000000091,1.0
8993,89.9300000000091,1.0
8994,89.9400000000091,1.0
8995,89.95000000000911,1.0
8996,89.96000000000912,1.0
8997,89.97000000000912,1.0
8998,89.98000000000913,1.0
8999,89.99000000000913,1.0
9000,90.00000000000914,1.0
9001,90.01000000000914,1.0
9002,90.02000000000915,1.0
9003,90.03000000000915,1.0
9004,90.04000000000916,1.0
9005,90.05000000000916,1.0
9006,90.06000000000917,1.0
9007,90.07000000000917,1.0
9008,90.08000000000918,1.0
9009,90.09000000000918,1.0
9010,90.10000000000919,1.0
9011,90.1100000000092,1.0
9012,90.1200000000092,1.0
9013,90.1300000000092,1.0
9014,90.14000000000921,1.0
9015,90.15000000000921,1.0
9016,90.16000000000922,1.0
9017,90.17000000000922,1.0
9018,90.18000000000923,1.0
9019,90.19000000000923,1.0
9020,90.20000000000924,1.0
9021,90.21000000000925,1.0
9022,90.22000000000925,1.0
9023,90.23000000000926,1.0
9024,90.24000000000926,1.0
9025,90.25000000000927,1.0
9026,90.26000000000927,1.0
9027,90.27000000000928,1.0
9028,90.28000000000928,1.0
9029,90.29000000000929,1.0
9030,90.30000000000929,1.0
9031,90.3100000000093,1.0
9032,90.3200000000093,1.0
9033,90.3300000000093,1.0
9034,90.34000000000931,1.0
9035,90.35000000000932,1.0
9036,90.36000000000932,1.0
9037,90.37000000000933,1.0
9038,90.38000000000933,1.0
9039,90.39000000000934,1.0
9040,90.40000000000934,1.0
9041,90.41000000000935,1.0
9042,90.42000000000935,1.0
9043,90.43000000000936,1.0
9044,90.44000000000936,1.0
9045,90.45000000000937,1.0
9046,90.46000000000937,1.0
9047,90.47000000000938,1.0
9048,90.48000000000938,1.0
9049,90.49000000000939,1.0
9050,90.5000000000094,1.0
9051,90.5100000000094,1.0
9052,90.5200000000094,1.0
9053,90.53000000000941,1.0
9054,90.54000000000941,1.0
9055,90.55000000000942,1.0
9056,90.56000000000942,1.0
9057,90.57000000000943,1.0
9058,90.58000000000943,1.0
9059,90.59000000000944,1.0
9060,90.60000000000944,1.0
9061,90.61000000000945,1.0
9062,90.62000000000945,1.0
9063,90.63000000000946,1.0
9064,90.64000000000946,1.0
9065,90.65000000000947,1.0
9066,90.66000000000948,1.0
9067,90.67000000000948,1.0
9068,90.68000000000949,1.0
9069,90.69000000000949,1.0
9070,90.7000000000095,1.0
9071,90.7100000000095,1.0
9072,90.7200000000095,1.0
9073,90.73000000000951,1.0
9074,90.74000000000952,1.0
9075,90.75000000000952,1.0
9076,90.76000000000953,1.0
9077,90.77000000000953,1.0
9078,90.78000000000954,1.0
9079,90.79000000000954,1.0
9080,90.80000000000955,1.0
9081,90.81000000000955,1.0
9082,90.82000000000956,1.0
9083,90.83000000000956,1.0
9084,90.84000000000957,1.0
9085,90.85000000000957,1.0
9086,90.86000000000958,1.0
9087,90.87000000000958,1.0
9088,90.88000000000959,1.0
9089,90.8900000000096,1.0
9090,90.9000000000096,1.0
9091,90.9100000000096,1.0
9092,90.92000000000961,1.0
9093,90.93000000000961,1.0
9094,90.94000000000962,1.0
9095,90.95000000000962,1.0
9096,90.96000000000963,1.0
9097,90.97000000000963,1.0
9098,90.98000000000964,1.0
9099,90.99000000000964,1.0
9100,91.00000000000965,1.0
9101,91.01000000000965,1.0
9102,91.02000000000966,1.0
9103,91.03000000000966,1.0
9104,91.04000000000967,1.0
9105,91.05000000000967,1.0
9106,91.06000000000968,1.0
9107,91.07000000000968,1.0
9108,91.08000000000969,1.0
9109,91.0900000000097,1.0
9110,91.1000000000097,1.0
9111,91.1100000000097,1.0
9112,91.12000000000971,1.0
9113,91.13000000000972,1.0
9114,91.14000000000972,1.0
9115,91.15000000000973,1.0
9116,91.16000000000973,1.0
9117,91.17000000000974,1.0
9118,91.18000000000974,1.0
9119,91.19000000000975,1.0
9120,91.20000000000975,1.0
9121,91.21000000000976,1.0
9122,91.22000000000976,1.0
9123,91.23000000000977,1.0
9124,91.24000000000977,1.0
9125,91.25000000000978,1.0
9126,91.26000000000978,1.0
9127,91.27000000000979,1.0
9128,91.28000000000979,1.0
9129,91.2900000000098,1.0
9130,91.3000000000098,1.0
9131,91.31000000000981,1.0
9132,91.32000000000981,1.0
9133,91.33000000000982,1.0
9134,91.34000000000982,1.0
9135,91.35000000000983,1.0
9136,91.36000000000983,1.0
9137,91.37000000000984,1.0
9138,91.38000000000984,1.0
9139,91.39000000000985,1.0
9140,91.40000000000985,1.0
9141,91.41000000000986,1.0
9142,91.42000000000986,1.0
9143,91.43000000000987,1.0
9144,91.44000000000987,1.0
9145,91.45000000000988,1.0
9146,91.46000000000988,1.0
9147,91.47000000000989,1.0
9148,91.4800000000099,1.0
9149,91.4900000000099,1.0
9150,91.5000000000099,1.0
9151,91.51000000000991,1.0
9152,91.52000000000992,1.0
9153,91.53000000000992,1.0
9154,91.54000000000993,1.0
9155,91.55000000000993,1.0
9156,91.56000000000994,1.0
9157,91.57000000000994,1.0
9158,91.58000000000995,1.0
9159,91.59000000000995,1.0
9160,91.60000000000996,1.0
9161,91.61000000000996,1.0
9162,91.62000000000997,1.0
9163,91.63000000000997,1.0
9164,91.64000000000998,1.0
9165,91.65000000000998,1.0
9166,91.66000000000999,1.0
9167,91.67000000000999,1.0
9168,91.68000000001,1.0
9169,91.69000000001,1.0
9170,91.70000000001001,1.0
9171,91.71000000001001,1.0
9172,91.72000000001002,1.0
9173,91.73000000001002,1.0
9174,91.74000000001003,1.0
9175,91.75000000001003,1.0
9176,91.76000000001004,1.0
9177,91.77000000001004,1.0
9178,91.78000000001005,1.0
9179,91.79000000001005,1.0
9180,91.80000000001006,1.0
9181,91.81000000001006,1.0
9182,91.82000000001007,1.0
9183,91.83000000001007,1.0
9184,91.84000000001008,1.0
9185,91.85000000001008,1.0
9186,91.86000000001009,1.0
9187,91.8700000000101,1.0
9188,91.8800000000101,1.0
9189,91.8900000000101,1.0
9190,91.90000000001011,1.0
9191,91.91000000001011,1.0
9192,91.92000000001012,1.0
9193,91.93000000001012,1.0
9194,91.94000000001013,1.0
9195,91.95000000001014,1.0
9196,91.96000000001014,1.0
9197,91.97000000001015,1.0
9198,91.98000000001015,1.0
9199,91.99000000001016,1.0
9200,92.00000000001016,1.0
9201,92.01000000001017,1.0
9202,92.02000000001017,1.0
9203,92.03000000001018,1.0
9204,92.04000000001018,1.0
9205,92.05000000001019,1.0
9206,92.06000000001019,1.0
9207,92.0700000000102,1.0
9208,92.0800000000102,1.0
9209,92.0900000000102,1.0
9210,92.10000000001021,1.0
9211,92.11000000001022,1.0
9212,92.12000000001022,1.0
9213,92.13000000001023,1.0
9214,92.14000000001023,1.0
9215,92.15000000001024,1.0
9216,92.16000000001024,1.0
9217,92.17000000001025,1.0
9218,92.18000000001025,1.0
9219,92.19000000001026,1.0
9220,92.20000000001026,1.0
9221,92.21000000001027,1.0
9222,92.22000000001027,1.0
9223,92.23000000001028,1.0
9224,92.24000000001028,1.0
9225,92.25000000001029,1.0
9226,92.2600000000103,1.0
9227,92.2700000000103,1.0
9228,92.2800000000103,1.0
9229,92.29000000001031,1.0
9230,92.30000000001031,1.0
9231,92.31000000001032,1.0
9232,92.32000000001032,1.0
9233,92.33000000001033,1.0
9234,92.34000000001033,1.0
9235,92.35000000001034,1.0
9236,92.36000000001034,1.0
9237,92.37000000001035,1.0
9238,92.38000000001036,1.0
9239,92.39000000001036,1.0
9240,92.40000000001037,1.0
9241,92.41000000001037,1.0
9242,92.42000000001038,1.0
9243,92.43000000001038,1.0
9244,92.44000000001039,1.0
9245,92.45000000001039,1.0
9246,92.4600000000104,1.0
9247,92.4700000000104,1.0
9248,92.4800000000104,1.0
9249,92.49000000001041,1.0
9250,92.50000000001042,1.0
9251,92.51000000001042,1.0
9252,92.52000000001043,1.0
9253,92.53000000001043,1.0
9254,92.54000000001044,1.0
9255,92.55000000001044,1.0
9256,92.56000000001045,1.0
9257,92.57000000001045,1.0
9258,92.58000000001046,1.0
9259,92.59000000001046,1.0
9260,92.60000000001047,1.0
9261,92.61000000001047,1.0
9262,92.62000000001048,1.0
9263,92.63000000001048,1.0
9264,92.64000000001049,1.0
9265,92.6500000000105,1.0
9266,92.6600000000105,1.0
9267,92.6700000000105,1.0
9268,92.68000000001051,1.0
9269,92.69000000001051,1.0
9270,92.70000000001052,1.0
9271,92.71000000001052,1.0
9272,92.72000000001053,1.0
9273,92.73000000001053,1.0
9274,92.74000000001054,1.0
9275,92.75000000001054,1.0
9276,92.76000000001055,1.0
9277,92.77000000001055,1.0
9278,92.78000000001056,1.0
9279,92.79000000001056,1.0
9280,92.80000000001057,1.0
9281,92.81000000001058,1.0
9282,92.82000000001058,1.0
9283,92.83000000001059,1.0
9284,92.84000000001059,1.0
9285,92.8500000000106,1.0
9286,92.8600000000106,1.0
9287,92.8700000000106,1.0
9288,92.88000000001061,1.0
9289,92.89000000001062,1.0
9290,92.90000000001062,1.0
9291,92.91000000001063,1.0
9292,92.92000000001063,1.0
9293,92.93000000001064,1.0
9294,92.94000000001064,1.0
9295,92.95000000001065,1.0
9296,92.96000000001065,1.0
9297,92.97000000001066,1.0
9298,92.98000000001066,1.0
9299,92.99000000001067,1.0
9300,93.00000000001067,1.0
9301,93.01000000001068,1.0
9302,93.02000000001068,1.0
9303,93.03000000001069,1.0
9304,93.04000000001069,1.0
9305,93.0500000000107,1.0
9306,93.0600000000107,1.0
9307,93.07000000001071,1.0
9308,93.08000000001071,1.0
9309,93.09000000001072,1.0
9310,93.10000000001072,1.0
9311,93.11000000001073,1.0
9312,93.12000000001073,1.0
9313,93.13000000001074,1.0
9314,93.14000000001074,1.0
9315,93.15000000001075,1.0
9316,93.16000000001075,1.0
9317,93.17000000001076,1.0
9318,93.18000000001076,1.0
9319,93.19000000001077,1.0
9320,93.20000000001077,1.0
9321,93.21000000001078,1.0
9322,93.22000000001078,1.0
9323,93.23000000001079,1.0
9324,93.2400000000108,1.0
9325,93.2500000000108,1.0
9326,93.2600000000108,1.0
9327,93.27000000001081,1.0
9328,93.28000000001082,1.0
9329,93.29000000001082,1.0
9330,93.30000000001083,1.0
9331,93.31000000001083,1.0
9332,93.32000000001084,1.0
9333,93.33000000001084,1.0
9334,93.34000000001085,1.0
9335,93.35000000001085,1.0
9336,93.36000000001086,1.0
9337,93.37000000001086,1.0
9338,93.38000000001087,1.0
9339,93.39000000001087,1.0
9340,93.40000000001088,1.0
9341,93.41000000001088,1.0
9342,93.42000000001089,1.0
9343,93.43000000001089,1.0
9344,93.4400000000109,1.0
9345,93.4500000000109,1.0
9346,93.46000000001091,1.0
9347,93.47000000001091,1.0
9348,93.48000000001092,1.0
9349,93.49000000001092,1.0
9350,93.50000000001093,1.0
9351,93.51000000001093,1.0
9352,93.52000000001094,1.0
9353,93.53000000001094,1.0
9354,93.54000000001095,1.0
9355,93.55000000001095,1.0
9356,93.56000000001096,1.0
9357,93.57000000001096,1.0
9358,93.58000000001097,1.0
9359,93.59000000001097,1.0
9360,93.60000000001098,1.0
9361,93.61000000001098,1.0
9362,93.62000000001099,1.0
9363,93.630000000011,1.0
9364,93.640000000011,1.0
9365,93.650000000011,1.0
9366,93.66000000001101,1.0
9367,93.67000000001102,1.0
9368,93.68000000001102,1.0
9369,93.69000000001103,1.0
9370,93.70000000001103,1.0
9371,93.71000000001104,1.0
9372,93.72000000001104,1.0
9373,93.73000000001105,1.0
9374,93.74000000001105,1.0
9375,93.75000000001106,1.0
9376,93.76000000001106,1.0
9377,93.77000000001107,1.0
9378,93.78000000001107,1.0
9379,93.79000000001108,1.0
9380,93.80000000001108,1.0
9381,93.81000000001109,1.0
9382,93.82000000001109,1.0
9383,93.8300000000111,1.0
9384,93.8400000000111,1.0
9385,93.85000000001111,1.0
9386,93.86000000001111,1.0
9387,93.87000000001112,1.0
9388,93.88000000001112,1.0
9389,93.89000000001113,1.0
9390,93.90000000001113,1.0
9391,93.91000000001114,1.0
9392,93.92000000001114,1.0
9393,93.93000000001115,1.0
9394,93.94000000001115,1.0
9395,93.95000000001116,1.0
9396,93.96000000001116,1.0
9397,93.97000000001117,1.0
9398,93.98000000001117,1.0
9399,93.99000000001118,1.0
9400,94.00000000001118,1.0
9401,94.01000000001119,1.0
9402,94.0200000000112,1.0
9403,94.0300000000112,1.0
9404,94.0400000000112,1.0
9405,94.05000000001121,1.0
9406,94.06000000001121,1.0
9407,94.07000000001122,1.0
9408,94.08000000001122,1.0
9409,94.09000000001123,1.0
9410,94.10000000001124,1.0
9411,94.11000000001124,1.0
9412,94.12000000001125,1.0
9413,94.13000000001125,1.0
9414,94.14000000001126,1.0
9415,94.15000000001126,1.0
9416,94.16000000001127,1.0
9417,94.17000000001127,1.0
9418,94.18000000001128,1.0
9419,94.19000000001128,1.0
9420,94.20000000001129,1.0
9421,94.21000000001129,1.0
9422,94.2200000000113,1.0
9423,94.2300000000113,1.0
9424,94.2400000000113,1.0
9425,94.25000000001131,1.0
9426,94.26000000001132,1.0
9427,94.27000000001132,1.0
9428,94.28000000001133,1.0
9429,94.29000000001133,1.0
9430,94.30000000001134,1.0
9431,94.31000000001134,1.0
9432,94.32000000001135,1.0
9433,94.33000000001135,1.0
9434,94.34000000001136,1.0
9435,94.35000000001136,1.0
9436,94.36000000001137,1.0
9437,94.37000000001137,1.0
9438,94.38000000001138,1.0
9439,94.39000000001138,1.0
9440,94.40000000001139,1.0
9441,94.4100000000114,1.0
9442,94.4200000000114,1.0
9443,94.4300000000114,1.0
9444,94.44000000001141,1.0
9445,94.45000000001141,1.0
9446,94.46000000001142,1.0
9447,94.47000000001142,1.0
9448,94.48000000001143,1.0
9449,94.49000000001143,1.0
9450,94.50000000001144,1.0
9451,94.51000000001144,1.0
9452,94.52000000001145,1.0
9453,94.53000000001146,1.0
9454,94.54000000001146,1.0
9455,94.55000000001147,1.0
9456,94.56000000001147,1.0
9457,94.57000000001148,1.0
9458,94.58000000001148,1.0
9459,94.59000000001149,1.0
9460,94.60000000001149,1.0
9461,94.6100000000115,1.0
9462,94.6200000000115,1.0
9463,94.6300000000115,1.0
9464,94.64000000001151,1.0
9465,94.65000000001152,1.0
9466,94.66000000001152,1.0
9467,94.67000000001153,1.0
9468,94.68000000001153,1.0
9469,94.69000000001154,1.0
9470,94.70000000001154,1.0
9471,94.71000000001155,1.0
9472,94.72000000001155,1.0
9473,94.73000000001156,1.0
9474,94.74000000001156,1.0
9475,94.75000000001157,1.0
9476,94.76000000001157,1.0
9477,94.77000000001158,1.0
9478,94.78000000001158,1.0
9479,94.79000000001159,1.0
9480,94.8000000000116,1.0
9481,94.8100000000116,1.0
9482,94.8200000000116,1.0
9483,94.83000000001161,1.0
9484,94.84000000001161,1.0
9485,94.85000000001162,1.0
9486,94.86000000001162,1.0
9487,94.87000000001163,1.0
9488,94.88000000001163,1.0
9489,94.89000000001164,1.0
9490,94.90000000001164,1.0
9491,94.91000000001165,1.0
9492,94.92000000001165,1.0
9493,94.93000000001166,1.0
9494,94.94000000001166,1.0
9495,94.95000000001167,1.0
9496,94.96000000001168,1.0
9497,94.97000000001168,1.0
9498,94.98000000001169,1.0
9499,94.99000000001169,1.0
9500,95.0000000000117,1.0
9501,95.0100000000117,1.0
9502,95.0200000000117,1.0
9503,95.03000000001171,1.0
9504,95.04000000001172,1.0
9505,95.05000000001172,1.0
9506,95.06000000001173,1.0
9507,95.07000000001173,1.0
9508,95.08000000001174,1.0
9509,95.09000000001174,1.0
9510,95.10000000001175,1.0
9511,95.11000000001175,1.0
9512,95.12000000001176,1.0
9513,95.13000000001176,1.0
9514,95.14000000001177,1.0
9515,95.15000000001177,1.0
9516,95.16000000001178,1.0
9517,95.17000000001178,1.0
9518,95.18000000001179,1.0
9519,95.19000000001179,1.0
9520,95.2000000000118,1.0
9521,95.2100000000118,1.0
9522,95.22000000001181,1.0
9523,95.23000000001181,1.0
9524,95.24000000001182,1.0
9525,95.25000000001182,1.0
9526,95.26000000001183,1.0
9527,95.27000000001183,1.0
9528,95.28000000001184,1.0
9529,95.29000000001184,1.0
9530,95.30000000001185,1.0
9531,95.31000000001185,1.0
9532,95.32000000001186,1.0
9533,95.33000000001186,1.0
9534,95.34000000001187,1.0
9535,95.35000000001187,1.0
9536,95.36000000001188,1.0
9537,95.37000000001188,1.0
9538,95.38000000001189,1.0
9539,95.3900000000119,1.0
9540,95.4000000000119,1.0
9541,95.4100000000119,1.0
9542,95.42000000001191,1.0
9543,95.43000000001192,1.0
9544,95.44000000001192,1.0
9545,95.45000000001193,1.0
9546,95.46000000001193,1.0
9547,95.47000000001194,1.0
9548,95.48000000001194,1.0
9549,95.49000000001195,1.0
9550,95.50000000001195,1.0
9551,95.51000000001196,1.0
9552,95.52000000001196,1.0
9553,95.53000000001197,1.0
9554,95.54000000001197,1.0
9555,95.55000000001198,1.0
9556,95.56000000001198,1.0
9557,95.57000000001199,1.0
9558,95.58000000001199,1.0
9559,95.590000000012,1.0
9560,95.600000000012,1.0
9561,95.61000000001201,1.0
9562,95.62000000001201,1.0
9563,95.63000000001202,1.0
9564,95.64000000001202,1.0
9565,95.65000000001203,1.0
9566,95.66000000001203,1.0
9567,95.67000000001204,1.0
9568,95.68000000001204,1.0
9569,95.69000000001205,1.0
9570,95.70000000001205,1.0
9571,95.71000000001206,1.0
9572,95.72000000001206,1.0
9573,95.73000000001207,1.0
9574,95.74000000001207,1.0
9575,95.75000000001208,1.0
9576,95.76000000001208,1.0
9577,95.77000000001209,1.0
9578,95.7800000000121,1.0
9579,95.7900000000121,1.0
9580,95.8000000000121,1.0
9581,95.81000000001211,1.0
9582,95.82000000001212,1.0
9583,95.83000000001212,1.0
9584,95.84000000001213,1.0
9585,95.85000000001213,1.0
9586,95.86000000001214,1.0
9587,95.87000000001214,1.0
9588,95.88000000001215,1.0
9589,95.89000000001215,1.0
9590,95.90000000001216,1.0
9591,95.91000000001216,1.0
9592,95.92000000001217,1.0
9593,95.93000000001217,1.0
9594,95.94000000001218,1.0
9595,95.95000000001218,1.0
9596,95.96000000001219,1.0
9597,95.97000000001219,1.0
9598,95.9800000000122,1.0
9599,95.9900000000122,1.0
9600,96.00000000001221,1.0
9601,96.01000000001221,1.0
9602,96.02000000001222,1.0
9603,96.03000000001222,1.0
9604,96.04000000001223,1.0
9605,96.05000000001223,1.0
9606,96.06000000001224,1.0
9607,96.07000000001224,1.0
9608,96.08000000001225,1.0
9609,96.09000000001225,1.0
9610,96.10000000001226,1.0
9611,96.11000000001226,1.0
9612,96.12000000001227,1.0
9613,96.13000000001227,1.0
9614,96.14000000001228,1.0
9615,96.15000000001228,1.0
9616,96.16000000001229,1.0
9617,96.1700000000123,1.0
9618,96.1800000000123,1.0
9619,96.1900000000123,1.0
9620,96.20000000001231,1.0
9621,96.21000000001231,1.0
9622,96.22000000001232,1.0
9623,96.23000000001232,1.0
9624,96.24000000001233,1.0
9625,96.25000000001234,1.0
9626,96.26000000001234,1.0
9627,96.27000000001235,1.0
9628,96.28000000001235,1.0
9629,96.29000000001236,1.0
9630,96.30000000001236,1.0
9631,96.31000000001237,1.0
9632,96.32000000001237,1.0
9633,96.33000000001238,1.0
9634,96.34000000001238,1.0
9635,96.35000000001239,1.0
9636,96.36000000001239,1.0
9637,96.3700000000124,1.0
9638,96.3800000000124,1.0
9639,96.3900000000124,1.0
9640,96.40000000001241,1.0
9641,96.41000000001242,1.0
9642,96.42000000001242,1.0
9643,96.43000000001243,1.0
9644,96.44000000001243,1.0
9645,96.45000000001244,1.0
9646,96.46000000001244,1.0
9647,96.47000000001245,1.0
9648,96.48000000001245,1.0
9649,96.49000000001246,1.0
9650,96.50000000001246,1.0
9651,96.51000000001247,1.0
9652,96.52000000001247,1.0
9653,96.53000000001248,1.0
9654,96.54000000001248,1.0
9655,96.55000000001249,1.0
9656,96.5600000000125,1.0
9657,96.5700000000125,1.0
9658,96.5800000000125,1.0
9659,96.59000000001251,1.0
9660,96.60000000001251,1.0
9661,96.61000000001252,1.0
9662,96.62000000001252,1.0
9663,96.63000000001253,1.0
9664,96.64000000001253,1.0
9665,96.65000000001254,1.0
9666,96.66000000001254,1.0
9667,96.67000000001255,1.0
9668,96.68000000001256,1.0
9669,96.69000000001256,1.0
9670,96.70000000001257,1.0
9671,96.71000000001257,1.0
9672,96.72000000001258,1.0
9673,96.73000000001258,1.0
9674,96.74000000001259,1.0
9675,96.75000000001259,1.0
9676,96.7600000000126,1.0
9677,96.7700000000126,1.0
9678,96.7800000000126,1.0
9679,96.79000000001261,1.0
9680,96.80000000001262,1.0
9681,96.81000000001262,1.0
9682,96.82000000001263,1.0
9683,96.83000000001263,1.0
9684,96.84000000001264,1.0
9685,96.85000000001264,1.0
9686,96.86000000001265,1.0
9687,96.87000000001265,1.0
9688,96.88000000001266,1.0
9689,96.89000000001266,1.0
9690,96.90000000001267,1.0
9691,96.91000000001267,1.0
9692,96.92000000001268,1.0
9693,96.93000000001268,1.0
9694,96.94000000001269,1.0
9695,96.9500000000127,1.0
9696,96.9600000000127,1.0
9697,96.9700000000127,1.0
9698,96.98000000001271,1.0
9699,96.99000000001271,1.0
9700,97.00000000001272,1.0
9701,97.01000000001272,1.0
9702,97.02000000001273,1.0
9703,97.03000000001273,1.0
9704,97.04000000001274,1.0
9705,97.05000000001274,1.0
9706,97.06000000001275,1.0
9707,97.07000000001275,1.0
9708,97.08000000001276,1.0
9709,97.09000000001276,1.0
9710,97.10000000001277,1.0
9711,97.11000000001277,1.0
9712,97.12000000001278,1.0
9713,97.13000000001279,1.0
9714,97.14000000001279,1.0
9715,97.1500000000128,1.0
9716,97.1600000000128,1.0
9717,97.1700000000128,1.0
9718,97.18000000001281,1.0
9719,97.19000000001282,1.0
9720,97.20000000001282,1.0
9721,97.21000000001283,1.0
9722,97.22000000001283,1.0
9723,97.23000000001284,1.0
9724,97.24000000001284,1.0
9725,97.25000000001285,1.0
9726,97.26000000001285,1.0
9727,97.27000000001286,1.0
9728,97.28000000001286,1.0
9729,97.29000000001287,1.0
9730,97.30000000001287,1.0
9731,97.31000000001288,1.0
9732,97.32000000001288,1.0
9733,97.33000000001289,1.0
9734,97.34000000001289,1.0
9735,97.3500000000129,1.0
9736,97.3600000000129,1.0
9737,97.37000000001291,1.0
9738,97.38000000001291,1.0
9739,97.39000000001292,1.0
9740,97.40000000001292,1.0
9741,97.41000000001293,1.0
9742,97.42000000001293,1.0
9743,97.43000000001294,1.0
9744,97.44000000001294,1.0
9745,97.45000000001295,1.0
9746,97.46000000001295,1.0
9747,97.47000000001296,1.0
9748,97.48000000001296,1.0
9749,97.49000000001297,1.0
9750,97.50000000001297,1.0
9751,97.51000000001298,1.0
9752,97.52000000001298,1.0
9753,97.53000000001299,1.0
9754,97.540000000013,1.0
9755,97.550000000013,1.0
9756,97.560000000013,1.0
9757,97.57000000001301,1.0
9758,97.58000000001302,1.0
9759,97.59000000001302,1.0
9760,97.60000000001303,1.0
9761,97.61000000001303,1.0
9762,97.62000000001304,1.0
9763,97.63000000001304,1.0
9764,97.64000000001305,1.0
9765,97.65000000001305,1.0
9766,97.66000000001306,1.0
9767,97.67000000001306,1.0
9768,97.68000000001307,1.0
9769,97.69000000001307,1.0
9770,97.70000000001308,1.0
9771,97.71000000001308,1.0
9772,97.72000000001309,1.0
9773,97.73000000001309,1.0
9774,97.7400000000131,1.0
9775,97.7500000000131,1.0
9776,97.76000000001311,1.0
9777,97.77000000001311,1.0
9778,97.78000000001312,1.0
9779,97.79000000001312,1.0
9780,97.80000000001313,1.0
9781,97.81000000001313,1.0
9782,97.82000000001314,1.0
9783,97.83000000001314,1.0
9784,97.84000000001315,1.0
9785,97.85000000001315,1.0
9786,97.86000000001316,1.0
9787,97.87000000001316,1.0
9788,97.88000000001317,1.0
9789,97.89000000001317,1.0
9790,97.90000000001318,1.0
9791,97.91000000001318,1.0
9792,97.92000000001319,1.0
9793,97.9300000000132,1.0
9794,97.9400000000132,1.0
9795,97.9500000000132,1.0
9796,97.96000000001321,1.0
9797,97.97000000001321,1.0
9798,97.98000000001322,1.0
9799,97.99000000001323,1.0
9800,98.00000000001323,1.0
9801,98.01000000001324,1.0
9802,98.02000000001324,1.0
9803,98.03000000001325,1.0
9804,98.04000000001325,1.0
9805,98.05000000001326,1.0
9806,98.06000000001326,1.0
9807,98.07000000001327,1.0
9808,98.08000000001327,1.0
9809,98.09000000001328,1.0
9810,98.10000000001328,1.0
9811,98.11000000001329,1.0
9812,98.12000000001329,1.0
9813,98.1300000000133,1.0
9814,98.1400000000133,1.0
9815,98.1500000000133,1.0
9816,98.16000000001331,1.0
9817,98.17000000001332,1.0
9818,98.18000000001332,1.0
9819,98.19000000001333,1.0
9820,98.20000000001333,1.0
9821,98.21000000001334,1.0
9822,98.22000000001334,1.0
9823,98.23000000001335,1.0
9824,98.24000000001335,1.0
9825,98.25000000001336,1.0
9826,98.26000000001336,1.0
9827,98.27000000001337,1.0
9828,98.28000000001337,1.0
9829,98.29000000001338,1.0
9830,98.30000000001338,1.0
9831,98.31000000001339,1.0
9832,98.3200000000134,1.0
9833,98.3300000000134,1.0
9834,98.3400000000134,1.0
9835,98.35000000001341,1.0
9836,98.36000000001341,1.0
9837,98.37000000001342,1.0
9838,98.38000000001342,1.0
9839,98.39000000001343,1.0
9840,98.40000000001343,1.0
9841,98.41000000001344,1.0
9842,98.42000000001345,1.0
9843,98.43000000001345,1.0
9844,98.44000000001346,1.0
9845,98.45000000001346,1.0
9846,98.46000000001347,1.0
9847,98.47000000001347,1.0
9848,98.48000000001348,1.0
9849,98.49000000001348,1.0
9850,98.50000000001349,1.0
9851,98.51000000001349,1.0
9852,98.5200000000135,1.0
9853,98.5300000000135,1.0
9854,98.5400000000135,1.0
9855,98.55000000001351,1.0
9856,98.56000000001352,1.0
9857,98.57000000001352,1.0
9858,98.58000000001353,1.0
9859,98.59000000001353,1.0
9860,98.60000000001354,1.0
9861,98.61000000001354,1.0
9862,98.62000000001355,1.0
9863,98.63000000001355,1.0
9864,98.64000000001356,1.0
9865,98.65000000001356,1.0
9866,98.66000000001357,1.0
9867,98.67000000001357,1.0
9868,98.68000000001358,1.0
9869,98.69000000001358,1.0
9870,98.70000000001359,1.0
9871,98.7100000000136,1.0
9872,98.7200000000136,1.0
9873,98.7300000000136,1.0
9874,98.74000000001361,1.0
9875,98.75000000001361,1.0
9876,98.76000000001362,1.0
9877,98.77000000001362,1.0
9878,98.78000000001363,1.0
9879,98.79000000001363,1.0
9880,98.80000000001364,1.0
9881,98.81000000001364,1.0
9882,98.82000000001365,1.0
9883,98.83000000001365,1.0
9884,98.84000000001366,1.0
9885,98.85000000001367,1.0
9886,98.86000000001367,1.0
9887,98.87000000001368,1.0
9888,98.88000000001368,1.0
9889,98.89000000001369,1.0
9890,98.90000000001369,1.0
9891,98.9100000000137,1.0
9892,98.9200000000137,1.0
9893,98.9300000000137,1.0
9894,98.94000000001371,1.0
9895,98.95000000001372,1.0
9896,98.96000000001372,1.0
9897,98.97000000001373,1.0
9898,98.98000000001373,1.0
9899,98.99000000001374,1.0
9900,99.00000000001374,1.0
9901,99.01000000001375,1.0
9902,99.02000000001375,1.0
9903,99.03000000001376,1.0
9904,99.04000000001376,1.0
9905,99.05000000001377,1.0
9906,99.06000000001377,1.0
9907,99.07000000001378,1.0
9908,99.08000000001378,1.0
9909,99.09000000001379,1.0
9910,99.1000000000138,1.0
9911,99.1100000000138,1.0
9912,99.1200000000138,1.0
9913,99.13000000001381,1.0
9914,99.14000000001381,1.0
9915,99.15000000001382,1.0
9916,99.16000000001382,1.0
9917,99.17000000001383,1.0
9918,99.18000000001383,1.0
9919,99.19000000001384,1.0
9920,99.20000000001384,1.0
9921,99.21000000001385,1.0
9922,99.22000000001385,1.0
9923,99.23000000001386,1.0
9924,99.24000000001386,1.0
9925,99.25000000001387,1.0
9926,99.26000000001387,1.0
9927,99.27000000001388,1.0
9928,99.28000000001389,1.0
9929,99.29000000001389,1.0
9930,99.3000000000139,1.0
9931,99.3100000000139,1.0
9932,99.3200000000139,1.0
9933,99.33000000001391,1.0
9934,99.34000000001392,1.0
9935,99.35000000001392,1.0
9936,99.36000000001393,1.0
9937,99.37000000001393,1.0
9938,99.38000000001394,1.0
9939,99.39000000001394,1.0
9940,99.40000000001395,1.0
9941,99.41000000001395,1.0
9942,99.42000000001396,1.0
9943,99.43000000001396,1.0
9944,99.44000000001397,1.0
9945,99.45000000001397,1.0
9946,99.46000000001398,1.0
9947,99.47000000001398,1.0
9948,99.48000000001399,1.0
9949,99.49000000001399,1.0
9950,99.500000000014,1.0
9951,99.510000000014,1.0
9952,99.52000000001401,1.0
9953,99.53000000001401,1.0
9954,99.54000000001402,1.0
9955,99.55000000001402,1.0
9956,99.56000000001403,1.0
9957,99.57000000001403,1.0
9958,99.58000000001404,1.0
9959,99.59000000001404,1.0
9960,99.60000000001405,1.0
9961,99.61000000001405,1.0
9962,99.62000000001406,1.0
9963,99.63000000001406,1.0
9964,99.64000000001407,1.0
9965,99.65000000001407,1.0
9966,99.66000000001408,1.0
9967,99.67000000001408,1.0
9968,99.68000000001409,1.0
9969,99.6900000000141,1.0
9970,99.7000000000141,1.0
9971,99.7100000000141,1.0
9972,99.72000000001411,1.0
9973,99.73000000001412,1.0
9974,99.74000000001412,1.0
9975,99.75000000001413,1.0
9976,99.76000000001413,1.0
9977,99.77000000001414,1.0
9978,99.78000000001414,1.0
9979,99.79000000001415,1.0
9980,99.80000000001415,1.0
9981,99.81000000001416,1.0
9982,99.82000000001416,1.0
9983,99.83000000001417,1.0
9984,99.84000000001417,1.0
9985,99.85000000001418,1.0
9986,99.86000000001418,1.0
9987,99.87000000001419,1.0
9988,99.88000000001419,1.0
9989,99.8900000000142,1.0
9990,99.9000000000142,1.0
9991,99.91000000001421,1.0
9992,99.92000000001421,1.0
9993,99.93000000001422,1.0
9994,99.94000000001422,1.0
9995,99.95000000001423,1.0
9996,99.96000000001423,1.0
9997,99.97000000001424,1.0
9998,99.98000000001424,1.0
9999,99.99000000001425,1.0
10000,100.00000000001425,1.0
10001,100.01000000001426,1.0
10002,100.02000000001426,1.0
10003,100.03000000001427,1.0
10004,100.04000000001427,1.0
10005,100.05000000001428,1.0
10006,100.06000000001428,1.0
10007,100.07000000001429,1.0
10008,100.0800000000143,1.0
10009,100.0900000000143,1.0
10010,100.1000000000143,1.0
10011,100.11000000001431,1.0
10012,100.12000000001431,1.0
10013,100.13000000001432,1.0
10014,100.14000000001433,1.0
10015,100.15000000001433,1.0
10016,100.16000000001434,1.0
10017,100.17000000001434,1.0
10018,100.18000000001435,1.0
10019,100.19000000001435,1.0
10020,100.20000000001436,1.0
10021,100.21000000001436,1.0
10022,100.22000000001437,1.0
10023,100.23000000001437,1.0
10024,100.24000000001438,1.0
10025,100.25000000001438,1.0
10026,100.26000000001439,1.0
10027,100.27000000001439,1.0
10028,100.2800000000144,1.0
10029,100.2900000000144,1.0
10030,100.3000000000144,1.0
10031,100.31000000001441,1.0
10032,100.32000000001442,1.0
10033,100.33000000001442,1.0
10034,100.34000000001443,1.0
10035,100.35000000001443,1.0
10036,100.36000000001444,1.0
10037,100.37000000001444,1.0
10038,100.38000000001445,1.0
10039,100.39000000001445,1.0
10040,100.40000000001446,1.0
10041,100.41000000001446,1.0
10042,100.42000000001447,1.0
10043,100.43000000001447,1.0
10044,100.44000000001448,1.0
10045,100.45000000001448,1.0
10046,100.46000000001449,1.0
10047,100.4700000000145,1.0
10048,100.4800000000145,1.0
10049,100.4900000000145,1.0
10050,100.50000000001451,1.0
10051,100.51000000001451,1.0
10052,100.52000000001452,1.0
10053,100.53000000001452,1.0
10054,100.54000000001453,1.0
10055,100.55000000001453,1.0
10056,100.56000000001454,1.0
10057,100.57000000001455,1.0
10058,100.58000000001455,1.0
10059,100.59000000001456,1.0
10060,100.60000000001456,1.0
10061,100.61000000001457,1.0
10062,100.62000000001457,1.0
10063,100.63000000001458,1.0
10064,100.64000000001458,1.0
10065,100.65000000001459,1.0
10066,100.66000000001459,1.0
10067,100.6700000000146,1.0
10068,100.6800000000146,1.0
10069,100.6900000000146,1.0
10070,100.70000000001461,1.0
10071,100.71000000001462,1.0
10072,100.72000000001462,1.0
10073,100.73000000001463,1.0
10074,100.74000000001463,1.0
10075,100.75000000001464,1.0
10076,100.76000000001464,1.0
10077,100.77000000001465,1.0
10078,100.78000000001465,1.0
10079,100.79000000001466,1.0
10080,100.80000000001466,1.0
10081,100.81000000001467,1.0
10082,100.82000000001467,1.0
10083,100.83000000001468,1.0
10084,100.84000000001468,1.0
10085,100.85000000001469,1.0
10086,100.8600000000147,1.0
10087,100.8700000000147,1.0
10088,100.8800000000147,1.0
10089,100.89000000001471,1.0
10090,100.90000000001471,1.0
10091,100.91000000001472,1.0
10092,100.92000000001472,1.0
10093,100.93000000001473,1.0
10094,100.94000000001473,1.0
10095,100.95000000001474,1.0
10096,100.96000000001474,1.0
10097,100.97000000001475,1.0
10098,100.98000000001475,1.0
10099,100.99000000001476,1.0
10100,101.00000000001477,1.0
10101,101.01000000001477,1.0
10102,101.02000000001478,1.0
10103,101.03000000001478,1.0
10104,101.04000000001479,1.0
10105,101.05000000001479,1.0
10106,101.0600000000148,1.0
10107,101.0700000000148,1.0
10108,101.0800000000148,1.0
10109,101.09000000001481,1.0
10110,101.10000000001482,1.0
10111,101.11000000001482,1.0
10112,101.12000000001483,1.0
10113,101.13000000001483,1.0
10114,101.14000000001484,1.0
10115,101.15000000001484,1.0
10116,101.16000000001485,1.0
10117,101.17000000001485,1.0
10118,101.18000000001486,1.0
10119,101.19000000001486,1.0
10120,101.20000000001487,1.0
10121,101.21000000001487,1.0
10122,101.22000000001488,1.0
10123,101.23000000001488,1.0
10124,101.24000000001489,1.0
10125,101.2500000000149,1.0
10126,101.2600000000149,1.0
10127,101.2700000000149,1.0
10128,101.28000000001491,1.0
10129,101.29000000001491,1.0
10130,101.30000000001492,1.0
10131,101.31000000001492,1.0
10132,101.32000000001493,1.0
10133,101.33000000001493,1.0
10134,101.34000000001494,1.0
10135,101.35000000001494,1.0
10136,101.36000000001495,1.0
10137,101.37000000001495,1.0
10138,101.38000000001496,1.0
10139,101.39000000001496,1.0
10140,101.40000000001497,1.0
10141,101.41000000001497,1.0
10142,101.42000000001498,1.0
10143,101.43000000001499,1.0
10144,101.44000000001499,1.0
10145,101.450000000015,1.0
10146,101.460000000015,1.0
10147,101.470000000015,1.0
10148,101.48000000001501,1.0
10149,101.49000000001502,1.0
10150,101.50000000001502,1.0
10151,101.51000000001503,1.0
10152,101.52000000001503,1.0
10153,101.53000000001504,1.0
10154,101.54000000001504,1.0
10155,101.55000000001505,1.0
10156,101.56000000001505,1.0
10157,101.57000000001506,1.0
10158,101.58000000001506,1.0
10159,101.59000000001507,1.0
10160,101.60000000001507,1.0
10161,101.61000000001508,1.0
10162,101.62000000001508,1.0
10163,101.63000000001509,1.0
10164,101.64000000001509,1.0
10165,101.6500000000151,1.0
10166,101.6600000000151,1.0
10167,101.67000000001511,1.0
10168,101.68000000001511,1.0
10169,101.69000000001512,1.0
10170,101.70000000001512,1.0
10171,101.71000000001513,1.0
10172,101.72000000001513,1.0
10173,101.73000000001514,1.0
10174,101.74000000001514,1.0
10175,101.75000000001515,1.0
10176,101.76000000001515,1.0
10177,101.77000000001516,1.0
10178,101.78000000001516,1.0
10179,101.79000000001517,1.0
10180,101.80000000001517,1.0
10181,101.81000000001518,1.0
10182,101.82000000001518,1.0
10183,101.83000000001519,1.0
10184,101.8400000000152,1.0
10185,101.8500000000152,1.0
10186,101.8600000000152,1.0
10187,101.87000000001521,1.0
10188,101.88000000001522,1.0
10189,101.89000000001522,1.0
10190,101.90000000001523,1.0
10191,101.91000000001523,1.0
10192,101.92000000001524,1.0
10193,101.93000000001524,1.0
10194,101.94000000001525,1.0
10195,101.95000000001525,1.0
10196,101.96000000001526,1.0
10197,101.97000000001526,1.0
10198,101.98000000001527,1.0
10199,101.99000000001527,1.0
10200,102.00000000001528,1.0
10201,102.01000000001528,1.0
10202,102.02000000001529,1.0
10203,102.03000000001529,1.0
10204,102.0400000000153,1.0
10205,102.0500000000153,1.0
10206,102.06000000001531,1.0
10207,102.07000000001531,1.0
10208,102.08000000001532,1.0
10209,102.09000000001532,1.0
10210,102.10000000001533,1.0
10211,102.11000000001533,1.0
10212,102.12000000001534,1.0
10213,102.13000000001534,1.0
10214,102.14000000001535,1.0
10215,102.15000000001535,1.0
10216,102.16000000001536,1.0
10217,102.17000000001536,1.0
10218,102.18000000001537,1.0
10219,102.19000000001537,1.0
10220,102.20000000001538,1.0
10221,102.21000000001538,1.0
10222,102.22000000001539,1.0
10223,102.2300000000154,1.0
10224,102.2400000000154,1.0
10225,102.2500000000154,1.0
10226,102.26000000001541,1.0
10227,102.27000000001541,1.0
10228,102.28000000001542,1.0
10229,102.29000000001543,1.0
10230,102.30000000001543,1.0
10231,102.31000000001544,1.0
10232,102.32000000001544,1.0
10233,102.33000000001545,1.0
10234,102.34000000001545,1.0
10235,102.35000000001546,1.0
10236,102.36000000001546,1.0
10237,102.37000000001547,1.0
10238,102.38000000001547,1.0
10239,102.39000000001548,1.0
10240,102.40000000001548,1.0
10241,102.41000000001549,1.0
10242,102.42000000001549,1.0
10243,102.4300000000155,1.0
10244,102.4400000000155,1.0
10245,102.4500000000155,1.0
10246,102.46000000001551,1.0
10247,102.47000000001552,1.0
10248,102.48000000001552,1.0
10249,102.49000000001553,1.0
10250,102.50000000001553,1.0
10251,102.51000000001554,1.0
10252,102.52000000001554,1.0
10253,102.53000000001555,1.0
10254,102.54000000001555,1.0
10255,102.55000000001556,1.0
10256,102.56000000001556,1.0
10257,102.57000000001557,1.0
10258,102.58000000001557,1.0
10259,102.59000000001558,1.0
10260,102.60000000001558,1.0
10261,102.61000000001559,1.0
10262,102.6200000000156,1.0
10263,102.6300000000156,1.0
10264,102.6400000000156,1.0
10265,102.65000000001561,1.0
10266,102.66000000001561,1.0
10267,102.67000000001562,1.0
10268,102.68000000001562,1.0
10269,102.69000000001563,1.0
10270,102.70000000001563,1.0
10271,102.71000000001564,1.0
10272,102.72000000001565,1.0
10273,102.73000000001565,1.0
10274,102.74000000001566,1.0
10275,102.75000000001566,1.0
10276,102.76000000001567,1.0
10277,102.77000000001567,1.0
10278,102.78000000001568,1.0
10279,102.79000000001568,1.0
10280,102.80000000001569,1.0
10281,102.81000000001569,1.0
10282,102.8200000000157,1.0
10283,102.8300000000157,1.0
10284,102.8400000000157,1.0
10285,102.85000000001571,1.0
10286,102.86000000001572,1.0
10287,102.87000000001572,1.0
10288,102.88000000001573,1.0
10289,102.89000000001573,1.0
10290,102.90000000001574,1.0
10291,102.91000000001574,1.0
10292,102.92000000001575,1.0
10293,102.93000000001575,1.0
10294,102.94000000001576,1.0
10295,102.95000000001576,1.0
10296,102.96000000001577,1.0
10297,102.97000000001577,1.0
10298,102.98000000001578,1.0
10299,102.99000000001578,1.0
10300,103.00000000001579,1.0
10301,103.0100000000158,1.0
10302,103.0200000000158,1.0
10303,103.0300000000158,1.0
10304,103.04000000001581,1.0
10305,103.05000000001581,1.0
10306,103.06000000001582,1.0
10307,103.07000000001582,1.0
10308,103.08000000001583,1.0
10309,103.09000000001583,1.0
10310,103.10000000001584,1.0
10311,103.11000000001584,1.0
10312,103.12000000001585,1.0
10313,103.13000000001585,1.0
10314,103.14000000001586,1.0
10315,103.15000000001586,1.0
10316,103.16000000001587,1.0
10317,103.17000000001588,1.0
10318,103.18000000001588,1.0
10319,103.19000000001589,1.0
10320,103.20000000001589,1.0
10321,103.2100000000159,1.0
10322,103.2200000000159,1.0
10323,103.2300000000159,1.0
10324,103.24000000001591,1.0
10325,103.25000000001592,1.0
10326,103.26000000001592,1.0
10327,103.27000000001593,1.0
10328,103.28000000001593,1.0
10329,103.29000000001594,1.0
10330,103.30000000001594,1.0
10331,103.31000000001595,1.0
10332,103.32000000001595,1.0
10333,103.33000000001596,1.0
10334,103.34000000001596,1.0
10335,103.35000000001597,1.0
10336,103.36000000001597,1.0
10337,103.37000000001598,1.0
10338,103.38000000001598,1.0
10339,103.39000000001599,1.0
10340,103.400000000016,1.0
10341,103.410000000016,1.0
10342,103.420000000016,1.0
10343,103.43000000001601,1.0
10344,103.44000000001601,1.0
10345,103.45000000001602,1.0
10346,103.46000000001602,1.0
10347,103.47000000001603,1.0
10348,103.48000000001603,1.0
10349,103.49000000001604,1.0
10350,103.50000000001604,1.0
10351,103.51000000001605,1.0
10352,103.52000000001605,1.0
10353,103.53000000001606,1.0
10354,103.54000000001606,1.0
10355,103.55000000001607,1.0
10356,103.56000000001607,1.0
10357,103.57000000001608,1.0
10358,103.58000000001608,1.0
10359,103.59000000001609,1.0
10360,103.6000000000161,1.0
10361,103.6100000000161,1.0
10362,103.6200000000161,1.0
10363,103.63000000001611,1.0
10364,103.64000000001612,1.0
10365,103.65000000001612,1.0
10366,103.66000000001613,1.0
10367,103.67000000001613,1.0
10368,103.68000000001614,1.0
10369,103.69000000001614,1.0
10370,103.70000000001615,1.0
10371,103.71000000001615,1.0
10372,103.72000000001616,1.0
10373,103.73000000001616,1.0
10374,103.74000000001617,1.0
10375,103.75000000001617,1.0
10376,103.76000000001618,1.0
10377,103.77000000001618,1.0
10378,103.78000000001619,1.0
10379,103.79000000001619,1.0
10380,103.8000000000162,1.0
10381,103.8100000000162,1.0
10382,103.82000000001621,1.0
10383,103.83000000001621,1.0
10384,103.84000000001622,1.0
10385,103.85000000001622,1.0
10386,103.86000000001623,1.0
10387,103.87000000001623,1.0
10388,103.88000000001624,1.0
10389,103.89000000001624,1.0
10390,103.90000000001625,1.0
10391,103.91000000001625,1.0
10392,103.92000000001626,1.0
10393,103.93000000001626,1.0
10394,103.94000000001627,1.0
10395,103.95000000001627,1.0
10396,103.96000000001628,1.0
10397,103.97000000001628,1.0
10398,103.98000000001629,1.0
10399,103.9900000000163,1.0
10400,104.0000000000163,1.0
10401,104.0100000000163,1.0
10402,104.02000000001631,1.0
10403,104.03000000001632,1.0
10404,104.04000000001632,1.0
10405,104.05000000001633,1.0
10406,104.06000000001633,1.0
10407,104.07000000001634,1.0
10408,104.08000000001634,1.0
10409,104.09000000001635,1.0
10410,104.10000000001635,1.0
10411,104.11000000001636,1.0
10412,104.12000000001636,1.0
10413,104.13000000001637,1.0
10414,104.14000000001637,1.0
10415,104.15000000001638,1.0
10416,104.16000000001638,1.0
10417,104.17000000001639,1.0
10418,104.18000000001639,1.0
10419,104.1900000000164,1.0
10420,104.2000000000164,1.0
10421,104.21000000001641,1.0
10422,104.22000000001641,1.0
10423,104.23000000001642,1.0
10424,104.24000000001642,1.0
10425,104.25000000001643,1.0
10426,104.26000000001643,1.0
10427,104.27000000001644,1.0
10428,104.28000000001644,1.0
10429,104.29000000001645,1.0
10430,104.30000000001645,1.0
10431,104.31000000001646,1.0
10432,104.32000000001646,1.0
10433,104.33000000001647,1.0
10434,104.34000000001647,1.0
10435,104.35000000001648,1.0
10436,104.36000000001648,1.0
10437,104.37000000001649,1.0
10438,104.3800000000165,1.0
10439,104.3900000000165,1.0
10440,104.4000000000165,1.0
10441,104.41000000001651,1.0
10442,104.42000000001651,1.0
10443,104.43000000001652,1.0
10444,104.44000000001652,1.0
10445,104.45000000001653,1.0
10446,104.46000000001654,1.0
10447,104.47000000001654,1.0
10448,104.48000000001655,1.0
10449,104.49000000001655,1.0
10450,104.50000000001656,1.0
10451,104.51000000001656,1.0
10452,104.52000000001657,1.0
10453,104.53000000001657,1.0
10454,104.54000000001658,1.0
10455,104.55000000001658,1.0
10456,104.56000000001659,1.0
10457,104.57000000001659,1.0
10458,104.5800000000166,1.0
10459,104.5900000000166,1.0
10460,104.6000000000166,1.0
10461,104.61000000001661,1.0
10462,104.62000000001662,1.0
10463,104.63000000001662,1.0
10464,104.64000000001663,1.0
10465,104.65000000001663,1.0
10466,104.66000000001664,1.0
10467,104.67000000001664,1.0
10468,104.68000000001665,1.0
10469,104.69000000001665,1.0
10470,104.70000000001666,1.0
10471,104.71000000001666,1.0
10472,104.72000000001667,1.0
10473,104.73000000001667,1.0
10474,104.74000000001668,1.0
10475,104.75000000001668,1.0
10476,104.76000000001669,1.0
10477,104.7700000000167,1.0
10478,104.7800000000167,1.0
10479,104.7900000000167,1.0
10480,104.80000000001671,1.0
10481,104.81000000001671,1.0
10482,104.82000000001672,1.0
10483,104.83000000001672,1.0
10484,104.84000000001673,1.0
10485,104.85000000001673,1.0
10486,104.86000000001674,1.0
10487,104.87000000001674,1.0
10488,104.88000000001675,1.0
10489,104.89000000001676,1.0
10490,104.90000000001676,1.0
10491,104.91000000001677,1.0
10492,104.92000000001677,1.0
10493,104.93000000001678,1.0
10494,104.94000000001678,1.0
10495,104.95000000001679,1.0
10496,104.96000000001679,1.0
10497,104.9700000000168,1.0
10498,104.9800000000168,1.0
10499,104.9900000000168,1.0
10500,105.00000000001681,1.0
10501,105.01000000001682,1.0
10502,105.02000000001682,1.0
10503,105.03000000001683,1.0
10504,105.04000000001683,1.0
10505,105.05000000001684,1.0
10506,105.06000000001684,1.0
10507,105.07000000001685,1.0
10508,105.08000000001685,1.0
10509,105.09000000001686,1.0
10510,105.10000000001686,1.0
10511,105.11000000001687,1.0
10512,105.12000000001687,1.0
10513,105.13000000001688,1.0
10514,105.14000000001688,1.0
10515,105.15000000001689,1.0
10516,105.1600000000169,1.0
10517,105.1700000000169,1.0
10518,105.1800000000169,1.0
10519,105.19000000001691,1.0
10520,105.20000000001691,1.0
10521,105.21000000001692,1.0
10522,105.22000000001692,1.0
10523,105.23000000001693,1.0
10524,105.24000000001693,1.0
10525,105.25000000001694,1.0
10526,105.26000000001694,1.0
10527,105.27000000001695,1.0
10528,105.28000000001695,1.0
10529,105.29000000001696,1.0
10530,105.30000000001696,1.0
10531,105.31000000001697,1.0
10532,105.32000000001698,1.0
10533,105.33000000001698,1.0
10534,105.34000000001699,1.0
10535,105.35000000001699,1.0
10536,105.360000000017,1.0
10537,105.370000000017,1.0
10538,105.380000000017,1.0
10539,105.39000000001701,1.0
10540,105.40000000001702,1.0
10541,105.41000000001702,1.0
10542,105.42000000001703,1.0
10543,105.43000000001703,1.0
10544,105.44000000001704,1.0
10545,105.45000000001704,1.0
10546,105.46000000001705,1.0
10547,105.47000000001705,1.0
10548,105.48000000001706,1.0
10549,105.49000000001706,1.0
10550,105.50000000001707,1.0
10551,105.51000000001707,1.0
10552,105.52000000001708,1.0
10553,105.53000000001708,1.0
10554,105.54000000001709,1.0
10555,105.55000000001709,1.0
10556,105.5600000000171,1.0
10557,105.5700000000171,1.0
10558,105.58000000001711,1.0
10559,105.59000000001711,1.0
10560,105.60000000001712,1.0
10561,105.61000000001712,1.0
10562,105.62000000001713,1.0
10563,105.63000000001713,1.0
10564,105.64000000001714,1.0
10565,105.65000000001714,1.0
10566,105.66000000001715,1.0
10567,105.67000000001715,1.0
10568,105.68000000001716,1.0
10569,105.69000000001716,1.0
10570,105.70000000001717,1.0
10571,105.71000000001717,1.0
10572,105.72000000001718,1.0
10573,105.73000000001718,1.0
10574,105.74000000001719,1.0
10575,105.7500000000172,1.0
10576,105.7600000000172,1.0
10577,105.7700000000172,1.0
10578,105.78000000001721,1.0
10579,105.79000000001722,1.0
10580,105.80000000001722,1.0
10581,105.81000000001723,1.0
10582,105.82000000001723,1.0
10583,105.83000000001724,1.0
10584,105.84000000001724,1.0
10585,105.85000000001725,1.0
10586,105.86000000001725,1.0
10587,105.87000000001726,1.0
10588,105.88000000001726,1.0
10589,105.89000000001727,1.0
10590,105.90000000001727,1.0
10591,105.91000000001728,1.0
10592,105.92000000001728,1.0
10593,105.93000000001729,1.0
10594,105.94000000001729,1.0
10595,105.9500000000173,1.0
10596,105.9600000000173,1.0
10597,105.97000000001731,1.0
10598,105.98000000001731,1.0
10599,105.99000000001732,1.0
10600,106.00000000001732,1.0
10601,106.01000000001733,1.0
10602,106.02000000001733,1.0
10603,106.03000000001734,1.0
10604,106.04000000001734,1.0
10605,106.05000000001735,1.0
10606,106.06000000001735,1.0
10607,106.07000000001736,1.0
10608,106.08000000001736,1.0
10609,106.09000000001737,1.0
10610,106.10000000001737,1.0
10611,106.11000000001738,1.0
10612,106.12000000001738,1.0
10613,106.13000000001739,1.0
10614,106.1400000000174,1.0
10615,106.1500000000174,1.0
10616,106.1600000000174,1.0
10617,106.17000000001741,1.0
10618,106.18000000001742,1.0
10619,106.19000000001742,1.0
10620,106.20000000001743,1.0
10621,106.21000000001743,1.0
10622,106.22000000001744,1.0
10623,106.23000000001744,1.0
10624,106.24000000001745,1.0
10625,106.25000000001745,1.0
10626,106.26000000001746,1.0
10627,106.27000000001746,1.0
10628,106.28000000001747,1.0
10629,106.29000000001747,1.0
10630,106.30000000001748,1.0
10631,106.31000000001748,1.0
10632,106.32000000001749,1.0
10633,106.33000000001749,1.0
10634,106.3400000000175,1.0
10635,106.3500000000175,1.0
10636,106.36000000001751,1.0
10637,106.37000000001751,1.0
10638,106.38000000001752,1.0
10639,106.39000000001752,1.0
10640,106.40000000001753,1.0
10641,106.41000000001753,1.0
10642,106.42000000001754,1.0
10643,106.43000000001754,1.0
10644,106.44000000001755,1.0
10645,106.45000000001755,1.0
10646,106.46000000001756,1.0
10647,106.47000000001756,1.0
10648,106.48000000001757,1.0
10649,106.49000000001757,1.0
10650,106.50000000001758,1.0
10651,106.51000000001758,1.0
10652,106.52000000001759,1.0
10653,106.5300000000176,1.0
10654,106.5400000000176,1.0
10655,106.5500000000176,1.0
10656,106.56000000001761,1.0
10657,106.57000000001761,1.0
10658,106.58000000001762,1.0
10659,106.59000000001762,1.0
10660,106.60000000001763,1.0
10661,106.61000000001764,1.0
10662,106.62000000001764,1.0
10663,106.63000000001765,1.0
10664,106.64000000001765,1.0
10665,106.65000000001766,1.0
10666,106.66000000001766,1.0
10667,106.67000000001767,1.0
10668,106.68000000001767,1.0
10669,106.69000000001768,1.0
10670,106.70000000001768,1.0
10671,106.71000000001769,1.0
10672,106.72000000001769,1.0
10673,106.7300000000177,1.0
10674,106.7400000000177,1.0
10675,106.7500000000177,1.0
10676,106.76000000001771,1.0
10677,106.77000000001772,1.0
10678,106.78000000001772,1.0
10679,106.79000000001773,1.0
10680,106.80000000001773,1.0
10681,106.81000000001774,1.0
10682,106.82000000001774,1.0
10683,106.83000000001775,1.0
10684,106.84000000001775,1.0
10685,106.85000000001776,1.0
10686,106.86000000001776,1.0
10687,106.87000000001777,1.0
10688,106.88000000001777,1.0
10689,106.89000000001778,1.0
10690,106.90000000001778,1.0
10691,106.91000000001779,1.0
10692,106.9200000000178,1.0
10693,106.9300000000178,1.0
10694,106.9400000000178,1.0
10695,106.95000000001781,1.0
10696,106.96000000001781,1.0
10697,106.97000000001782,1.0
10698,106.98000000001782,1.0
10699,106.99000000001783,1.0
10700,107.00000000001783,1.0
10701,107.01000000001784,1.0
10702,107.02000000001784,1.0
10703,107.03000000001785,1.0
10704,107.04000000001786,1.0
10705,107.05000000001786,1.0
10706,107.06000000001787,1.0
10707,107.07000000001787,1.0
10708,107.08000000001788,1.0
10709,107.09000000001788,1.0
10710,107.10000000001789,1.0
10711,107.11000000001789,1.0
10712,107.1200000000179,1.0
10713,107.1300000000179,1.0
10714,107.1400000000179,1.0
10715,107.15000000001791,1.0
10716,107.16000000001792,1.0
10717,107.17000000001792,1.0
10718,107.18000000001793,1.0
10719,107.19000000001793,1.0
10720,107.20000000001794,1.0
10721,107.21000000001794,1.0
10722,107.22000000001795,1.0
10723,107.23000000001795,1.0
10724,107.24000000001796,1.0
10725,107.25000000001796,1.0
10726,107.26000000001797,1.0
10727,107.27000000001797,1.0
10728,107.28000000001798,1.0
10729,107.29000000001798,1.0
10730,107.30000000001799,1.0
10731,107.310000000018,1.0
10732,107.320000000018,1.0
10733,107.330000000018,1.0
10734,107.34000000001801,1.0
10735,107.35000000001801,1.0
10736,107.36000000001802,1.0
10737,107.37000000001802,1.0
10738,107.38000000001803,1.0
10739,107.39000000001803,1.0
10740,107.40000000001804,1.0
10741,107.41000000001804,1.0
10742,107.42000000001805,1.0
10743,107.43000000001805,1.0
10744,107.44000000001806,1.0
10745,107.45000000001806,1.0
10746,107.46000000001807,1.0
10747,107.47000000001808,1.0
10748,107.48000000001808,1.0
10749,107.49000000001809,1.0
10750,107.50000000001809,1.0
10751,107.5100000000181,1.0
10752,107.5200000000181,1.0
10753,107.5300000000181,1.0
10754,107.54000000001811,1.0
10755,107.55000000001812,1.0
10756,107.56000000001812,1.0
10757,107.57000000001813,1.0
10758,107.58000000001813,1.0
10759,107.59000000001814,1.0
10760,107.60000000001814,1.0
10761,107.61000000001815,1.0
10762,107.62000000001815,1.0
10763,107.63000000001816,1.0
10764,107.64000000001816,1.0
10765,107.65000000001817,1.0
10766,107.66000000001817,1.0
10767,107.67000000001818,1.0
10768,107.68000000001818,1.0
10769,107.69000000001819,1.0
10770,107.70000000001819,1.0
10771,107.7100000000182,1.0
10772,107.7200000000182,1.0
10773,107.73000000001821,1.0
10774,107.74000000001821,1.0
10775,107.75000000001822,1.0
10776,107.76000000001822,1.0
10777,107.77000000001823,1.0
10778,107.78000000001823,1.0
10779,107.79000000001824,1.0
10780,107.80000000001824,1.0
10781,107.81000000001825,1.0
10782,107.82000000001825,1.0
10783,107.83000000001826,1.0
10784,107.84000000001826,1.0
10785,107.85000000001827,1.0
10786,107.86000000001827,1.0
10787,107.87000000001828,1.0
10788,107.88000000001828,1.0
10789,107.89000000001829,1.0
10790,107.9000000000183,1.0
10791,107.9100000000183,1.0
10792,107.9200000000183,1.0
10793,107.93000000001831,1.0
10794,107.94000000001832,1.0
10795,107.95000000001832,1.0
10796,107.96000000001833,1.0
10797,107.97000000001833,1.0
10798,107.98000000001834,1.0
10799,107.99000000001834,1.0
10800,108.00000000001835,1.0
10801,108.01000000001835,1.0
10802,108.02000000001836,1.0
10803,108.03000000001836,1.0
10804,108.04000000001837,1.0
10805,108.05000000001837,1.0
10806,108.06000000001838,1.0
10807,108.07000000001838,1.0
10808,108.08000000001839,1.0
10809,108.09000000001839,1.0
10810,108.1000000000184,1.0
10811,108.1100000000184,1.0
10812,108.12000000001841,1.0
10813,108.13000000001841,1.0
10814,108.14000000001842,1.0
10815,108.15000000001842,1.0
10816,108.16000000001843,1.0
10817,108.17000000001843,1.0
10818,108.18000000001844,1.0
10819,108.19000000001844,1.0
10820,108.20000000001845,1.0
10821,108.21000000001845,1.0
10822,108.22000000001846,1.0
10823,108.23000000001846,1.0
10824,108.24000000001847,1.0
10825,108.25000000001847,1.0
10826,108.26000000001848,1.0
10827,108.27000000001848,1.0
10828,108.28000000001849,1.0
10829,108.2900000000185,1.0
10830,108.3000000000185,1.0
10831,108.3100000000185,1.0
10832,108.32000000001851,1.0
10833,108.33000000001852,1.0
10834,108.34000000001852,1.0
10835,108.35000000001853,1.0
10836,108.36000000001853,1.0
10837,108.37000000001854,1.0
10838,108.38000000001854,1.0
10839,108.39000000001855,1.0
10840,108.40000000001855,1.0
10841,108.41000000001856,1.0
10842,108.42000000001856,1.0
10843,108.43000000001857,1.0
10844,108.44000000001857,1.0
10845,108.45000000001858,1.0
10846,108.46000000001858,1.0
10847,108.47000000001859,1.0
10848,108.48000000001859,1.0
10849,108.4900000000186,1.0
10850,108.5000000000186,1.0
10851,108.51000000001861,1.0
10852,108.52000000001861,1.0
10853,108.53000000001862,1.0
10854,108.54000000001862,1.0
10855,108.55000000001863,1.0
10856,108.56000000001863,1.0
10857,108.57000000001864,1.0
10858,108.58000000001864,1.0
10859,108.59000000001865,1.0
10860,108.60000000001865,1.0
10861,108.61000000001866,1.0
10862,108.62000000001866,1.0
10863,108.63000000001867,1.0
10864,108.64000000001867,1.0
10865,108.65000000001868,1.0
10866,108.66000000001868,1.0
10867,108.67000000001869,1.0
10868,108.6800000000187,1.0
10869,108.6900000000187,1.0
10870,108.7000000000187,1.0
10871,108.71000000001871,1.0
10872,108.72000000001871,1.0
10873,108.73000000001872,1.0
10874,108.74000000001872,1.0
10875,108.75000000001873,1.0
10876,108.76000000001874,1.0
10877,108.77000000001874,1.0
10878,108.78000000001875,1.0
10879,108.79000000001875,1.0
10880,108.80000000001876,1.0
10881,108.81000000001876,1.0
10882,108.82000000001877,1.0
10883,108.83000000001877,1.0
10884,108.84000000001878,1.0
10885,108.85000000001878,1.0
10886,108.86000000001879,1.0
10887,108.87000000001879,1.0
10888,108.8800000000188,1.0
10889,108.8900000000188,1.0
10890,108.9000000000188,1.0
10891,108.91000000001881,1.0
10892,108.92000000001882,1.0
10893,108.93000000001882,1.0
10894,108.94000000001883,1.0
10895,108.95000000001883,1.0
10896,108.96000000001884,1.0
10897,108.97000000001884,1.0
10898,108.98000000001885,1.0
10899,108.99000000001885,1.0
10900,109.00000000001886,1.0
10901,109.01000000001886,1.0
10902,109.02000000001887,1.0
10903,109.03000000001887,1.0
10904,109.04000000001888,1.0
10905,109.05000000001888,1.0
10906,109.06000000001889,1.0
10907,109.0700000000189,1.0
10908,109.0800000000189,1.0
10909,109.0900000000189,1.0
10910,109.10000000001891,1.0
10911,109.11000000001891,1.0
10912,109.12000000001892,1.0
10913,109.13000000001892,1.0
10914,109.14000000001893,1.0
10915,109.15000000001893,1.0
10916,109.16000000001894,1.0
10917,109.17000000001894,1.0
10918,109.18000000001895,1.0
10919,109.19000000001896,1.0
10920,109.20000000001896,1.0
10921,109.21000000001897,1.0
10922,109.22000000001897,1.0
10923,109.23000000001898,1.0
10924,109.24000000001898,1.0
10925,109.25000000001899,1.0
10926,109.26000000001899,1.0
10927,109.270000000019,1.0
10928,109.280000000019,1.0
10929,109.290000000019,1.0
10930,109.30000000001901,1.0
10931,109.31000000001902,1.0
10932,109.32000000001902,1.0
10933,109.33000000001903,1.0
10934,109.34000000001903,1.0
10935,109.35000000001904,1.0
10936,109.36000000001904,1.0
10937,109.37000000001905,1.0
10938,109.38000000001905,1.0
10939,109.39000000001906,1.0
10940,109.40000000001906,1.0
10941,109.41000000001907,1.0
10942,109.42000000001907,1.0
10943,109.43000000001908,1.0
10944,109.44000000001908,1.0
10945,109.45000000001909,1.0
10946,109.4600000000191,1.0
10947,109.4700000000191,1.0
10948,109.4800000000191,1.0
10949,109.49000000001911,1.0
10950,109.50000000001911,1.0
10951,109.51000000001912,1.0
10952,109.52000000001912,1.0
10953,109.53000000001913,1.0
10954,109.54000000001913,1.0
10955,109.55000000001914,1.0
10956,109.56000000001914,1.0
10957,109.57000000001915,1.0
10958,109.58000000001915,1.0
10959,109.59000000001916,1.0
10960,109.60000000001916,1.0
10961,109.61000000001917,1.0
10962,109.62000000001917,1.0
10963,109.63000000001918,1.0
10964,109.64000000001919,1.0
10965,109.65000000001919,1.0
10966,109.6600000000192,1.0
10967,109.6700000000192,1.0
10968,109.6800000000192,1.0
10969,109.69000000001921,1.0
10970,109.70000000001922,1.0
10971,109.71000000001922,1.0
10972,109.72000000001923,1.0
10973,109.73000000001923,1.0
10974,109.74000000001924,1.0
10975,109.75000000001924,1.0
10976,109.76000000001925,1.0
10977,109.77000000001925,1.0
10978,109.78000000001926,1.0
10979,109.79000000001926,1.0
10980,109.80000000001927,1.0
10981,109.81000000001927,1.0
10982,109.82000000001928,1.0
10983,109.83000000001928,1.0
10984,109.84000000001929,1.0
10985,109.85000000001929,1.0
10986,109.8600000000193,1.0
10987,109.8700000000193,1.0
10988,109.88000000001931,1.0
10989,109.89000000001931,1.0
10990,109.90000000001932,1.0
10991,109.91000000001932,1.0
10992,109.92000000001933,1.0
10993,109.93000000001933,1.0
10994,109.94000000001934,1.0
10995,109.95000000001934,1.0
10996,109.96000000001935,1.0
10997,109.97000000001935,1.0
10998,109.98000000001936,1.0
10999,109.99000000001936,1.0
11000,110.00000000001937,1.0
11001,110.01000000001937,1.0
11002,110.02000000001938,1.0
11003,110.03000000001938,1.0
11004,110.04000000001939,1.0
11005,110.0500000000194,1.0
11006,110.0600000000194,1.0
11007,110.0700000000194,1.0
11008,110.08000000001941,1.0
11009,110.09000000001942,1.0
11010,110.10000000001942,1.0
11011,110.11000000001943,1.0
11012,110.12000000001943,1.0
11013,110.13000000001944,1.0
11014,110.14000000001944,1.0
11015,110.15000000001945,1.0
11016,110.16000000001945,1.0
11017,110.17000000001946,1.0
11018,110.18000000001946,1.0
11019,110.19000000001947,1.0
11020,110.20000000001947,1.0
11021,110.21000000001948,1.0
11022,110.22000000001948,1.0
11023,110.23000000001949,1.0
11024,110.24000000001949,1.0
11025,110.2500000000195,1.0
11026,110.2600000000195,1.0
11027,110.27000000001951,1.0
11028,110.28000000001951,1.0
11029,110.29000000001952,1.0
11030,110.30000000001952,1.0
11031,110.31000000001953,1.0
11032,110.32000000001953,1.0
11033,110.33000000001954,1.0
11034,110.34000000001954,1.0
11035,110.35000000001955,1.0
11036,110.36000000001955,1.0
11037,110.37000000001956,1.0
11038,110.38000000001956,1.0
11039,110.39000000001957,1.0
11040,110.40000000001957,1.0
11041,110.41000000001958,1.0
11042,110.42000000001958,1.0
11043,110.43000000001959,1.0
11044,110.4400000000196,1.0
11045,110.4500000000196,1.0
11046,110.4600000000196,1.0
11047,110.47000000001961,1.0
11048,110.48000000001961,1.0
11049,110.49000000001962,1.0
11050,110.50000000001963,1.0
11051,110.51000000001963,1.0
11052,110.52000000001964,1.0
11053,110.53000000001964,1.0
11054,110.54000000001965,1.0
11055,110.55000000001965,1.0
11056,110.56000000001966,1.0
11057,110.57000000001966,1.0
11058,110.58000000001967,1.0
11059,110.59000000001967,1.0
11060,110.60000000001968,1.0
11061,110.61000000001968,1.0
11062,110.62000000001969,1.0
11063,110.63000000001969,1.0
11064,110.6400000000197,1.0
11065,110.6500000000197,1.0
11066,110.6600000000197,1.0
11067,110.67000000001971,1.0
11068,110.68000000001972,1.0
11069,110.69000000001972,1.0
11070,110.70000000001973,1.0
11071,110.71000000001973,1.0
11072,110.72000000001974,1.0
11073,110.73000000001974,1.0
11074,110.74000000001975,1.0
11075,110.75000000001975,1.0
11076,110.76000000001976,1.0
11077,110.77000000001976,1.0
11078,110.78000000001977,1.0
11079,110.79000000001977,1.0
11080,110.80000000001978,1.0
11081,110.81000000001978,1.0
11082,110.82000000001979,1.0
11083,110.8300000000198,1.0
11084,110.8400000000198,1.0
11085,110.8500000000198,1.0
11086,110.86000000001981,1.0
11087,110.87000000001981,1.0
11088,110.88000000001982,1.0
11089,110.89000000001982,1.0
11090,110.90000000001983,1.0
11091,110.91000000001983,1.0
11092,110.92000000001984,1.0
11093,110.93000000001985,1.0
11094,110.94000000001985,1.0
11095,110.95000000001986,1.0
11096,110.96000000001986,1.0
11097,110.97000000001987,1.0
11098,110.98000000001987,1.0
11099,110.99000000001988,1.0
11100,111.00000000001988,1.0
11101,111.01000000001989,1.0
11102,111.02000000001989,1.0
11103,111.0300000000199,1.0
11104,111.0400000000199,1.0
11105,111.0500000000199,1.0
11106,111.06000000001991,1.0
11107,111.07000000001992,1.0
11108,111.08000000001992,1.0
11109,111.09000000001993,1.0
11110,111.10000000001993,1.0
11111,111.11000000001994,1.0
11112,111.12000000001994,1.0
11113,111.13000000001995,1.0
11114,111.14000000001995,1.0
11115,111.15000000001996,1.0
11116,111.16000000001996,1.0
11117,111.17000000001997,1.0
11118,111.18000000001997,1.0
11119,111.19000000001998,1.0
11120,111.20000000001998,1.0
11121,111.21000000001999,1.0
11122,111.22000000002,1.0
11123,111.23000000002,1.0
11124,111.24000000002,1.0
11125,111.25000000002001,1.0
11126,111.26000000002001,1.0
11127,111.27000000002002,1.0
11128,111.28000000002002,1.0
11129,111.29000000002003,1.0
11130,111.30000000002003,1.0
11131,111.31000000002004,1.0
11132,111.32000000002004,1.0
11133,111.33000000002005,1.0
11134,111.34000000002005,1.0
11135,111.35000000002006,1.0
11136,111.36000000002007,1.0
11137,111.37000000002007,1.0
11138,111.38000000002008,1.0
11139,111.39000000002008,1.0
11140,111.40000000002009,1.0
11141,111.41000000002009,1.0
11142,111.4200000000201,1.0
11143,111.4300000000201,1.0
11144,111.4400000000201,1.0
11145,111.45000000002011,1.0
11146,111.46000000002012,1.0
11147,111.47000000002012,1.0
11148,111.48000000002013,1.0
11149,111.49000000002013,1.0
11150,111.50000000002014,1.0
11151,111.51000000002014,1.0
11152,111.52000000002015,1.0
11153,111.53000000002015,1.0
11154,111.54000000002016,1.0
11155,111.55000000002016,1.0
11156,111.56000000002017,1.0
11157,111.57000000002017,1.0
11158,111.58000000002018,1.0
11159,111.59000000002018,1.0
11160,111.60000000002019,1.0
11161,111.6100000000202,1.0
11162,111.6200000000202,1.0
11163,111.6300000000202,1.0
11164,111.64000000002021,1.0
11165,111.65000000002021,1.0
11166,111.66000000002022,1.0
11167,111.67000000002022,1.0
11168,111.68000000002023,1.0
11169,111.69000000002023,1.0
11170,111.70000000002024,1.0
11171,111.71000000002024,1.0
11172,111.72000000002025,1.0
11173,111.73000000002025,1.0
11174,111.74000000002026,1.0
11175,111.75000000002026,1.0
11176,111.76000000002027,1.0
11177,111.77000000002027,1.0
11178,111.78000000002028,1.0
11179,111.79000000002029,1.0
11180,111.80000000002029,1.0
11181,111.8100000000203,1.0
11182,111.8200000000203,1.0
11183,111.8300000000203,1.0
11184,111.84000000002031,1.0
11185,111.85000000002032,1.0
11186,111.86000000002032,1.0
11187,111.87000000002033,1.0
11188,111.88000000002033,1.0
11189,111.89000000002034,1.0
11190,111.90000000002034,1.0
11191,111.91000000002035,1.0
11192,111.92000000002035,1.0
11193,111.93000000002036,1.0
11194,111.94000000002036,1.0
11195,111.95000000002037,1.0
11196,111.96000000002037,1.0
11197,111.97000000002038,1.0
11198,111.98000000002038,1.0
11199,111.99000000002039,1.0
11200,112.00000000002039,1.0
11201,112.0100000000204,1.0
11202,112.0200000000204,1.0
11203,112.03000000002041,1.0
11204,112.04000000002041,1.0
11205,112.05000000002042,1.0
11206,112.06000000002042,1.0
11207,112.07000000002043,1.0
11208,112.08000000002043,1.0
11209,112.09000000002044,1.0
11210,112.10000000002044,1.0
11211,112.11000000002045,1.0
11212,112.12000000002045,1.0
11213,112.13000000002046,1.0
11214,112.14000000002046,1.0
11215,112.15000000002047,1.0
11216,112.16000000002047,1.0
11217,112.17000000002048,1.0
11218,112.18000000002048,1.0
11219,112.19000000002049,1.0
11220,112.2000000000205,1.0
11221,112.2100000000205,1.0
11222,112.2200000000205,1.0
11223,112.23000000002051,1.0
11224,112.24000000002052,1.0
11225,112.25000000002052,1.0
11226,112.26000000002053,1.0
11227,112.27000000002053,1.0
11228,112.28000000002054,1.0
11229,112.29000000002054,1.0
11230,112.30000000002055,1.0
11231,112.31000000002055,1.0
11232,112.32000000002056,1.0
11233,112.33000000002056,1.0
11234,112.34000000002057,1.0
11235,112.35000000002057,1.0
11236,112.36000000002058,1.0
11237,112.37000000002058,1.0
11238,112.38000000002059,1.0
11239,112.39000000002059,1.0
11240,112.4000000000206,1.0
11241,112.4100000000206,1.0
11242,112.42000000002061,1.0
11243,112.43000000002061,1.0
11244,112.44000000002062,1.0
11245,112.45000000002062,1.0
11246,112.46000000002063,1.0
11247,112.47000000002063,1.0
11248,112.48000000002064,1.0
11249,112.49000000002064,1.0
11250,112.50000000002065,1.0
11251,112.51000000002065,1.0
11252,112.52000000002066,1.0
11253,112.53000000002066,1.0
11254,112.54000000002067,1.0
11255,112.55000000002067,1.0
11256,112.56000000002068,1.0
11257,112.57000000002068,1.0
11258,112.58000000002069,1.0
11259,112.5900000000207,1.0
11260,112.6000000000207,1.0
11261,112.6100000000207,1.0
11262,112.62000000002071,1.0
11263,112.63000000002071,1.0
11264,112.64000000002072,1.0
11265,112.65000000002073,1.0
11266,112.66000000002073,1.0
11267,112.67000000002074,1.0
11268,112.68000000002074,1.0
11269,112.69000000002075,1.0
11270,112.70000000002075,1.0
11271,112.71000000002076,1.0
11272,112.72000000002076,1.0
11273,112.73000000002077,1.0
11274,112.74000000002077,1.0
11275,112.75000000002078,1.0
11276,112.76000000002078,1.0
11277,112.77000000002079,1.0
11278,112.78000000002079,1.0
11279,112.7900000000208,1.0
11280,112.8000000000208,1.0
11281,112.8100000000208,1.0
11282,112.82000000002081,1.0
11283,112.83000000002082,1.0
11284,112.84000000002082,1.0
11285,112.85000000002083,1.0
11286,112.86000000002083,1.0
11287,112.87000000002084,1.0
11288,112.88000000002084,1.0
11289,112.89000000002085,1.0
11290,112.90000000002085,1.0
11291,112.91000000002086,1.0
11292,112.92000000002086,1.0
11293,112.93000000002087,1.0
11294,112.94000000002087,1.0
11295,112.95000000002088,1.0
11296,112.96000000002088,1.0
11297,112.97000000002089,1.0
11298,112.9800000000209,1.0
11299,112.9900000000209,1.0
11300,113.0000000000209,1.0
11301,113.01000000002091,1.0
11302,113.02000000002091,1.0
11303,113.03000000002092,1.0
11304,113.04000000002092,1.0
11305,113.05000000002093,1.0
11306,113.06000000002093,1.0
11307,113.07000000002094,1.0
11308,113.08000000002095,1.0
11309,113.09000000002095,1.0
11310,113.10000000002096,1.0
11311,113.11000000002096,1.0
11312,113.12000000002097,1.0
11313,113.13000000002097,1.0
11314,113.14000000002098,1.0
11315,113.15000000002098,1.0
11316,113.16000000002099,1.0
11317,113.17000000002099,1.0
11318,113.180000000021,1.0
11319,113.190000000021,1.0
11320,113.200000000021,1.0
11321,113.21000000002101,1.0
11322,113.22000000002102,1.0
11323,113.23000000002102,1.0
11324,113.24000000002103,1.0
11325,113.25000000002103,1.0
11326,113.26000000002104,1.0
11327,113.27000000002104,1.0
11328,113.28000000002105,1.0
11329,113.29000000002105,1.0
11330,113.30000000002106,1.0
11331,113.31000000002106,1.0
11332,113.32000000002107,1.0
11333,113.33000000002107,1.0
11334,113.34000000002108,1.0
11335,113.35000000002108,1.0
11336,113.36000000002109,1.0
11337,113.3700000000211,1.0
11338,113.3800000000211,1.0
11339,113.3900000000211,1.0
11340,113.40000000002111,1.0
11341,113.41000000002111,1.0
11342,113.42000000002112,1.0
11343,113.43000000002112,1.0
11344,113.44000000002113,1.0
11345,113.45000000002113,1.0
11346,113.46000000002114,1.0
11347,113.47000000002114,1.0
11348,113.48000000002115,1.0
11349,113.49000000002115,1.0
11350,113.50000000002116,1.0
11351,113.51000000002117,1.0
11352,113.52000000002117,1.0
11353,113.53000000002118,1.0
11354,113.54000000002118,1.0
11355,113.55000000002119,1.0
11356,113.56000000002119,1.0
11357,113.5700000000212,1.0
11358,113.5800000000212,1.0
11359,113.5900000000212,1.0
11360,113.60000000002121,1.0
11361,113.61000000002122,1.0
11362,113.62000000002122,1.0
11363,113.63000000002123,1.0
11364,113.64000000002123,1.0
11365,113.65000000002124,1.0
11366,113.66000000002124,1.0
11367,113.67000000002125,1.0
11368,113.68000000002125,1.0
11369,113.69000000002126,1.0
11370,113.70000000002126,1.0
11371,113.71000000002127,1.0
11372,113.72000000002127,1.0
11373,113.73000000002128,1.0
11374,113.74000000002128,1.0
11375,113.75000000002129,1.0
11376,113.7600000000213,1.0
11377,113.7700000000213,1.0
11378,113.7800000000213,1.0
11379,113.79000000002131,1.0
11380,113.80000000002131,1.0
11381,113.81000000002132,1.0
11382,113.82000000002132,1.0
11383,113.83000000002133,1.0
11384,113.84000000002133,1.0
11385,113.85000000002134,1.0
11386,113.86000000002134,1.0
11387,113.87000000002135,1.0
11388,113.88000000002135,1.0
11389,113.89000000002136,1.0
11390,113.90000000002136,1.0
11391,113.91000000002137,1.0
11392,113.92000000002137,1.0
11393,113.93000000002138,1.0
11394,113.94000000002139,1.0
11395,113.95000000002139,1.0
11396,113.9600000000214,1.0
11397,113.9700000000214,1.0
11398,113.9800000000214,1.0
11399,113.99000000002141,1.0
11400,114.00000000002142,1.0
11401,114.01000000002142,1.0
11402,114.02000000002143,1.0
11403,114.03000000002143,1.0
11404,114.04000000002144,1.0
11405,114.05000000002144,1.0
11406,114.06000000002145,1.0
11407,114.07000000002145,1.0
11408,114.08000000002146,1.0
11409,114.09000000002146,1.0
11410,114.10000000002147,1.0
11411,114.11000000002147,1.0
11412,114.12000000002148,1.0
11413,114.13000000002148,1.0
11414,114.14000000002149,1.0
11415,114.15000000002149,1.0
11416,114.1600000000215,1.0
11417,114.1700000000215,1.0
11418,114.18000000002151,1.0
11419,114.19000000002151,1.0
11420,114.20000000002152,1.0
11421,114.21000000002152,1.0
11422,114.22000000002153,1.0
11423,114.23000000002153,1.0
11424,114.24000000002154,1.0
11425,114.25000000002154,1.0
11426,114.26000000002155,1.0
11427,114.27000000002155,1.0
11428,114.28000000002156,1.0
11429,114.29000000002156,1.0
11430,114.30000000002157,1.0
11431,114.31000000002157,1.0
11432,114.32000000002158,1.0
11433,114.33000000002158,1.0
11434,114.34000000002159,1.0
11435,114.3500000000216,1.0
11436,114.3600000000216,1.0
11437,114.3700000000216,1.0
11438,114.38000000002161,1.0
11439,114.39000000002162,1.0
11440,114.40000000002162,1.0
11441,114.41000000002163,1.0
11442,114.42000000002163,1.0
11443,114.43000000002164,1.0
11444,114.44000000002164,1.0
11445,114.45000000002165,1.0
11446,114.46000000002165,1.0
11447,114.47000000002166,1.0
11448,114.48000000002166,1.0
11449,114.49000000002167,1.0
11450,114.50000000002167,1.0
11451,114.51000000002168,1.0
11452,114.52000000002168,1.0
11453,114.53000000002169,1.0
11454,114.54000000002169,1.0
11455,114.5500000000217,1.0
11456,114.5600000000217,1.0
11457,114.57000000002171,1.0
11458,114.58000000002171,1.0
11459,114.59000000002172,1.0
11460,114.60000000002172,1.0
11461,114.61000000002173,1.0
11462,114.62000000002173,1.0
11463,114.63000000002174,1.0
11464,114.64000000002174,1.0
11465,114.65000000002175,1.0
11466,114.66000000002175,1.0
11467,114.67000000002176,1.0
11468,114.68000000002176,1.0
11469,114.69000000002177,1.0
11470,114.70000000002177,1.0
11471,114.71000000002178,1.0
11472,114.72000000002178,1.0
11473,114.73000000002179,1.0
11474,114.7400000000218,1.0
11475,114.7500000000218,1.0
11476,114.7600000000218,1.0
11477,114.77000000002181,1.0
11478,114.78000000002181,1.0
11479,114.79000000002182,1.0
11480,114.80000000002183,1.0
11481,114.81000000002183,1.0
11482,114.82000000002184,1.0
11483,114.83000000002184,1.0
11484,114.84000000002185,1.0
11485,114.85000000002185,1.0
11486,114.86000000002186,1.0
11487,114.87000000002186,1.0
11488,114.88000000002187,1.0
11489,114.89000000002187,1.0
11490,114.90000000002188,1.0
11491,114.91000000002188,1.0
11492,114.92000000002189,1.0
11493,114.93000000002189,1.0
11494,114.9400000000219,1.0
11495,114.9500000000219,1.0
11496,114.9600000000219,1.0
11497,114.97000000002191,1.0
11498,114.98000000002192,1.0
11499,114.99000000002192,1.0
11500,115.00000000002193,1.0
11501,115.01000000002193,1.0
11502,115.02000000002194,1.0
11503,115.03000000002194,1.0
11504,115.04000000002195,1.0
11505,115.05000000002195,1.0
11506,115.06000000002196,1.0
11507,115.07000000002196,1.0
11508,115.08000000002197,1.0
11509,115.09000000002197,1.0
11510,115.10000000002198,1.0
11511,115.11000000002198,1.0
11512,115.12000000002199,1.0
11513,115.130000000022,1.0
11514,115.140000000022,1.0
11515,115.150000000022,1.0
11516,115.16000000002201,1.0
11517,115.17000000002201,1.0
11518,115.18000000002202,1.0
11519,115.19000000002202,1.0
11520,115.20000000002203,1.0
11521,115.21000000002203,1.0
11522,115.22000000002204,1.0
11523,115.23000000002205,1.0
11524,115.24000000002205,1.0
11525,115.25000000002206,1.0
11526,115.26000000002206,1.0
11527,115.27000000002207,1.0
11528,115.28000000002207,1.0
11529,115.29000000002208,1.0
11530,115.30000000002208,1.0
11531,115.31000000002209,1.0
11532,115.32000000002209,1.0
11533,115.3300000000221,1.0
11534,115.3400000000221,1.0
11535,115.3500000000221,1.0
11536,115.36000000002211,1.0
11537,115.37000000002212,1.0
11538,115.38000000002212,1.0
11539,115.39000000002213,1.0
11540,115.40000000002213,1.0
11541,115.41000000002214,1.0
11542,115.42000000002214,1.0
11543,115.43000000002215,1.0
11544,115.44000000002215,1.0
11545,115.45000000002216,1.0
11546,115.46000000002216,1.0
11547,115.47000000002217,1.0
11548,115.48000000002217,1.0
11549,115.49000000002218,1.0
11550,115.50000000002218,1.0
11551,115.51000000002219,1.0
11552,115.5200000000222,1.0
11553,115.5300000000222,1.0
11554,115.5400000000222,1.0
11555,115.55000000002221,1.0
11556,115.56000000002221,1.0
11557,115.57000000002222,1.0
11558,115.58000000002222,1.0
11559,115.59000000002223,1.0
11560,115.60000000002223,1.0
11561,115.61000000002224,1.0
11562,115.62000000002224,1.0
11563,115.63000000002225,1.0
11564,115.64000000002225,1.0
11565,115.65000000002226,1.0
11566,115.66000000002226,1.0
11567,115.67000000002227,1.0
11568,115.68000000002228,1.0
11569,115.69000000002228,1.0
11570,115.70000000002229,1.0
11571,115.71000000002229,1.0
11572,115.7200000000223,1.0
11573,115.7300000000223,1.0
11574,115.7400000000223,1.0
11575,115.75000000002231,1.0
11576,115.76000000002232,1.0
11577,115.77000000002232,1.0
11578,115.78000000002233,1.0
11579,115.79000000002233,1.0
11580,115.80000000002234,1.0
11581,115.81000000002234,1.0
11582,115.82000000002235,1.0
11583,115.83000000002235,1.0
11584,115.84000000002236,1.0
11585,115.85000000002236,1.0
11586,115.86000000002237,1.0
11587,115.87000000002237,1.0
11588,115.88000000002238,1.0
11589,115.89000000002238,1.0
11590,115.90000000002239,1.0
11591,115.9100000000224,1.0
11592,115.9200000000224,1.0
11593,115.9300000000224,1.0
11594,115.94000000002241,1.0
11595,115.95000000002241,1.0
11596,115.96000000002242,1.0
11597,115.97000000002242,1.0
11598,115.98000000002243,1.0
11599,115.99000000002243,1.0
11600,116.00000000002244,1.0
11601,116.01000000002244,1.0
11602,116.02000000002245,1.0
11603,116.03000000002245,1.0
11604,116.04000000002246,1.0
11605,116.05000000002246,1.0
11606,116.06000000002247,1.0
11607,116.07000000002247,1.0
11608,116.08000000002248,1.0
11609,116.09000000002248,1.0
11610,116.10000000002249,1.0
11611,116.1100000000225,1.0
11612,116.1200000000225,1.0
11613,116.1300000000225,1.0
11614,116.14000000002251,1.0
11615,116.15000000002252,1.0
11616,116.16000000002252,1.0
11617,116.17000000002253,1.0
11618,116.18000000002253,1.0
11619,116.19000000002254,1.0
11620,116.20000000002254,1.0
11621,116.21000000002255,1.0
11622,116.22000000002255,1.0
11623,116.23000000002256,1.0
11624,116.24000000002256,1.0
11625,116.25000000002257,1.0
11626,116.26000000002257,1.0
11627,116.27000000002258,1.0
11628,116.28000000002258,1.0
11629,116.29000000002259,1.0
11630,116.30000000002259,1.0
11631,116.3100000000226,1.0
11632,116.3200000000226,1.0
11633,116.33000000002261,1.0
11634,116.34000000002261,1.0
11635,116.35000000002262,1.0
11636,116.36000000002262,1.0
11637,116.37000000002263,1.0
11638,116.38000000002263,1.0
11639,116.39000000002264,1.0
11640,116.40000000002264,1.0
11641,116.41000000002265,1.0
11642,116.42000000002265,1.0
11643,116.43000000002266,1.0
11644,116.44000000002266,1.0
11645,116.45000000002267,1.0
11646,116.46000000002267,1.0
11647,116.47000000002268,1.0
11648,116.48000000002268,1.0
11649,116.49000000002269,1.0
11650,116.5000000000227,1.0
11651,116.5100000000227,1.0
11652,116.5200000000227,1.0
11653,116.53000000002271,1.0
11654,116.54000000002272,1.0
11655,116.55000000002272,1.0
11656,116.56000000002273,1.0
11657,116.57000000002273,1.0
11658,116.58000000002274,1.0
11659,116.59000000002274,1.0
11660,116.60000000002275,1.0
11661,116.61000000002275,1.0
11662,116.62000000002276,1.0
11663,116.63000000002276,1.0
11664,116.64000000002277,1.0
11665,116.65000000002277,1.0
11666,116.66000000002278,1.0
11667,116.67000000002278,1.0
11668,116.68000000002279,1.0
11669,116.69000000002279,1.0
11670,116.7000000000228,1.0
11671,116.7100000000228,1.0
11672,116.72000000002281,1.0
11673,116.73000000002281,1.0
11674,116.74000000002282,1.0
11675,116.75000000002282,1.0
11676,116.76000000002283,1.0
11677,116.77000000002283,1.0
11678,116.78000000002284,1.0
11679,116.79000000002284,1.0
11680,116.80000000002285,1.0
11681,116.81000000002285,1.0
11682,116.82000000002286,1.0
11683,116.83000000002286,1.0
11684,116.84000000002287,1.0
11685,116.85000000002287,1.0
11686,116.86000000002288,1.0
11687,116.87000000002288,1.0
11688,116.88000000002289,1.0
11689,116.8900000000229,1.0
11690,116.9000000000229,1.0
11691,116.9100000000229,1.0
11692,116.92000000002291,1.0
11693,116.93000000002291,1.0
11694,116.94000000002292,1.0
11695,116.95000000002292,1.0
11696,116.96000000002293,1.0
11697,116.97000000002294,1.0
11698,116.98000000002294,1.0
11699,116.99000000002295,1.0
11700,117.00000000002295,1.0
11701,117.01000000002296,1.0
11702,117.02000000002296,1.0
11703,117.03000000002297,1.0
11704,117.04000000002297,1.0
11705,117.05000000002298,1.0
11706,117.06000000002298,1.0
11707,117.07000000002299,1.0
11708,117.08000000002299,1.0
11709,117.090000000023,1.0
11710,117.100000000023,1.0
11711,117.110000000023,1.0
11712,117.12000000002301,1.0
11713,117.13000000002302,1.0
11714,117.14000000002302,1.0
11715,117.15000000002303,1.0
11716,117.16000000002303,1.0
11717,117.17000000002304,1.0
11718,117.18000000002304,1.0
11719,117.19000000002305,1.0
11720,117.20000000002305,1.0
11721,117.21000000002306,1.0
11722,117.22000000002306,1.0
11723,117.23000000002307,1.0
11724,117.24000000002307,1.0
11725,117.25000000002308,1.0
11726,117.26000000002308,1.0
11727,117.27000000002309,1.0
11728,117.2800000000231,1.0
11729,117.2900000000231,1.0
11730,117.3000000000231,1.0
11731,117.31000000002311,1.0
11732,117.32000000002311,1.0
11733,117.33000000002312,1.0
11734,117.34000000002312,1.0
11735,117.35000000002313,1.0
11736,117.36000000002313,1.0
11737,117.37000000002314,1.0
11738,117.38000000002314,1.0
11739,117.39000000002315,1.0
11740,117.40000000002316,1.0
11741,117.41000000002316,1.0
11742,117.42000000002317,1.0
11743,117.43000000002317,1.0
11744,117.44000000002318,1.0
11745,117.45000000002318,1.0
11746,117.46000000002319,1.0
11747,117.47000000002319,1.0
11748,117.4800000000232,1.0
11749,117.4900000000232,1.0
11750,117.5000000000232,1.0
11751,117.51000000002321,1.0
11752,117.52000000002322,1.0
11753,117.53000000002322,1.0
11754,117.54000000002323,1.0
11755,117.55000000002323,1.0
11756,117.56000000002324,1.0
11757,117.57000000002324,1.0
11758,117.58000000002325,1.0
11759,117.59000000002325,1.0
11760,117.60000000002326,1.0
11761,117.61000000002326,1.0
11762,117.62000000002327,1.0
11763,117.63000000002327,1.0
11764,117.64000000002328,1.0
11765,117.65000000002328,1.0
11766,117.66000000002329,1.0
11767,117.6700000000233,1.0
11768,117.6800000000233,1.0
11769,117.6900000000233,1.0
11770,117.70000000002331,1.0
11771,117.71000000002331,1.0
11772,117.72000000002332,1.0
11773,117.73000000002332,1.0
11774,117.74000000002333,1.0
11775,117.75000000002333,1.0
11776,117.76000000002334,1.0
11777,117.77000000002334,1.0
11778,117.78000000002335,1.0
11779,117.79000000002335,1.0
11780,117.80000000002336,1.0
11781,117.81000000002336,1.0
11782,117.82000000002337,1.0
11783,117.83000000002338,1.0
11784,117.84000000002338,1.0
11785,117.85000000002339,1.0
11786,117.86000000002339,1.0
11787,117.8700000000234,1.0
11788,117.8800000000234,1.0
11789,117.8900000000234,1.0
11790,117.90000000002341,1.0
11791,117.91000000002342,1.0
11792,117.92000000002342,1.0
11793,117.93000000002343,1.0
11794,117.94000000002343,1.0
11795,117.95000000002344,1.0
11796,117.96000000002344,1.0
11797,117.97000000002345,1.0
11798,117.98000000002345,1.0
11799,117.99000000002346,1.0
11800,118.00000000002346,1.0
11801,118.01000000002347,1.0
11802,118.02000000002347,1.0
11803,118.03000000002348,1.0
11804,118.04000000002348,1.0
11805,118.05000000002349,1.0
11806,118.06000000002349,1.0
11807,118.0700000000235,1.0
11808,118.0800000000235,1.0
11809,118.09000000002351,1.0
11810,118.10000000002351,1.0
11811,118.11000000002352,1.0
11812,118.12000000002352,1.0
11813,118.13000000002353,1.0
11814,118.14000000002353,1.0
11815,118.15000000002354,1.0
11816,118.16000000002354,1.0
11817,118.17000000002355,1.0
11818,118.18000000002355,1.0
11819,118.19000000002356,1.0
11820,118.20000000002356,1.0
11821,118.21000000002357,1.0
11822,118.22000000002357,1.0
11823,118.23000000002358,1.0
11824,118.24000000002358,1.0
11825,118.25000000002359,1.0
11826,118.2600000000236,1.0
11827,118.2700000000236,1.0
11828,118.2800000000236,1.0
11829,118.29000000002361,1.0
11830,118.30000000002362,1.0
11831,118.31000000002362,1.0
11832,118.32000000002363,1.0
11833,118.33000000002363,1.0
11834,118.34000000002364,1.0
11835,118.35000000002364,1.0
11836,118.36000000002365,1.0
11837,118.37000000002365,1.0
11838,118.38000000002366,1.0
11839,118.39000000002366,1.0
11840,118.40000000002367,1.0
11841,118.41000000002367,1.0
11842,118.42000000002368,1.0
11843,118.43000000002368,1.0
11844,118.44000000002369,1.0
11845,118.45000000002369,1.0
11846,118.4600000000237,1.0
11847,118.4700000000237,1.0
11848,118.48000000002371,1.0
11849,118.49000000002371,1.0
11850,118.50000000002372,1.0
11851,118.51000000002372,1.0
11852,118.52000000002373,1.0
11853,118.53000000002373,1.0
11854,118.54000000002374,1.0
11855,118.55000000002374,1.0
11856,118.56000000002375,1.0
11857,118.57000000002375,1.0
11858,118.58000000002376,1.0
11859,118.59000000002376,1.0
11860,118.60000000002377,1.0
11861,118.61000000002377,1.0
11862,118.62000000002378,1.0
11863,118.63000000002378,1.0
11864,118.64000000002379,1.0
11865,118.6500000000238,1.0
11866,118.6600000000238,1.0
11867,118.6700000000238,1.0
11868,118.68000000002381,1.0
11869,118.69000000002382,1.0
11870,118.70000000002382,1.0
11871,118.71000000002383,1.0
11872,118.72000000002383,1.0
11873,118.73000000002384,1.0
11874,118.74000000002384,1.0
11875,118.75000000002385,1.0
11876,118.76000000002385,1.0
11877,118.77000000002386,1.0
11878,118.78000000002386,1.0
11879,118.79000000002387,1.0
11880,118.80000000002387,1.0
11881,118.81000000002388,1.0
11882,118.82000000002388,1.0
11883,118.83000000002389,1.0
11884,118.84000000002389,1.0
11885,118.8500000000239,1.0
11886,118.8600000000239,1.0
11887,118.87000000002391,1.0
11888,118.88000000002391,1.0
11889,118.89000000002392,1.0
11890,118.90000000002392,1.0
11891,118.91000000002393,1.0
11892,118.92000000002393,1.0
11893,118.93000000002394,1.0
11894,118.94000000002394,1.0
11895,118.95000000002395,1.0
11896,118.96000000002395,1.0
11897,118.97000000002396,1.0
11898,118.98000000002396,1.0
11899,118.99000000002397,1.0
11900,119.00000000002397,1.0
11901,119.01000000002398,1.0
11902,119.02000000002398,1.0
11903,119.03000000002399,1.0
11904,119.040000000024,1.0
11905,119.050000000024,1.0
11906,119.060000000024,1.0
11907,119.07000000002401,1.0
11908,119.08000000002401,1.0
11909,119.09000000002402,1.0
11910,119.10000000002402,1.0
11911,119.11000000002403,1.0
11912,119.12000000002404,1.0
11913,119.13000000002404,1.0
11914,119.14000000002405,1.0
11915,119.15000000002405,1.0
11916,119.16000000002406,1.0
11917,119.17000000002406,1.0
11918,119.18000000002407,1.0
11919,119.19000000002407,1.0
11920,119.20000000002408,1.0
11921,119.21000000002408,1.0
11922,119.22000000002409,1.0
11923,119.23000000002409,1.0
11924,119.2400000000241,1.0
11925,119.2500000000241,1.0
11926,119.2600000000241,1.0
11927,119.27000000002411,1.0
11928,119.28000000002412,1.0
11929,119.29000000002412,1.0
11930,119.30000000002413,1.0
11931,119.31000000002413,1.0
11932,119.32000000002414,1.0
11933,119.33000000002414,1.0
11934,119.34000000002415,1.0
11935,119.35000000002415,1.0
11936,119.36000000002416,1.0
11937,119.37000000002416,1.0
11938,119.38000000002417,1.0
11939,119.39000000002417,1.0
11940,119.40000000002418,1.0
11941,119.41000000002418,1.0
11942,119.42000000002419,1.0
11943,119.4300000000242,1.0
11944,119.4400000000242,1.0
11945,119.4500000000242,1.0
11946,119.46000000002421,1.0
11947,119.47000000002421,1.0
11948,119.48000000002422,1.0
11949,119.49000000002422,1.0
11950,119.50000000002423,1.0
11951,119.51000000002423,1.0
11952,119.52000000002424,1.0
11953,119.53000000002424,1.0
11954,119.54000000002425,1.0
11955,119.55000000002426,1.0
11956,119.56000000002426,1.0
11957,119.57000000002427,1.0
11958,119.58000000002427,1.0
11959,119.59000000002428,1.0
11960,119.60000000002428,1.0
11961,119.61000000002429,1.0
11962,119.62000000002429,1.0
11963,119.6300000000243,1.0
11964,119.6400000000243,1.0
11965,119.6500000000243,1.0
11966,119.66000000002431,1.0
11967,119.67000000002432,1.0
11968,119.68000000002432,1.0
11969,119.69000000002433,1.0
11970,119.70000000002433,1.0
11971,119.71000000002434,1.0
11972,119.72000000002434,1.0
11973,119.73000000002435,1.0
11974,119.74000000002435,1.0
11975,119.75000000002436,1.0
11976,119.76000000002436,1.0
11977,119.77000000002437,1.0
11978,119.78000000002437,1.0
11979,119.79000000002438,1.0
11980,119.80000000002438,1.0
11981,119.81000000002439,1.0
11982,119.8200000000244,1.0
11983,119.8300000000244,1.0
11984,119.8400000000244,1.0
11985,119.85000000002441,1.0
11986,119.86000000002441,1.0
11987,119.87000000002442,1.0
11988,119.88000000002442,1.0
11989,119.89000000002443,1.0
11990,119.90000000002443,1.0
11991,119.91000000002444,1.0
11992,119.92000000002444,1.0
11993,119.93000000002445,1.0
11994,119.94000000002445,1.0
11995,119.95000000002446,1.0
11996,119.96000000002446,1.0
11997,119.97000000002447,1.0
11998,119.98000000002448,1.0
11999,119.99000000002448,1.0
12000,120.00000000002449,1.0
12001,120.01000000002449,1.0
12002,120.0200000000245,1.0
12003,120.0300000000245,1.0
12004,120.0400000000245,1.0
12005,120.05000000002451,1.0
12006,120.06000000002452,1.0
12007,120.07000000002452,1.0
12008,120.08000000002453,1.0
12009,120.09000000002453,1.0
12010,120.10000000002454,1.0
12011,120.11000000002454,1.0
12012,120.12000000002455,1.0
12013,120.13000000002455,1.0
12014,120.14000000002456,1.0
12015,120.15000000002456,1.0
12016,120.16000000002457,1.0
12017,120.17000000002457,1.0
12018,120.18000000002458,1.0
12019,120.19000000002458,1.0
12020,120.20000000002459,1.0
12021,120.21000000002459,1.0
12022,120.2200000000246,1.0
12023,120.2300000000246,1.0
12024,120.24000000002461,1.0
12025,120.25000000002461,1.0
12026,120.26000000002462,1.0
12027,120.27000000002462,1.0
12028,120.28000000002463,1.0
12029,120.29000000002463,1.0
12030,120.30000000002464,1.0
12031,120.31000000002464,1.0
12032,120.32000000002465,1.0
12033,120.33000000002465,1.0
12034,120.34000000002466,1.0
12035,120.35000000002466,1.0
12036,120.36000000002467,1.0
12037,120.37000000002467,1.0
12038,120.38000000002468,1.0
12039,120.39000000002468,1.0
12040,120.40000000002469,1.0
12041,120.4100000000247,1.0
12042,120.4200000000247,1.0
12043,120.4300000000247,1.0
12044,120.44000000002471,1.0
12045,120.45000000002472,1.0
12046,120.46000000002472,1.0
12047,120.47000000002473,1.0
12048,120.48000000002473,1.0
12049,120.49000000002474,1.0
12050,120.50000000002474,1.0
12051,120.51000000002475,1.0
12052,120.52000000002475,1.0
12053,120.53000000002476,1.0
12054,120.54000000002476,1.0
12055,120.55000000002477,1.0
12056,120.56000000002477,1.0
12057,120.57000000002478,1.0
12058,120.58000000002478,1.0
12059,120.59000000002479,1.0
12060,120.60000000002479,1.0
12061,120.6100000000248,1.0
12062,120.6200000000248,1.0
12063,120.63000000002481,1.0
12064,120.64000000002481,1.0
12065,120.65000000002482,1.0
12066,120.66000000002482,1.0
12067,120.67000000002483,1.0
12068,120.68000000002483,1.0
12069,120.69000000002484,1.0
12070,120.70000000002484,1.0
12071,120.71000000002485,1.0
12072,120.72000000002485,1.0
12073,120.73000000002486,1.0
12074,120.74000000002486,1.0
12075,120.75000000002487,1.0
12076,120.76000000002487,1.0
12077,120.77000000002488,1.0
12078,120.78000000002488,1.0
12079,120.79000000002489,1.0
12080,120.8000000000249,1.0
12081,120.8100000000249,1.0
12082,120.8200000000249,1.0
12083,120.83000000002491,1.0
12084,120.84000000002492,1.0
12085,120.85000000002492,1.0
12086,120.86000000002493,1.0
12087,120.87000000002493,1.0
12088,120.88000000002494,1.0
12089,120.89000000002494,1.0
12090,120.90000000002495,1.0
12091,120.91000000002495,1.0
12092,120.92000000002496,1.0
12093,120.93000000002496,1.0
12094,120.94000000002497,1.0
12095,120.95000000002497,1.0
12096,120.96000000002498,1.0
12097,120.97000000002498,1.0
12098,120.98000000002499,1.0
12099,120.99000000002499,1.0
12100,121.000000000025,1.0
12101,121.010000000025,1.0
12102,121.02000000002501,1.0
12103,121.03000000002501,1.0
12104,121.04000000002502,1.0
12105,121.05000000002502,1.0
12106,121.06000000002503,1.0
12107,121.07000000002503,1.0
12108,121.08000000002504,1.0
12109,121.09000000002504,1.0
12110,121.10000000002505,1.0
12111,121.11000000002505,1.0
12112,121.12000000002506,1.0
12113,121.13000000002506,1.0
12114,121.14000000002507,1.0
12115,121.15000000002507,1.0
12116,121.16000000002508,1.0
12117,121.17000000002508,1.0
12118,121.18000000002509,1.0
12119,121.1900000000251,1.0
12120,121.2000000000251,1.0
12121,121.2100000000251,1.0
12122,121.22000000002511,1.0
12123,121.23000000002511,1.0
12124,121.24000000002512,1.0
12125,121.25000000002512,1.0
12126,121.26000000002513,1.0
12127,121.27000000002514,1.0
12128,121.28000000002514,1.0
12129,121.29000000002515,1.0
12130,121.30000000002515,1.0
12131,121.31000000002516,1.0
12132,121.32000000002516,1.0
12133,121.33000000002517,1.0
12134,121.34000000002517,1.0
12135,121.35000000002518,1.0
12136,121.36000000002518,1.0
12137,121.37000000002519,1.0
12138,121.38000000002519,1.0
12139,121.3900000000252,1.0
12140,121.4000000000252,1.0
12141,121.4100000000252,1.0
12142,121.42000000002521,1.0
12143,121.43000000002522,1.0
12144,121.44000000002522,1.0
12145,121.45000000002523,1.0
12146,121.46000000002523,1.0
12147,121.47000000002524,1.0
12148,121.48000000002524,1.0
12149,121.49000000002525,1.0
12150,121.50000000002525,1.0
12151,121.51000000002526,1.0
12152,121.52000000002526,1.0
12153,121.53000000002527,1.0
12154,121.54000000002527,1.0
12155,121.55000000002528,1.0
12156,121.56000000002528,1.0
12157,121.57000000002529,1.0
12158,121.5800000000253,1.0
12159,121.5900000000253,1.0
12160,121.6000000000253,1.0
12161,121.61000000002531,1.0
12162,121.62000000002531,1.0
12163,121.63000000002532,1.0
12164,121.64000000002532,1.0
12165,121.65000000002533,1.0
12166,121.66000000002533,1.0
12167,121.67000000002534,1.0
12168,121.68000000002534,1.0
12169,121.69000000002535,1.0
12170,121.70000000002536,1.0
12171,121.71000000002536,1.0
12172,121.72000000002537,1.0
12173,121.73000000002537,1.0
12174,121.74000000002538,1.0
12175,121.75000000002538,1.0
12176,121.76000000002539,1.0
12177,121.77000000002539,1.0
12178,121.7800000000254,1.0
12179,121.7900000000254,1.0
12180,121.8000000000254,1.0
12181,121.81000000002541,1.0
12182,121.82000000002542,1.0
12183,121.83000000002542,1.0
12184,121.84000000002543,1.0
12185,121.85000000002543,1.0
12186,121.86000000002544,1.0
12187,121.87000000002544,1.0
12188,121.88000000002545,1.0
12189,121.89000000002545,1.0
12190,121.90000000002546,1.0
12191,121.91000000002546,1.0
12192,121.92000000002547,1.0
12193,121.93000000002547,1.0
12194,121.94000000002548,1.0
12195,121.95000000002548,1.0
12196,121.96000000002549,1.0
12197,121.9700000000255,1.0
12198,121.9800000000255,1.0
12199,121.9900000000255,1.0
12200,122.00000000002551,1.0
12201,122.01000000002551,1.0
12202,122.02000000002552,1.0
12203,122.03000000002552,1.0
12204,122.04000000002553,1.0
12205,122.05000000002553,1.0
12206,122.06000000002554,1.0
12207,122.07000000002554,1.0
12208,122.08000000002555,1.0
12209,122.09000000002555,1.0
12210,122.10000000002556,1.0
12211,122.11000000002556,1.0
12212,122.12000000002557,1.0
12213,122.13000000002557,1.0
12214,122.14000000002558,1.0
12215,122.15000000002559,1.0
12216,122.16000000002559,1.0
12217,122.1700000000256,1.0
12218,122.1800000000256,1.0
12219,122.1900000000256,1.0
12220,122.20000000002561,1.0
12221,122.21000000002562,1.0
12222,122.22000000002562,1.0
12223,122.23000000002563,1.0
12224,122.24000000002563,1.0
12225,122.25000000002564,1.0
12226,122.26000000002564,1.0
12227,122.27000000002565,1.0
12228,122.28000000002565,1.0
12229,122.29000000002566,1.0
12230,122.30000000002566,1.0
12231,122.31000000002567,1.0
12232,122.32000000002567,1.0
12233,122.33000000002568,1.0
12234,122.34000000002568,1.0
12235,122.35000000002569,1.0
12236,122.36000000002569,1.0
12237,122.3700000000257,1.0
12238,122.3800000000257,1.0
12239,122.39000000002571,1.0
12240,122.40000000002571,1.0
12241,122.41000000002572,1.0
12242,122.42000000002572,1.0
12243,122.43000000002573,1.0
12244,122.44000000002573,1.0
12245,122.45000000002574,1.0
12246,122.46000000002574,1.0
12247,122.47000000002575,1.0
12248,122.48000000002575,1.0
12249,122.49000000002576,1.0
12250,122.50000000002576,1.0
12251,122.51000000002577,1.0
12252,122.52000000002577,1.0
12253,122.53000000002578,1.0
12254,122.54000000002578,1.0
12255,122.55000000002579,1.0
12256,122.5600000000258,1.0
12257,122.5700000000258,1.0
12258,122.5800000000258,1.0
12259,122.59000000002581,1.0
12260,122.60000000002582,1.0
12261,122.61000000002582,1.0
12262,122.62000000002583,1.0
12263,122.63000000002583,1.0
12264,122.64000000002584,1.0
12265,122.65000000002584,1.0
12266,122.66000000002585,1.0
12267,122.67000000002585,1.0
12268,122.68000000002586,1.0
12269,122.69000000002586,1.0
12270,122.70000000002587,1.0
12271,122.71000000002587,1.0
12272,122.72000000002588,1.0
12273,122.73000000002588,1.0
12274,122.74000000002589,1.0
12275,122.75000000002589,1.0
12276,122.7600000000259,1.0
12277,122.7700000000259,1.0
12278,122.78000000002591,1.0
12279,122.79000000002591,1.0
12280,122.80000000002592,1.0
12281,122.81000000002592,1.0
12282,122.82000000002593,1.0
12283,122.83000000002593,1.0
12284,122.84000000002594,1.0
12285,122.85000000002594,1.0
12286,122.86000000002595,1.0
12287,122.87000000002595,1.0
12288,122.88000000002596,1.0
12289,122.89000000002596,1.0
12290,122.90000000002597,1.0
12291,122.91000000002597,1.0
12292,122.92000000002598,1.0
12293,122.93000000002598,1.0
12294,122.94000000002599,1.0
12295,122.950000000026,1.0
12296,122.960000000026,1.0
12297,122.970000000026,1.0
12298,122.98000000002601,1.0
12299,122.99000000002601,1.0
12300,123.00000000002602,1.0
12301,123.01000000002603,1.0
12302,123.02000000002603,1.0
12303,123.03000000002604,1.0
12304,123.04000000002604,1.0
12305,123.05000000002605,1.0
12306,123.06000000002605,1.0
12307,123.07000000002606,1.0
12308,123.08000000002606,1.0
12309,123.09000000002607,1.0
12310,123.10000000002607,1.0
12311,123.11000000002608,1.0
12312,123.12000000002608,1.0
12313,123.13000000002609,1.0
12314,123.14000000002609,1.0
12315,123.1500000000261,1.0
12316,123.1600000000261,1.0
12317,123.1700000000261,1.0
12318,123.18000000002611,1.0
12319,123.19000000002612,1.0
12320,123.20000000002612,1.0
12321,123.21000000002613,1.0
12322,123.22000000002613,1.0
12323,123.23000000002614,1.0
12324,123.24000000002614,1.0
12325,123.25000000002615,1.0
12326,123.26000000002615,1.0
12327,123.27000000002616,1.0
12328,123.28000000002616,1.0
12329,123.29000000002617,1.0
12330,123.30000000002617,1.0
12331,123.31000000002618,1.0
12332,123.32000000002618,1.0
12333,123.33000000002619,1.0
12334,123.3400000000262,1.0
12335,123.3500000000262,1.0
12336,123.3600000000262,1.0
12337,123.37000000002621,1.0
12338,123.38000000002621,1.0
12339,123.39000000002622,1.0
12340,123.40000000002622,1.0
12341,123.41000000002623,1.0
12342,123.42000000002623,1.0
12343,123.43000000002624,1.0
12344,123.44000000002625,1.0
12345,123.45000000002625,1.0
12346,123.46000000002626,1.0
12347,123.47000000002626,1.0
12348,123.48000000002627,1.0
12349,123.49000000002627,1.0
12350,123.50000000002628,1.0
12351,123.51000000002628,1.0
12352,123.52000000002629,1.0
12353,123.53000000002629,1.0
12354,123.5400000000263,1.0
12355,123.5500000000263,1.0
12356,123.5600000000263,1.0
12357,123.57000000002631,1.0
12358,123.58000000002632,1.0
12359,123.59000000002632,1.0
12360,123.60000000002633,1.0
12361,123.61000000002633,1.0
12362,123.62000000002634,1.0
12363,123.63000000002634,1.0
12364,123.64000000002635,1.0
12365,123.65000000002635,1.0
12366,123.66000000002636,1.0
12367,123.67000000002636,1.0
12368,123.68000000002637,1.0
12369,123.69000000002637,1.0
12370,123.70000000002638,1.0
12371,123.71000000002638,1.0
12372,123.72000000002639,1.0
12373,123.7300000000264,1.0
12374,123.7400000000264,1.0
12375,123.7500000000264,1.0
12376,123.76000000002641,1.0
12377,123.77000000002641,1.0
12378,123.78000000002642,1.0
12379,123.79000000002642,1.0
12380,123.80000000002643,1.0
12381,123.81000000002643,1.0
12382,123.82000000002644,1.0
12383,123.83000000002644,1.0
12384,123.84000000002645,1.0
12385,123.85000000002645,1.0
12386,123.86000000002646,1.0
12387,123.87000000002647,1.0
12388,123.88000000002647,1.0
12389,123.89000000002648,1.0
12390,123.90000000002648,1.0
12391,123.91000000002649,1.0
12392,123.92000000002649,1.0
12393,123.9300000000265,1.0
12394,123.9400000000265,1.0
12395,123.9500000000265,1.0
12396,123.96000000002651,1.0
12397,123.97000000002652,1.0
12398,123.98000000002652,1.0
12399,123.99000000002653,1.0
12400,124.00000000002653,1.0
12401,124.01000000002654,1.0
12402,124.02000000002654,1.0
12403,124.03000000002655,1.0
12404,124.04000000002655,1.0
12405,124.05000000002656,1.0
12406,124.06000000002656,1.0
12407,124.07000000002657,1.0
12408,124.08000000002657,1.0
12409,124.09000000002658,1.0
12410,124.10000000002658,1.0
12411,124.11000000002659,1.0
12412,124.1200000000266,1.0
12413,124.1300000000266,1.0
12414,124.1400000000266,1.0
12415,124.15000000002661,1.0
12416,124.16000000002661,1.0
12417,124.17000000002662,1.0
12418,124.18000000002662,1.0
12419,124.19000000002663,1.0
12420,124.20000000002663,1.0
12421,124.21000000002664,1.0
12422,124.22000000002664,1.0
12423,124.23000000002665,1.0
12424,124.24000000002665,1.0
12425,124.25000000002666,1.0
12426,124.26000000002666,1.0
12427,124.27000000002667,1.0
12428,124.28000000002667,1.0
12429,124.29000000002668,1.0
12430,124.30000000002669,1.0
12431,124.31000000002669,1.0
12432,124.3200000000267,1.0
12433,124.3300000000267,1.0
12434,124.3400000000267,1.0
12435,124.35000000002671,1.0
12436,124.36000000002672,1.0
12437,124.37000000002672,1.0
12438,124.38000000002673,1.0
12439,124.39000000002673,1.0
12440,124.40000000002674,1.0
12441,124.41000000002674,1.0
12442,124.42000000002675,1.0
12443,124.43000000002675,1.0
12444,124.44000000002676,1.0
12445,124.45000000002676,1.0
12446,124.46000000002677,1.0
12447,124.47000000002677,1.0
12448,124.48000000002678,1.0
12449,124.49000000002678,1.0
12450,124.50000000002679,1.0
12451,124.51000000002679,1.0
12452,124.5200000000268,1.0
12453,124.5300000000268,1.0
12454,124.54000000002681,1.0
12455,124.55000000002681,1.0
12456,124.56000000002682,1.0
12457,124.57000000002682,1.0
12458,124.58000000002683,1.0
12459,124.59000000002683,1.0
12460,124.60000000002684,1.0
12461,124.61000000002684,1.0
12462,124.62000000002685,1.0
12463,124.63000000002685,1.0
12464,124.64000000002686,1.0
12465,124.65000000002686,1.0
12466,124.66000000002687,1.0
12467,124.67000000002687,1.0
12468,124.68000000002688,1.0
12469,124.69000000002688,1.0
12470,124.70000000002689,1.0
12471,124.7100000000269,1.0
12472,124.7200000000269,1.0
12473,124.7300000000269,1.0
12474,124.74000000002691,1.0
12475,124.75000000002692,1.0
12476,124.76000000002692,1.0
12477,124.77000000002693,1.0
12478,124.78000000002693,1.0
12479,124.79000000002694,1.0
12480,124.80000000002694,1.0
12481,124.81000000002695,1.0
12482,124.82000000002695,1.0
12483,124.83000000002696,1.0
12484,124.84000000002696,1.0
12485,124.85000000002697,1.0
12486,124.86000000002697,1.0
12487,124.87000000002698,1.0
12488,124.88000000002698,1.0
12489,124.89000000002699,1.0
12490,124.90000000002699,1.0
12491,124.910000000027,1.0
12492,124.920000000027,1.0
12493,124.93000000002701,1.0
12494,124.94000000002701,1.0
12495,124.95000000002702,1.0
12496,124.96000000002702,1.0
12497,124.97000000002703,1.0
12498,124.98000000002703,1.0
12499,124.99000000002704,1.0
12500,125.00000000002704,1.0
12501,125.01000000002705,1.0
12502,125.02000000002705,1.0
12503,125.03000000002706,1.0
12504,125.04000000002706,1.0
12505,125.05000000002707,1.0
12506,125.06000000002707,1.0
12507,125.07000000002708,1.0
12508,125.08000000002708,1.0
12509,125.09000000002709,1.0
12510,125.1000000000271,1.0
12511,125.1100000000271,1.0
12512,125.1200000000271,1.0
12513,125.13000000002711,1.0
12514,125.14000000002711,1.0
12515,125.15000000002712,1.0
12516,125.16000000002713,1.0
12517,125.17000000002713,1.0
12518,125.18000000002714,1.0
12519,125.19000000002714,1.0
12520,125.20000000002715,1.0
12521,125.21000000002715,1.0
12522,125.22000000002716,1.0
12523,125.23000000002716,1.0
12524,125.24000000002717,1.0
12525,125.25000000002717,1.0
12526,125.26000000002718,1.0
12527,125.27000000002718,1.0
12528,125.28000000002719,1.0
12529,125.29000000002719,1.0
12530,125.3000000000272,1.0
12531,125.3100000000272,1.0
12532,125.3200000000272,1.0
12533,125.33000000002721,1.0
12534,125.34000000002722,1.0
12535,125.35000000002722,1.0
12536,125.36000000002723,1.0
12537,125.37000000002723,1.0
12538,125.38000000002724,1.0
12539,125.39000000002724,1.0
12540,125.40000000002725,1.0
12541,125.41000000002725,1.0
12542,125.42000000002726,1.0
12543,125.43000000002726,1.0
12544,125.44000000002727,1.0
12545,125.45000000002727,1.0
12546,125.46000000002728,1.0
12547,125.47000000002728,1.0
12548,125.48000000002729,1.0
12549,125.4900000000273,1.0
12550,125.5000000000273,1.0
12551,125.5100000000273,1.0
12552,125.52000000002731,1.0
12553,125.53000000002731,1.0
12554,125.54000000002732,1.0
12555,125.55000000002732,1.0
12556,125.56000000002733,1.0
12557,125.57000000002733,1.0
12558,125.58000000002734,1.0
12559,125.59000000002735,1.0
12560,125.60000000002735,1.0
12561,125.61000000002736,1.0
12562,125.62000000002736,1.0
12563,125.63000000002737,1.0
12564,125.64000000002737,1.0
12565,125.65000000002738,1.0
12566,125.66000000002738,1.0
12567,125.67000000002739,1.0
12568,125.68000000002739,1.0
12569,125.6900000000274,1.0
12570,125.7000000000274,1.0
12571,125.7100000000274,1.0
12572,125.72000000002741,1.0
12573,125.73000000002742,1.0
12574,125.74000000002742,1.0
12575,125.75000000002743,1.0
12576,125.76000000002743,1.0
12577,125.77000000002744,1.0
12578,125.78000000002744,1.0
12579,125.79000000002745,1.0
12580,125.80000000002745,1.0
12581,125.81000000002746,1.0
12582,125.82000000002746,1.0
12583,125.83000000002747,1.0
12584,125.84000000002747,1.0
12585,125.85000000002748,1.0
12586,125.86000000002748,1.0
12587,125.87000000002749,1.0
12588,125.8800000000275,1.0
12589,125.8900000000275,1.0
12590,125.9000000000275,1.0
12591,125.91000000002751,1.0
12592,125.92000000002751,1.0
12593,125.93000000002752,1.0
12594,125.94000000002752,1.0
12595,125.95000000002753,1.0
12596,125.96000000002753,1.0
12597,125.97000000002754,1.0
12598,125.98000000002754,1.0
12599,125.99000000002755,1.0
12600,126.00000000002755,1.0
12601,126.01000000002756,1.0
12602,126.02000000002757,1.0
12603,126.03000000002757,1.0
12604,126.04000000002758,1.0
12605,126.05000000002758,1.0
12606,126.06000000002759,1.0
12607,126.07000000002759,1.0
12608,126.0800000000276,1.0
12609,126.0900000000276,1.0
12610,126.1000000000276,1.0
12611,126.11000000002761,1.0
12612,126.12000000002762,1.0
12613,126.13000000002762,1.0
12614,126.14000000002763,1.0
12615,126.15000000002763,1.0
12616,126.16000000002764,1.0
12617,126.17000000002764,1.0
12618,126.18000000002765,1.0
12619,126.19000000002765,1.0
12620,126.20000000002766,1.0
12621,126.21000000002766,1.0
12622,126.22000000002767,1.0
12623,126.23000000002767,1.0
12624,126.24000000002768,1.0
12625,126.25000000002768,1.0
12626,126.26000000002769,1.0
12627,126.2700000000277,1.0
12628,126.2800000000277,1.0
12629,126.2900000000277,1.0
12630,126.30000000002771,1.0
12631,126.31000000002771,1.0
12632,126.32000000002772,1.0
12633,126.33000000002772,1.0
12634,126.34000000002773,1.0
12635,126.35000000002773,1.0
12636,126.36000000002774,1.0
12637,126.37000000002774,1.0
12638,126.38000000002775,1.0
12639,126.39000000002775,1.0
12640,126.40000000002776,1.0
12641,126.41000000002776,1.0
12642,126.42000000002777,1.0
12643,126.43000000002777,1.0
12644,126.44000000002778,1.0
12645,126.45000000002779,1.0
12646,126.46000000002779,1.0
12647,126.4700000000278,1.0
12648,126.4800000000278,1.0
12649,126.4900000000278,1.0
12650,126.50000000002781,1.0
12651,126.51000000002782,1.0
12652,126.52000000002782,1.0
12653,126.53000000002783,1.0
12654,126.54000000002783,1.0
12655,126.55000000002784,1.0
12656,126.56000000002784,1.0
12657,126.57000000002785,1.0
12658,126.58000000002785,1.0
12659,126.59000000002786,1.0
12660,126.60000000002786,1.0
12661,126.61000000002787,1.0
12662,126.62000000002787,1.0
12663,126.63000000002788,1.0
12664,126.64000000002788,1.0
12665,126.65000000002789,1.0
12666,126.66000000002789,1.0
12667,126.6700000000279,1.0
12668,126.6800000000279,1.0
12669,126.69000000002791,1.0
12670,126.70000000002791,1.0
12671,126.71000000002792,1.0
12672,126.72000000002792,1.0
12673,126.73000000002793,1.0
12674,126.74000000002793,1.0
12675,126.75000000002794,1.0
12676,126.76000000002794,1.0
12677,126.77000000002795,1.0
12678,126.78000000002795,1.0
12679,126.79000000002796,1.0
12680,126.80000000002796,1.0
12681,126.81000000002797,1.0
12682,126.82000000002797,1.0
12683,126.83000000002798,1.0
12684,126.84000000002798,1.0
12685,126.85000000002799,1.0
12686,126.860000000028,1.0
12687,126.870000000028,1.0
12688,126.880000000028,1.0
12689,126.89000000002801,1.0
12690,126.90000000002802,1.0
12691,126.91000000002802,1.0
12692,126.92000000002803,1.0
12693,126.93000000002803,1.0
12694,126.94000000002804,1.0
12695,126.95000000002804,1.0
12696,126.96000000002805,1.0
12697,126.97000000002805,1.0
12698,126.98000000002806,1.0
12699,126.99000000002806,1.0
12700,127.00000000002807,1.0
12701,127.01000000002807,1.0
12702,127.02000000002808,1.0
12703,127.03000000002808,1.0
12704,127.04000000002809,1.0
12705,127.05000000002809,1.0
12706,127.0600000000281,1.0
12707,127.0700000000281,1.0
12708,127.08000000002811,1.0
12709,127.09000000002811,1.0
12710,127.10000000002812,1.0
12711,127.11000000002812,1.0
12712,127.12000000002813,1.0
12713,127.13000000002813,1.0
12714,127.14000000002814,1.0
12715,127.15000000002814,1.0
12716,127.16000000002815,1.0
12717,127.17000000002815,1.0
12718,127.18000000002816,1.0
12719,127.19000000002816,1.0
12720,127.20000000002817,1.0
12721,127.21000000002817,1.0
12722,127.22000000002818,1.0
12723,127.23000000002818,1.0
12724,127.24000000002819,1.0
12725,127.2500000000282,1.0
12726,127.2600000000282,1.0
12727,127.2700000000282,1.0
12728,127.28000000002821,1.0
12729,127.29000000002821,1.0
12730,127.30000000002822,1.0
12731,127.31000000002823,1.0
12732,127.32000000002823,1.0
12733,127.33000000002824,1.0
12734,127.34000000002824,1.0
12735,127.35000000002825,1.0
12736,127.36000000002825,1.0
12737,127.37000000002826,1.0
12738,127.38000000002826,1.0
12739,127.39000000002827,1.0
12740,127.40000000002827,1.0
12741,127.41000000002828,1.0
12742,127.42000000002828,1.0
12743,127.43000000002829,1.0
12744,127.44000000002829,1.0
12745,127.4500000000283,1.0
12746,127.4600000000283,1.0
12747,127.4700000000283,1.0
12748,127.48000000002831,1.0
12749,127.49000000002832,1.0
12750,127.50000000002832,1.0
12751,127.51000000002833,1.0
12752,127.52000000002833,1.0
12753,127.53000000002834,1.0
12754,127.54000000002834,1.0
12755,127.55000000002835,1.0
12756,127.56000000002835,1.0
12757,127.57000000002836,1.0
12758,127.58000000002836,1.0
12759,127.59000000002837,1.0
12760,127.60000000002837,1.0
12761,127.61000000002838,1.0
12762,127.62000000002838,1.0
12763,127.63000000002839,1.0
12764,127.6400000000284,1.0
12765,127.6500000000284,1.0
12766,127.6600000000284,1.0
12767,127.67000000002841,1.0
12768,127.68000000002841,1.0
12769,127.69000000002842,1.0
12770,127.70000000002842,1.0
12771,127.71000000002843,1.0
12772,127.72000000002843,1.0
12773,127.73000000002844,1.0
12774,127.74000000002845,1.0
12775,127.75000000002845,1.0
12776,127.76000000002846,1.0
12777,127.77000000002846,1.0
12778,127.78000000002847,1.0
12779,127.79000000002847,1.0
12780,127.80000000002848,1.0
12781,127.81000000002848,1.0
12782,127.82000000002849,1.0
12783,127.83000000002849,1.0
12784,127.8400000000285,1.0
12785,127.8500000000285,1.0
12786,127.8600000000285,1.0
12787,127.87000000002851,1.0
12788,127.88000000002852,1.0
12789,127.89000000002852,1.0
12790,127.90000000002853,1.0
12791,127.91000000002853,1.0
12792,127.92000000002854,1.0
12793,127.93000000002854,1.0
12794,127.94000000002855,1.0
12795,127.95000000002855,1.0
12796,127.96000000002856,1.0
12797,127.97000000002856,1.0
12798,127.98000000002857,1.0
12799,127.99000000002857,1.0
12800,128.00000000002856,1.0
12801,128.01000000002855,1.0
12802,128.02000000002855,1.0
12803,128.03000000002854,1.0
12804,128.04000000002853,1.0
12805,128.05000000002852,1.0
12806,128.0600000000285,1.0
12807,128.0700000000285,1.0
12808,128.0800000000285,1.0
12809,128.09000000002848,1.0
12810,128.10000000002847,1.0
12811,128.11000000002846,1.0
12812,128.12000000002845,1.0
12813,128.13000000002845,1.0
12814,128.14000000002844,1.0
12815,128.15000000002843,1.0
12816,128.16000000002842,1.0
12817,128.1700000000284,1.0
12818,128.1800000000284,1.0
12819,128.1900000000284,1.0
12820,128.20000000002838,1.0
12821,128.21000000002837,1.0
12822,128.22000000002836,1.0
12823,128.23000000002835,1.0
12824,128.24000000002835,1.0
12825,128.25000000002834,1.0
12826,128.26000000002833,1.0
12827,128.27000000002832,1.0
12828,128.2800000000283,1.0
12829,128.2900000000283,1.0
12830,128.3000000000283,1.0
12831,128.31000000002828,1.0
12832,128.32000000002827,1.0
12833,128.33000000002826,1.0
12834,128.34000000002825,1.0
12835,128.35000000002825,1.0
12836,128.36000000002824,1.0
12837,128.37000000002823,1.0
12838,128.38000000002822,1.0
12839,128.3900000000282,1.0
12840,128.4000000000282,1.0
12841,128.4100000000282,1.0
12842,128.42000000002818,1.0
12843,128.43000000002817,1.0
12844,128.44000000002816,1.0
12845,128.45000000002815,1.0
12846,128.46000000002815,1.0
12847,128.47000000002814,1.0
12848,128.48000000002813,1.0
12849,128.49000000002812,1.0
12850,128.5000000000281,1.0
12851,128.5100000000281,1.0
12852,128.5200000000281,1.0
12853,128.53000000002808,1.0
12854,128.54000000002807,1.0
12855,128.55000000002806,1.0
12856,128.56000000002805,1.0
12857,128.57000000002805,1.0
12858,128.58000000002804,1.0
12859,128.59000000002803,1.0
12860,128.60000000002802,1.0
12861,128.610000000028,1.0
12862,128.620000000028,1.0
12863,128.630000000028,1.0
12864,128.64000000002798,1.0
12865,128.65000000002797,1.0
12866,128.66000000002796,1.0
12867,128.67000000002795,1.0
12868,128.68000000002795,1.0
12869,128.69000000002794,1.0
12870,128.70000000002793,1.0
12871,128.71000000002792,1.0
12872,128.7200000000279,1.0
12873,128.7300000000279,1.0
12874,128.7400000000279,1.0
12875,128.75000000002788,1.0
12876,128.76000000002787,1.0
12877,128.77000000002786,1.0
12878,128.78000000002785,1.0
12879,128.79000000002785,1.0
12880,128.80000000002784,1.0
12881,128.81000000002783,1.0
12882,128.82000000002782,1.0
12883,128.8300000000278,1.0
12884,128.8400000000278,1.0
12885,128.8500000000278,1.0
12886,128.86000000002778,1.0
12887,128.87000000002777,1.0
12888,128.88000000002776,1.0
12889,128.89000000002775,1.0
12890,128.90000000002775,1.0
12891,128.91000000002774,1.0
12892,128.92000000002773,1.0
12893,128.93000000002772,1.0
12894,128.9400000000277,1.0
12895,128.9500000000277,1.0
12896,128.9600000000277,1.0
12897,128.97000000002768,1.0
12898,128.98000000002767,1.0
12899,128.99000000002766,1.0
12900,129.00000000002765,1.0
12901,129.01000000002765,1.0
12902,129.02000000002764,1.0
12903,129.03000000002763,1.0
12904,129.04000000002762,1.0
12905,129.0500000000276,1.0
12906,129.0600000000276,1.0
12907,129.0700000000276,1.0
12908,129.08000000002758,1.0
12909,129.09000000002757,1.0
12910,129.10000000002756,1.0
12911,129.11000000002755,1.0
12912,129.12000000002755,1.0
12913,129.13000000002754,1.0
12914,129.14000000002753,1.0
12915,129.15000000002752,1.0
12916,129.1600000000275,1.0
12917,129.1700000000275,1.0
12918,129.1800000000275,1.0
12919,129.19000000002748,1.0
12920,129.20000000002747,1.0
12921,129.21000000002746,1.0
12922,129.22000000002745,1.0
12923,129.23000000002745,1.0
12924,129.24000000002744,1.0
12925,129.25000000002743,1.0
12926,129.26000000002742,1.0
12927,129.2700000000274,1.0
12928,129.2800000000274,1.0
12929,129.2900000000274,1.0
12930,129.30000000002738,1.0
12931,129.31000000002737,1.0
12932,129.32000000002736,1.0
12933,129.33000000002735,1.0
12934,129.34000000002735,1.0
12935,129.35000000002734,1.0
12936,129.36000000002733,1.0
12937,129.37000000002732,1.0
12938,129.3800000000273,1.0
12939,129.3900000000273,1.0
12940,129.4000000000273,1.0
12941,129.41000000002728,1.0
12942,129.42000000002727,1.0
12943,129.43000000002726,1.0
12944,129.44000000002725,1.0
12945,129.45000000002725,1.0
12946,129.46000000002724,1.0
12947,129.47000000002723,1.0
12948,129.48000000002722,1.0
12949,129.4900000000272,1.0
12950,129.5000000000272,1.0
12951,129.5100000000272,1.0
12952,129.52000000002718,1.0
12953,129.53000000002717,1.0
12954,129.54000000002716,1.0
12955,129.55000000002715,1.0
12956,129.56000000002715,1.0
12957,129.57000000002714,1.0
12958,129.58000000002713,1.0
12959,129.59000000002712,1.0
12960,129.6000000000271,1.0
12961,129.6100000000271,1.0
12962,129.6200000000271,1.0
12963,129.63000000002708,1.0
12964,129.64000000002707,1.0
12965,129.65000000002706,1.0
12966,129.66000000002705,1.0
12967,129.67000000002704,1.0
12968,129.68000000002704,1.0
12969,129.69000000002703,1.0
12970,129.70000000002702,1.0
12971,129.710000000027,1.0
12972,129.720000000027,1.0
12973,129.730000000027,1.0
12974,129.74000000002698,1.0
12975,129.75000000002697,1.0
12976,129.76000000002696,1.0
12977,129.77000000002695,1.0
12978,129.78000000002694,1.0
12979,129.79000000002694,1.0
12980,129.80000000002693,1.0
12981,129.81000000002692,1.0
12982,129.8200000000269,1.0
12983,129.8300000000269,1.0
12984,129.8400000000269,1.0
12985,129.85000000002688,1.0
12986,129.86000000002687,1.0
12987,129.87000000002686,1.0
12988,129.88000000002685,1.0
12989,129.89000000002684,1.0
12990,129.90000000002684,1.0
12991,129.91000000002683,1.0
12992,129.92000000002682,1.0
12993,129.9300000000268,1.0
12994,129.9400000000268,1.0
12995,129.9500000000268,1.0
12996,129.96000000002678,1.0
12997,129.97000000002677,1.0
12998,129.98000000002676,1.0
12999,129.99000000002675,1.0
13000,130.00000000002674,1.0
13001,130.01000000002674,1.0
13002,130.02000000002673,1.0
13003,130.03000000002672,1.0
13004,130.0400000000267,1.0
13005,130.0500000000267,1.0
13006,130.0600000000267,1.0
13007,130.07000000002668,1.0
13008,130.08000000002667,1.0
13009,130.09000000002666,1.0
13010,130.10000000002665,1.0
13011,130.11000000002664,1.0
13012,130.12000000002664,1.0
13013,130.13000000002663,1.0
13014,130.14000000002662,1.0
13015,130.1500000000266,1.0
13016,130.1600000000266,1.0
13017,130.1700000000266,1.0
13018,130.18000000002658,1.0
13019,130.19000000002657,1.0
13020,130.20000000002656,1.0
13021,130.21000000002655,1.0
13022,130.22000000002654,1.0
13023,130.23000000002654,1.0
13024,130.24000000002653,1.0
13025,130.25000000002652,1.0
13026,130.2600000000265,1.0
13027,130.2700000000265,1.0
13028,130.2800000000265,1.0
13029,130.29000000002648,1.0
13030,130.30000000002647,1.0
13031,130.31000000002646,1.0
13032,130.32000000002645,1.0
13033,130.33000000002644,1.0
13034,130.34000000002644,1.0
13035,130.35000000002643,1.0
13036,130.36000000002642,1.0
13037,130.3700000000264,1.0
13038,130.3800000000264,1.0
13039,130.3900000000264,1.0
13040,130.40000000002638,1.0
13041,130.41000000002637,1.0
13042,130.42000000002636,1.0
13043,130.43000000002635,1.0
13044,130.44000000002634,1.0
13045,130.45000000002634,1.0
13046,130.46000000002633,1.0
13047,130.47000000002632,1.0
13048,130.4800000000263,1.0
13049,130.4900000000263,1.0
13050,130.5000000000263,1.0
13051,130.51000000002628,1.0
13052,130.52000000002627,1.0
13053,130.53000000002626,1.0
13054,130.54000000002625,1.0
13055,130.55000000002624,1.0
13056,130.56000000002624,1.0
13057,130.57000000002623,1.0
13058,130.58000000002622,1.0
13059,130.5900000000262,1.0
13060,130.6000000000262,1.0
13061,130.6100000000262,1.0
13062,130.62000000002618,1.0
13063,130.63000000002617,1.0
13064,130.64000000002616,1.0
13065,130.65000000002615,1.0
13066,130.66000000002614,1.0
13067,130.67000000002614,1.0
13068,130.68000000002613,1.0
13069,130.69000000002612,1.0
13070,130.7000000000261,1.0
13071,130.7100000000261,1.0
13072,130.7200000000261,1.0
13073,130.73000000002608,1.0
13074,130.74000000002607,1.0
13075,130.75000000002606,1.0
13076,130.76000000002605,1.0
13077,130.77000000002604,1.0
13078,130.78000000002604,1.0
13079,130.79000000002603,1.0
13080,130.80000000002602,1.0
13081,130.810000000026,1.0
13082,130.820000000026,1.0
13083,130.830000000026,1.0
13084,130.84000000002598,1.0
13085,130.85000000002597,1.0
13086,130.86000000002596,1.0
13087,130.87000000002595,1.0
13088,130.88000000002594,1.0
13089,130.89000000002594,1.0
13090,130.90000000002593,1.0
13091,130.91000000002592,1.0
13092,130.9200000000259,1.0
13093,130.9300000000259,1.0
13094,130.9400000000259,1.0
13095,130.95000000002588,1.0
13096,130.96000000002587,1.0
13097,130.97000000002586,1.0
13098,130.98000000002585,1.0
13099,130.99000000002584,1.0
13100,131.00000000002584,1.0
13101,131.01000000002583,1.0
13102,131.02000000002582,1.0
13103,131.0300000000258,1.0
13104,131.0400000000258,1.0
13105,131.0500000000258,1.0
13106,131.06000000002578,1.0
13107,131.07000000002577,1.0
13108,131.08000000002576,1.0
13109,131.09000000002575,1.0
13110,131.10000000002574,1.0
13111,131.11000000002574,1.0
13112,131.12000000002573,1.0
13113,131.13000000002572,1.0
13114,131.1400000000257,1.0
13115,131.1500000000257,1.0
13116,131.1600000000257,1.0
13117,131.17000000002568,1.0
13118,131.18000000002567,1.0
13119,131.19000000002566,1.0
13120,131.20000000002565,1.0
13121,131.21000000002564,1.0
13122,131.22000000002564,1.0
13123,131.23000000002563,1.0
13124,131.24000000002562,1.0
13125,131.2500000000256,1.0
13126,131.2600000000256,1.0
13127,131.2700000000256,1.0
13128,131.28000000002558,1.0
13129,131.29000000002557,1.0
13130,131.30000000002556,1.0
13131,131.31000000002555,1.0
13132,131.32000000002554,1.0
13133,131.33000000002554,1.0
13134,131.34000000002553,1.0
13135,131.35000000002552,1.0
13136,131.3600000000255,1.0
13137,131.3700000000255,1.0
13138,131.3800000000255,1.0
13139,131.39000000002548,1.0
13140,131.40000000002547,1.0
13141,131.41000000002546,1.0
13142,131.42000000002545,1.0
13143,131.43000000002544,1.0
13144,131.44000000002544,1.0
13145,131.45000000002543,1.0
13146,131.46000000002542,1.0
13147,131.4700000000254,1.0
13148,131.4800000000254,1.0
13149,131.4900000000254,1.0
13150,131.50000000002538,1.0
13151,131.51000000002537,1.0
13152,131.52000000002536,1.0
13153,131.53000000002535,1.0
13154,131.54000000002534,1.0
13155,131.55000000002534,1.0
13156,131.56000000002533,1.0
13157,131.57000000002532,1.0
13158,131.5800000000253,1.0
13159,131.5900000000253,1.0
13160,131.6000000000253,1.0
13161,131.61000000002528,1.0
13162,131.62000000002527,1.0
13163,131.63000000002526,1.0
13164,131.64000000002525,1.0
13165,131.65000000002524,1.0
13166,131.66000000002524,1.0
13167,131.67000000002523,1.0
13168,131.68000000002522,1.0
13169,131.6900000000252,1.0
13170,131.7000000000252,1.0
13171,131.7100000000252,1.0
13172,131.72000000002518,1.0
13173,131.73000000002517,1.0
13174,131.74000000002516,1.0
13175,131.75000000002515,1.0
13176,131.76000000002514,1.0
13177,131.77000000002514,1.0
13178,131.78000000002513,1.0
13179,131.79000000002512,1.0
13180,131.8000000000251,1.0
13181,131.8100000000251,1.0
13182,131.8200000000251,1.0
13183,131.83000000002508,1.0
13184,131.84000000002507,1.0
13185,131.85000000002506,1.0
13186,131.86000000002505,1.0
13187,131.87000000002504,1.0
13188,131.88000000002503,1.0
13189,131.89000000002503,1.0
13190,131.90000000002502,1.0
13191,131.910000000025,1.0
13192,131.920000000025,1.0
13193,131.930000000025,1.0
13194,131.94000000002498,1.0
13195,131.95000000002497,1.0
13196,131.96000000002496,1.0
13197,131.97000000002495,1.0
13198,131.98000000002494,1.0
13199,131.99000000002493,1.0
13200,132.00000000002493,1.0
13201,132.01000000002492,1.0
13202,132.0200000000249,1.0
13203,132.0300000000249,1.0
13204,132.0400000000249,1.0
13205,132.05000000002488,1.0
13206,132.06000000002487,1.0
13207,132.07000000002486,1.0
13208,132.08000000002485,1.0
13209,132.09000000002484,1.0
13210,132.10000000002483,1.0
13211,132.11000000002483,1.0
13212,132.12000000002482,1.0
13213,132.1300000000248,1.0
13214,132.1400000000248,1.0
13215,132.1500000000248,1.0
13216,132.16000000002478,1.0
13217,132.17000000002477,1.0
13218,132.18000000002476,1.0
13219,132.19000000002475,1.0
13220,132.20000000002474,1.0
13221,132.21000000002473,1.0
13222,132.22000000002473,1.0
13223,132.23000000002472,1.0
13224,132.2400000000247,1.0
13225,132.2500000000247,1.0
13226,132.2600000000247,1.0
13227,132.27000000002468,1.0
13228,132.28000000002467,1.0
13229,132.29000000002466,1.0
13230,132.30000000002465,1.0
13231,132.31000000002464,1.0
13232,132.32000000002463,1.0
13233,132.33000000002463,1.0
13234,132.34000000002462,1.0
13235,132.3500000000246,1.0
13236,132.3600000000246,1.0
13237,132.3700000000246,1.0
13238,132.38000000002458,1.0
13239,132.39000000002457,1.0
13240,132.40000000002456,1.0
13241,132.41000000002455,1.0
13242,132.42000000002454,1.0
13243,132.43000000002453,1.0
13244,132.44000000002453,1.0
13245,132.45000000002452,1.0
13246,132.4600000000245,1.0
13247,132.4700000000245,1.0
13248,132.4800000000245,1.0
13249,132.49000000002448,1.0
13250,132.50000000002447,1.0
13251,132.51000000002446,1.0
13252,132.52000000002445,1.0
13253,132.53000000002444,1.0
13254,132.54000000002443,1.0
13255,132.55000000002443,1.0
13256,132.56000000002442,1.0
13257,132.5700000000244,1.0
13258,132.5800000000244,1.0
13259,132.5900000000244,1.0
13260,132.60000000002438,1.0
13261,132.61000000002437,1.0
13262,132.62000000002436,1.0
13263,132.63000000002435,1.0
13264,132.64000000002434,1.0
13265,132.65000000002433,1.0
13266,132.66000000002433,1.0
13267,132.67000000002432,1.0
13268,132.6800000000243,1.0
13269,132.6900000000243,1.0
13270,132.7000000000243,1.0
13271,132.71000000002428,1.0
13272,132.72000000002427,1.0
13273,132.73000000002426,1.0
13274,132.74000000002425,1.0
13275,132.75000000002424,1.0
13276,132.76000000002423,1.0
13277,132.77000000002423,1.0
13278,132.78000000002422,1.0
13279,132.7900000000242,1.0
13280,132.8000000000242,1.0
13281,132.8100000000242,1.0
13282,132.82000000002418,1.0
13283,132.83000000002417,1.0
13284,132.84000000002416,1.0
13285,132.85000000002415,1.0
13286,132.86000000002414,1.0
13287,132.87000000002413,1.0
13288,132.88000000002413,1.0
13289,132.89000000002412,1.0
13290,132.9000000000241,1.0
13291,132.9100000000241,1.0
13292,132.9200000000241,1.0
13293,132.93000000002408,1.0
13294,132.94000000002407,1.0
13295,132.95000000002406,1.0
13296,132.96000000002405,1.0
13297,132.97000000002404,1.0
13298,132.98000000002403,1.0
13299,132.99000000002403,1.0
13300,133.00000000002402,1.0
13301,133.010000000024,1.0
13302,133.020000000024,1.0
13303,133.030000000024,1.0
13304,133.04000000002398,1.0
13305,133.05000000002397,1.0
13306,133.06000000002396,1.0
13307,133.07000000002395,1.0
13308,133.08000000002394,1.0
13309,133.09000000002393,1.0
13310,133.10000000002393,1.0
13311,133.11000000002392,1.0
13312,133.1200000000239,1.0
13313,133.1300000000239,1.0
13314,133.1400000000239,1.0
13315,133.15000000002388,1.0
13316,133.16000000002387,1.0
13317,133.17000000002386,1.0
13318,133.18000000002385,1.0
13319,133.19000000002384,1.0
13320,133.20000000002383,1.0
13321,133.21000000002383,1.0
13322,133.22000000002382,1.0
13323,133.2300000000238,1.0
13324,133.2400000000238,1.0
13325,133.2500000000238,1.0
13326,133.26000000002378,1.0
13327,133.27000000002377,1.0
13328,133.28000000002376,1.0
13329,133.29000000002375,1.0
13330,133.30000000002374,1.0
13331,133.31000000002373,1.0
13332,133.32000000002373,1.0
13333,133.33000000002372,1.0
13334,133.3400000000237,1.0
13335,133.3500000000237,1.0
13336,133.3600000000237,1.0
13337,133.37000000002368,1.0
13338,133.38000000002367,1.0
13339,133.39000000002366,1.0
13340,133.40000000002365,1.0
13341,133.41000000002364,1.0
13342,133.42000000002363,1.0
13343,133.43000000002363,1.0
13344,133.44000000002362,1.0
13345,133.4500000000236,1.0
13346,133.4600000000236,1.0
13347,133.4700000000236,1.0
13348,133.48000000002358,1.0
13349,133.49000000002357,1.0
13350,133.50000000002356,1.0
13351,133.51000000002355,1.0
13352,133.52000000002354,1.0
13353,133.53000000002353,1.0
13354,133.54000000002353,1.0
13355,133.55000000002352,1.0
13356,133.5600000000235,1.0
13357,133.5700000000235,1.0
13358,133.5800000000235,1.0
13359,133.59000000002348,1.0
13360,133.60000000002347,1.0
13361,133.61000000002346,1.0
13362,133.62000000002345,1.0
13363,133.63000000002344,1.0
13364,133.64000000002343,1.0
13365,133.65000000002343,1.0
13366,133.66000000002342,1.0
13367,133.6700000000234,1.0
13368,133.6800000000234,1.0
13369,133.6900000000234,1.0
13370,133.70000000002338,1.0
13371,133.71000000002337,1.0
13372,133.72000000002336,1.0
13373,133.73000000002335,1.0
13374,133.74000000002334,1.0
13375,133.75000000002333,1.0
13376,133.76000000002333,1.0
13377,133.77000000002332,1.0
13378,133.7800000000233,1.0
13379,133.7900000000233,1.0
13380,133.8000000000233,1.0
13381,133.81000000002328,1.0
13382,133.82000000002327,1.0
13383,133.83000000002326,1.0
13384,133.84000000002325,1.0
13385,133.85000000002324,1.0
13386,133.86000000002323,1.0
13387,133.87000000002323,1.0
13388,133.88000000002322,1.0
13389,133.8900000000232,1.0
13390,133.9000000000232,1.0
13391,133.9100000000232,1.0
13392,133.92000000002318,1.0
13393,133.93000000002317,1.0
13394,133.94000000002316,1.0
13395,133.95000000002315,1.0
13396,133.96000000002314,1.0
13397,133.97000000002313,1.0
13398,133.98000000002313,1.0
13399,133.99000000002312,1.0
13400,134.0000000000231,1.0
13401,134.0100000000231,1.0
13402,134.0200000000231,1.0
13403,134.03000000002308,1.0
13404,134.04000000002307,1.0
13405,134.05000000002306,1.0
13406,134.06000000002305,1.0
13407,134.07000000002304,1.0
13408,134.08000000002303,1.0
13409,134.09000000002302,1.0
13410,134.10000000002302,1.0
13411,134.110000000023,1.0
13412,134.120000000023,1.0
13413,134.130000000023,1.0
13414,134.14000000002298,1.0
13415,134.15000000002297,1.0
13416,134.16000000002296,1.0
13417,134.17000000002295,1.0
13418,134.18000000002294,1.0
13419,134.19000000002293,1.0
13420,134.20000000002292,1.0
13421,134.21000000002292,1.0
13422,134.2200000000229,1.0
13423,134.2300000000229,1.0
13424,134.2400000000229,1.0
13425,134.25000000002288,1.0
13426,134.26000000002287,1.0
13427,134.27000000002286,1.0
13428,134.28000000002285,1.0
13429,134.29000000002284,1.0
13430,134.30000000002283,1.0
13431,134.31000000002282,1.0
13432,134.32000000002282,1.0
13433,134.3300000000228,1.0
13434,134.3400000000228,1.0
13435,134.3500000000228,1.0
13436,134.36000000002278,1.0
13437,134.37000000002277,1.0
13438,134.38000000002276,1.0
13439,134.39000000002275,1.0
13440,134.40000000002274,1.0
13441,134.41000000002273,1.0
13442,134.42000000002272,1.0
13443,134.43000000002272,1.0
13444,134.4400000000227,1.0
13445,134.4500000000227,1.0
13446,134.4600000000227,1.0
13447,134.47000000002268,1.0
13448,134.48000000002267,1.0
13449,134.49000000002266,1.0
13450,134.50000000002265,1.0
13451,134.51000000002264,1.0
13452,134.52000000002263,1.0
13453,134.53000000002262,1.0
13454,134.54000000002262,1.0
13455,134.5500000000226,1.0
13456,134.5600000000226,1.0
13457,134.5700000000226,1.0
13458,134.58000000002258,1.0
13459,134.59000000002257,1.0
13460,134.60000000002256,1.0
13461,134.61000000002255,1.0
13462,134.62000000002254,1.0
13463,134.63000000002253,1.0
13464,134.64000000002252,1.0
13465,134.65000000002252,1.0
13466,134.6600000000225,1.0
13467,134.6700000000225,1.0
13468,134.6800000000225,1.0
13469,134.69000000002248,1.0
13470,134.70000000002247,1.0
13471,134.71000000002246,1.0
13472,134.72000000002245,1.0
13473,134.73000000002244,1.0
13474,134.74000000002243,1.0
13475,134.75000000002242,1.0
13476,134.76000000002242,1.0
13477,134.7700000000224,1.0
13478,134.7800000000224,1.0
13479,134.7900000000224,1.0
13480,134.80000000002238,1.0
13481,134.81000000002237,1.0
13482,134.82000000002236,1.0
13483,134.83000000002235,1.0
13484,134.84000000002234,1.0
13485,134.85000000002233,1.0
13486,134.86000000002232,1.0
13487,134.87000000002232,1.0
13488,134.8800000000223,1.0
13489,134.8900000000223,1.0
13490,134.9000000000223,1.0
13491,134.91000000002228,1.0
13492,134.92000000002227,1.0
13493,134.93000000002226,1.0
13494,134.94000000002225,1.0
13495,134.95000000002224,1.0
13496,134.96000000002223,1.0
13497,134.97000000002222,1.0
13498,134.98000000002222,1.0
13499,134.9900000000222,1.0
13500,135.0000000000222,1.0
13501,135.0100000000222,1.0
13502,135.02000000002218,1.0
13503,135.03000000002217,1.0
13504,135.04000000002216,1.0
13505,135.05000000002215,1.0
13506,135.06000000002214,1.0
13507,135.07000000002213,1.0
13508,135.08000000002212,1.0
13509,135.09000000002212,1.0
13510,135.1000000000221,1.0
13511,135.1100000000221,1.0
13512,135.1200000000221,1.0
13513,135.13000000002208,1.0
13514,135.14000000002207,1.0
13515,135.15000000002206,1.0
13516,135.16000000002205,1.0
13517,135.17000000002204,1.0
13518,135.18000000002203,1.0
13519,135.19000000002202,1.0
13520,135.20000000002202,1.0
13521,135.210000000022,1.0
13522,135.220000000022,1.0
13523,135.230000000022,1.0
13524,135.24000000002198,1.0
13525,135.25000000002197,1.0
13526,135.26000000002196,1.0
13527,135.27000000002195,1.0
13528,135.28000000002194,1.0
13529,135.29000000002193,1.0
13530,135.30000000002192,1.0
13531,135.31000000002192,1.0
13532,135.3200000000219,1.0
13533,135.3300000000219,1.0
13534,135.3400000000219,1.0
13535,135.35000000002188,1.0
13536,135.36000000002187,1.0
13537,135.37000000002186,1.0
13538,135.38000000002185,1.0
13539,135.39000000002184,1.0
13540,135.40000000002183,1.0
13541,135.41000000002182,1.0
13542,135.42000000002182,1.0
13543,135.4300000000218,1.0
13544,135.4400000000218,1.0
13545,135.4500000000218,1.0
13546,135.46000000002178,1.0
13547,135.47000000002177,1.0
13548,135.48000000002176,1.0
13549,135.49000000002175,1.0
13550,135.50000000002174,1.0
13551,135.51000000002173,1.0
13552,135.52000000002172,1.0
13553,135.53000000002172,1.0
13554,135.5400000000217,1.0
13555,135.5500000000217,1.0
13556,135.5600000000217,1.0
13557,135.57000000002168,1.0
13558,135.58000000002167,1.0
13559,135.59000000002166,1.0
13560,135.60000000002165,1.0
13561,135.61000000002164,1.0
13562,135.62000000002163,1.0
13563,135.63000000002162,1.0
13564,135.64000000002162,1.0
13565,135.6500000000216,1.0
13566,135.6600000000216,1.0
13567,135.6700000000216,1.0
13568,135.68000000002158,1.0
13569,135.69000000002157,1.0
13570,135.70000000002156,1.0
13571,135.71000000002155,1.0
13572,135.72000000002154,1.0
13573,135.73000000002153,1.0
13574,135.74000000002152,1.0
13575,135.75000000002152,1.0
13576,135.7600000000215,1.0
13577,135.7700000000215,1.0
13578,135.7800000000215,1.0
13579,135.79000000002148,1.0
13580,135.80000000002147,1.0
13581,135.81000000002146,1.0
13582,135.82000000002145,1.0
13583,135.83000000002144,1.0
13584,135.84000000002143,1.0
13585,135.85000000002142,1.0
13586,135.86000000002142,1.0
13587,135.8700000000214,1.0
13588,135.8800000000214,1.0
13589,135.8900000000214,1.0
13590,135.90000000002138,1.0
13591,135.91000000002137,1.0
13592,135.92000000002136,1.0
13593,135.93000000002135,1.0
13594,135.94000000002134,1.0
13595,135.95000000002133,1.0
13596,135.96000000002132,1.0
13597,135.97000000002132,1.0
13598,135.9800000000213,1.0
13599,135.9900000000213,1.0
13600,136.0000000000213,1.0
13601,136.01000000002128,1.0
13602,136.02000000002127,1.0
13603,136.03000000002126,1.0
13604,136.04000000002125,1.0
13605,136.05000000002124,1.0
13606,136.06000000002123,1.0
13607,136.07000000002122,1.0
13608,136.08000000002122,1.0
13609,136.0900000000212,1.0
13610,136.1000000000212,1.0
13611,136.1100000000212,1.0
13612,136.12000000002118,1.0
13613,136.13000000002117,1.0
13614,136.14000000002116,1.0
13615,136.15000000002115,1.0
13616,136.16000000002114,1.0
13617,136.17000000002113,1.0
13618,136.18000000002112,1.0
13619,136.19000000002112,1.0
13620,136.2000000000211,1.0
13621,136.2100000000211,1.0
13622,136.2200000000211,1.0
13623,136.23000000002108,1.0
13624,136.24000000002107,1.0
13625,136.25000000002106,1.0
13626,136.26000000002105,1.0
13627,136.27000000002104,1.0
13628,136.28000000002103,1.0
13629,136.29000000002102,1.0
13630,136.30000000002102,1.0
13631,136.310000000021,1.0
13632,136.320000000021,1.0
13633,136.330000000021,1.0
13634,136.34000000002098,1.0
13635,136.35000000002097,1.0
13636,136.36000000002096,1.0
13637,136.37000000002095,1.0
13638,136.38000000002094,1.0
13639,136.39000000002093,1.0
13640,136.40000000002092,1.0
13641,136.41000000002091,1.0
13642,136.4200000000209,1.0
13643,136.4300000000209,1.0
13644,136.4400000000209,1.0
13645,136.45000000002088,1.0
13646,136.46000000002087,1.0
13647,136.47000000002086,1.0
13648,136.48000000002085,1.0
13649,136.49000000002084,1.0
13650,136.50000000002083,1.0
13651,136.51000000002082,1.0
13652,136.52000000002081,1.0
13653,136.5300000000208,1.0
13654,136.5400000000208,1.0
13655,136.5500000000208,1.0
13656,136.56000000002078,1.0
13657,136.57000000002077,1.0
13658,136.58000000002076,1.0
13659,136.59000000002075,1.0
13660,136.60000000002074,1.0
13661,136.61000000002073,1.0
13662,136.62000000002072,1.0
13663,136.63000000002071,1.0
13664,136.6400000000207,1.0
13665,136.6500000000207,1.0
13666,136.6600000000207,1.0
13667,136.67000000002068,1.0
13668,136.68000000002067,1.0
13669,136.69000000002066,1.0
13670,136.70000000002065,1.0
13671,136.71000000002064,1.0
13672,136.72000000002063,1.0
13673,136.73000000002062,1.0
13674,136.74000000002061,1.0
13675,136.7500000000206,1.0
13676,136.7600000000206,1.0
13677,136.7700000000206,1.0
13678,136.78000000002058,1.0
13679,136.79000000002057,1.0
13680,136.80000000002056,1.0
13681,136.81000000002055,1.0
13682,136.82000000002054,1.0
13683,136.83000000002053,1.0
13684,136.84000000002052,1.0
13685,136.85000000002051,1.0
13686,136.8600000000205,1.0
13687,136.8700000000205,1.0
13688,136.8800000000205,1.0
13689,136.89000000002048,1.0
13690,136.90000000002047,1.0
13691,136.91000000002046,1.0
13692,136.92000000002045,1.0
13693,136.93000000002044,1.0
13694,136.94000000002043,1.0
13695,136.95000000002042,1.0
13696,136.96000000002041,1.0
13697,136.9700000000204,1.0
13698,136.9800000000204,1.0
13699,136.9900000000204,1.0
13700,137.00000000002038,1.0
13701,137.01000000002037,1.0
13702,137.02000000002036,1.0
13703,137.03000000002035,1.0
13704,137.04000000002034,1.0
13705,137.05000000002033,1.0
13706,137.06000000002032,1.0
13707,137.07000000002031,1.0
13708,137.0800000000203,1.0
13709,137.0900000000203,1.0
13710,137.1000000000203,1.0
13711,137.11000000002028,1.0
13712,137.12000000002027,1.0
13713,137.13000000002026,1.0
13714,137.14000000002025,1.0
13715,137.15000000002024,1.0
13716,137.16000000002023,1.0
13717,137.17000000002022,1.0
13718,137.18000000002021,1.0
13719,137.1900000000202,1.0
13720,137.2000000000202,1.0
13721,137.2100000000202,1.0
13722,137.22000000002018,1.0
13723,137.23000000002017,1.0
13724,137.24000000002016,1.0
13725,137.25000000002015,1.0
13726,137.26000000002014,1.0
13727,137.27000000002013,1.0
13728,137.28000000002012,1.0
13729,137.29000000002011,1.0
13730,137.3000000000201,1.0
13731,137.3100000000201,1.0
13732,137.3200000000201,1.0
13733,137.33000000002008,1.0
13734,137.34000000002007,1.0
13735,137.35000000002006,1.0
13736,137.36000000002005,1.0
13737,137.37000000002004,1.0
13738,137.38000000002003,1.0
13739,137.39000000002002,1.0
13740,137.40000000002001,1.0
13741,137.41000000002,1.0
13742,137.42000000002,1.0
13743,137.43000000002,1.0
13744,137.44000000001998,1.0
13745,137.45000000001997,1.0
13746,137.46000000001996,1.0
13747,137.47000000001995,1.0
13748,137.48000000001994,1.0
13749,137.49000000001993,1.0
13750,137.50000000001992,1.0
13751,137.51000000001991,1.0
13752,137.5200000000199,1.0
13753,137.5300000000199,1.0
13754,137.5400000000199,1.0
13755,137.55000000001988,1.0
13756,137.56000000001987,1.0
13757,137.57000000001986,1.0
13758,137.58000000001985,1.0
13759,137.59000000001984,1.0
13760,137.60000000001983,1.0
13761,137.61000000001982,1.0
13762,137.62000000001981,1.0
13763,137.6300000000198,1.0
13764,137.6400000000198,1.0
13765,137.6500000000198,1.0
13766,137.66000000001978,1.0
13767,137.67000000001977,1.0
13768,137.68000000001976,1.0
13769,137.69000000001975,1.0
13770,137.70000000001974,1.0
13771,137.71000000001973,1.0
13772,137.72000000001972,1.0
13773,137.73000000001971,1.0
13774,137.7400000000197,1.0
13775,137.7500000000197,1.0
13776,137.7600000000197,1.0
13777,137.77000000001968,1.0
13778,137.78000000001967,1.0
13779,137.79000000001966,1.0
13780,137.80000000001965,1.0
13781,137.81000000001964,1.0
13782,137.82000000001963,1.0
13783,137.83000000001962,1.0
13784,137.84000000001961,1.0
13785,137.8500000000196,1.0
13786,137.8600000000196,1.0
13787,137.8700000000196,1.0
13788,137.88000000001958,1.0
13789,137.89000000001957,1.0
13790,137.90000000001956,1.0
13791,137.91000000001955,1.0
13792,137.92000000001954,1.0
13793,137.93000000001953,1.0
13794,137.94000000001952,1.0
13795,137.95000000001951,1.0
13796,137.9600000000195,1.0
13797,137.9700000000195,1.0
13798,137.9800000000195,1.0
13799,137.99000000001948,1.0
13800,138.00000000001947,1.0
13801,138.01000000001946,1.0
13802,138.02000000001945,1.0
13803,138.03000000001944,1.0
13804,138.04000000001943,1.0
13805,138.05000000001942,1.0
13806,138.06000000001941,1.0
13807,138.0700000000194,1.0
13808,138.0800000000194,1.0
13809,138.0900000000194,1.0
13810,138.10000000001938,1.0
13811,138.11000000001937,1.0
13812,138.12000000001936,1.0
13813,138.13000000001935,1.0
13814,138.14000000001934,1.0
13815,138.15000000001933,1.0
13816,138.16000000001932,1.0
13817,138.17000000001931,1.0
13818,138.1800000000193,1.0
13819,138.1900000000193,1.0
13820,138.2000000000193,1.0
13821,138.21000000001928,1.0
13822,138.22000000001927,1.0
13823,138.23000000001926,1.0
13824,138.24000000001925,1.0
13825,138.25000000001924,1.0
13826,138.26000000001923,1.0
13827,138.27000000001922,1.0
13828,138.28000000001921,1.0
13829,138.2900000000192,1.0
13830,138.3000000000192,1.0
13831,138.3100000000192,1.0
13832,138.32000000001918,1.0
13833,138.33000000001917,1.0
13834,138.34000000001916,1.0
13835,138.35000000001915,1.0
13836,138.36000000001914,1.0
13837,138.37000000001913,1.0
13838,138.38000000001912,1.0
13839,138.3900000000191,1.0
13840,138.4000000000191,1.0
13841,138.4100000000191,1.0
13842,138.4200000000191,1.0
13843,138.43000000001908,1.0
13844,138.44000000001907,1.0
13845,138.45000000001906,1.0
13846,138.46000000001905,1.0
13847,138.47000000001904,1.0
13848,138.48000000001903,1.0
13849,138.49000000001902,1.0
13850,138.500000000019,1.0
13851,138.510000000019,1.0
13852,138.520000000019,1.0
13853,138.530000000019,1.0
13854,138.54000000001898,1.0
13855,138.55000000001897,1.0
13856,138.56000000001896,1.0
13857,138.57000000001895,1.0
13858,138.58000000001894,1.0
13859,138.59000000001893,1.0
13860,138.60000000001892,1.0
13861,138.6100000000189,1.0
13862,138.6200000000189,1.0
13863,138.6300000000189,1.0
13864,138.6400000000189,1.0
13865,138.65000000001888,1.0
13866,138.66000000001887,1.0
13867,138.67000000001886,1.0
13868,138.68000000001885,1.0
13869,138.69000000001884,1.0
13870,138.70000000001883,1.0
13871,138.71000000001882,1.0
13872,138.7200000000188,1.0
13873,138.7300000000188,1.0
13874,138.7400000000188,1.0
13875,138.7500000000188,1.0
13876,138.76000000001878,1.0
13877,138.77000000001877,1.0
13878,138.78000000001876,1.0
13879,138.79000000001875,1.0
13880,138.80000000001874,1.0
13881,138.81000000001873,1.0
13882,138.82000000001872,1.0
13883,138.8300000000187,1.0
13884,138.8400000000187,1.0
13885,138.8500000000187,1.0
13886,138.8600000000187,1.0
13887,138.87000000001868,1.0
13888,138.88000000001867,1.0
13889,138.89000000001866,1.0
13890,138.90000000001865,1.0
13891,138.91000000001864,1.0
13892,138.92000000001863,1.0
13893,138.93000000001862,1.0
13894,138.9400000000186,1.0
13895,138.9500000000186,1.0
13896,138.9600000000186,1.0
13897,138.9700000000186,1.0
13898,138.98000000001858,1.0
13899,138.99000000001857,1.0
13900,139.00000000001856,1.0
13901,139.01000000001855,1.0
13902,139.02000000001854,1.0
13903,139.03000000001853,1.0
13904,139.04000000001852,1.0
13905,139.0500000000185,1.0
13906,139.0600000000185,1.0
13907,139.0700000000185,1.0
13908,139.0800000000185,1.0
13909,139.09000000001848,1.0
13910,139.10000000001847,1.0
13911,139.11000000001846,1.0
13912,139.12000000001845,1.0
13913,139.13000000001844,1.0
13914,139.14000000001843,1.0
13915,139.15000000001842,1.0
13916,139.1600000000184,1.0
13917,139.1700000000184,1.0
13918,139.1800000000184,1.0
13919,139.1900000000184,1.0
13920,139.20000000001838,1.0
13921,139.21000000001837,1.0
13922,139.22000000001836,1.0
13923,139.23000000001835,1.0
13924,139.24000000001834,1.0
13925,139.25000000001833,1.0
13926,139.26000000001832,1.0
13927,139.2700000000183,1.0
13928,139.2800000000183,1.0
13929,139.2900000000183,1.0
13930,139.3000000000183,1.0
13931,139.31000000001828,1.0
13932,139.32000000001827,1.0
13933,139.33000000001826,1.0
13934,139.34000000001825,1.0
13935,139.35000000001824,1.0
13936,139.36000000001823,1.0
13937,139.37000000001822,1.0
13938,139.3800000000182,1.0
13939,139.3900000000182,1.0
13940,139.4000000000182,1.0
13941,139.4100000000182,1.0
13942,139.42000000001818,1.0
13943,139.43000000001817,1.0
13944,139.44000000001816,1.0
13945,139.45000000001815,1.0
13946,139.46000000001814,1.0
13947,139.47000000001813,1.0
13948,139.48000000001812,1.0
13949,139.4900000000181,1.0
13950,139.5000000000181,1.0
13951,139.5100000000181,1.0
13952,139.5200000000181,1.0
13953,139.53000000001808,1.0
13954,139.54000000001807,1.0
13955,139.55000000001806,1.0
13956,139.56000000001805,1.0
13957,139.57000000001804,1.0
13958,139.58000000001803,1.0
13959,139.59000000001802,1.0
13960,139.600000000018,1.0
13961,139.610000000018,1.0
13962,139.620000000018,1.0
13963,139.630000000018,1.0
13964,139.64000000001798,1.0
13965,139.65000000001797,1.0
13966,139.66000000001796,1.0
13967,139.67000000001795,1.0
13968,139.68000000001794,1.0
13969,139.69000000001793,1.0
13970,139.70000000001792,1.0
13971,139.7100000000179,1.0
13972,139.7200000000179,1.0
13973,139.7300000000179,1.0
13974,139.7400000000179,1.0
13975,139.75000000001788,1.0
13976,139.76000000001787,1.0
13977,139.77000000001786,1.0
13978,139.78000000001785,1.0
13979,139.79000000001784,1.0
13980,139.80000000001783,1.0
13981,139.81000000001782,1.0
13982,139.8200000000178,1.0
13983,139.8300000000178,1.0
13984,139.8400000000178,1.0
13985,139.8500000000178,1.0
13986,139.86000000001778,1.0
13987,139.87000000001777,1.0
13988,139.88000000001776,1.0
13989,139.89000000001775,1.0
13990,139.90000000001774,1.0
13991,139.91000000001773,1.0
13992,139.92000000001772,1.0
13993,139.9300000000177,1.0
13994,139.9400000000177,1.0
13995,139.9500000000177,1.0
13996,139.9600000000177,1.0
13997,139.97000000001768,1.0
13998,139.98000000001767,1.0
13999,139.99000000001766,1.0
14000,140.00000000001765,1.0
14001,140.01000000001764,1.0
14002,140.02000000001763,1.0
14003,140.03000000001762,1.0
14004,140.0400000000176,1.0
14005,140.0500000000176,1.0
14006,140.0600000000176,1.0
14007,140.0700000000176,1.0
14008,140.08000000001758,1.0
14009,140.09000000001757,1.0
14010,140.10000000001756,1.0
14011,140.11000000001755,1.0
14012,140.12000000001754,1.0
14013,140.13000000001753,1.0
14014,140.14000000001752,1.0
14015,140.1500000000175,1.0
14016,140.1600000000175,1.0
14017,140.1700000000175,1.0
14018,140.1800000000175,1.0
14019,140.19000000001748,1.0
14020,140.20000000001747,1.0
14021,140.21000000001746,1.0
14022,140.22000000001745,1.0
14023,140.23000000001744,1.0
14024,140.24000000001743,1.0
14025,140.25000000001742,1.0
14026,140.2600000000174,1.0
14027,140.2700000000174,1.0
14028,140.2800000000174,1.0
14029,140.2900000000174,1.0
14030,140.30000000001738,1.0
14031,140.31000000001737,1.0
14032,140.32000000001736,1.0
14033,140.33000000001735,1.0
14034,140.34000000001734,1.0
14035,140.35000000001733,1.0
14036,140.36000000001732,1.0
14037,140.3700000000173,1.0
14038,140.3800000000173,1.0
14039,140.3900000000173,1.0
14040,140.4000000000173,1.0
14041,140.41000000001728,1.0
14042,140.42000000001727,1.0
14043,140.43000000001726,1.0
14044,140.44000000001725,1.0
14045,140.45000000001724,1.0
14046,140.46000000001723,1.0
14047,140.47000000001722,1.0
14048,140.4800000000172,1.0
14049,140.4900000000172,1.0
14050,140.5000000000172,1.0
14051,140.5100000000172,1.0
14052,140.52000000001718,1.0
14053,140.53000000001717,1.0
14054,140.54000000001716,1.0
14055,140.55000000001715,1.0
14056,140.56000000001714,1.0
14057,140.57000000001713,1.0
14058,140.58000000001712,1.0
14059,140.5900000000171,1.0
14060,140.6000000000171,1.0
14061,140.6100000000171,1.0
14062,140.6200000000171,1.0
14063,140.63000000001708,1.0
14064,140.64000000001707,1.0
14065,140.65000000001706,1.0
14066,140.66000000001705,1.0
14067,140.67000000001704,1.0
14068,140.68000000001703,1.0
14069,140.69000000001702,1.0
14070,140.700000000017,1.0
14071,140.710000000017,1.0
14072,140.720000000017,1.0
14073,140.730000000017,1.0
14074,140.74000000001698,1.0
14075,140.75000000001697,1.0
14076,140.76000000001696,1.0
14077,140.77000000001695,1.0
14078,140.78000000001694,1.0
14079,140.79000000001693,1.0
14080,140.80000000001692,1.0
14081,140.8100000000169,1.0
14082,140.8200000000169,1.0
14083,140.8300000000169,1.0
14084,140.8400000000169,1.0
14085,140.85000000001688,1.0
14086,140.86000000001687,1.0
14087,140.87000000001686,1.0
14088,140.88000000001685,1.0
14089,140.89000000001684,1.0
14090,140.90000000001683,1.0
14091,140.91000000001682,1.0
14092,140.9200000000168,1.0
14093,140.9300000000168,1.0
14094,140.9400000000168,1.0
14095,140.9500000000168,1.0
14096,140.96000000001678,1.0
14097,140.97000000001677,1.0
14098,140.98000000001676,1.0
14099,140.99000000001675,1.0
14100,141.00000000001674,1.0
14101,141.01000000001673,1.0
14102,141.02000000001672,1.0
14103,141.0300000000167,1.0
14104,141.0400000000167,1.0
14105,141.0500000000167,1.0
14106,141.0600000000167,1.0
14107,141.07000000001668,1.0
14108,141.08000000001667,1.0
14109,141.09000000001666,1.0
14110,141.10000000001665,1.0
14111,141.11000000001664,1.0
14112,141.12000000001663,1.0
14113,141.13000000001662,1.0
14114,141.1400000000166,1.0
14115,141.1500000000166,1.0
14116,141.1600000000166,1.0
14117,141.17000000001659,1.0
14118,141.18000000001658,1.0
14119,141.19000000001657,1.0
14120,141.20000000001656,1.0
14121,141.21000000001655,1.0
14122,141.22000000001654,1.0
14123,141.23000000001653,1.0
14124,141.24000000001652,1.0
14125,141.2500000000165,1.0
14126,141.2600000000165,1.0
14127,141.2700000000165,1.0
14128,141.28000000001649,1.0
14129,141.29000000001648,1.0
14130,141.30000000001647,1.0
14131,141.31000000001646,1.0
14132,141.32000000001645,1.0
14133,141.33000000001644,1.0
14134,141.34000000001643,1.0
14135,141.35000000001642,1.0
14136,141.3600000000164,1.0
14137,141.3700000000164,1.0
14138,141.3800000000164,1.0
14139,141.39000000001639,1.0
14140,141.40000000001638,1.0
14141,141.41000000001637,1.0
14142,141.42000000001636,1.0
14143,141.43000000001635,1.0
14144,141.44000000001634,1.0
14145,141.45000000001633,1.0
14146,141.46000000001632,1.0
14147,141.4700000000163,1.0
14148,141.4800000000163,1.0
14149,141.4900000000163,1.0
14150,141.50000000001629,1.0
14151,141.51000000001628,1.0
14152,141.52000000001627,1.0
14153,141.53000000001626,1.0
14154,141.54000000001625,1.0
14155,141.55000000001624,1.0
14156,141.56000000001623,1.0
14157,141.57000000001622,1.0
14158,141.5800000000162,1.0
14159,141.5900000000162,1.0
14160,141.6000000000162,1.0
14161,141.61000000001619,1.0
14162,141.62000000001618,1.0
14163,141.63000000001617,1.0
14164,141.64000000001616,1.0
14165,141.65000000001615,1.0
14166,141.66000000001614,1.0
14167,141.67000000001613,1.0
14168,141.68000000001612,1.0
14169,141.6900000000161,1.0
14170,141.7000000000161,1.0
14171,141.7100000000161,1.0
14172,141.72000000001609,1.0
14173,141.73000000001608,1.0
14174,141.74000000001607,1.0
14175,141.75000000001606,1.0
14176,141.76000000001605,1.0
14177,141.77000000001604,1.0
14178,141.78000000001603,1.0
14179,141.79000000001602,1.0
14180,141.800000000016,1.0
14181,141.810000000016,1.0
14182,141.820000000016,1.0
14183,141.83000000001599,1.0
14184,141.84000000001598,1.0
14185,141.85000000001597,1.0
14186,141.86000000001596,1.0
14187,141.87000000001595,1.0
14188,141.88000000001594,1.0
14189,141.89000000001593,1.0
14190,141.90000000001592,1.0
14191,141.9100000000159,1.0
14192,141.9200000000159,1.0
14193,141.9300000000159,1.0
14194,141.94000000001589,1.0
14195,141.95000000001588,1.0
14196,141.96000000001587,1.0
14197,141.97000000001586,1.0
14198,141.98000000001585,1.0
14199,141.99000000001584,1.0
14200,142.00000000001583,1.0
14201,142.01000000001582,1.0
14202,142.0200000000158,1.0
14203,142.0300000000158,1.0
14204,142.0400000000158,1.0
14205,142.05000000001579,1.0
14206,142.06000000001578,1.0
14207,142.07000000001577,1.0
14208,142.08000000001576,1.0
14209,142.09000000001575,1.0
14210,142.10000000001574,1.0
14211,142.11000000001573,1.0
14212,142.12000000001572,1.0
14213,142.1300000000157,1.0
14214,142.1400000000157,1.0
14215,142.1500000000157,1.0
14216,142.16000000001569,1.0
14217,142.17000000001568,1.0
14218,142.18000000001567,1.0
14219,142.19000000001566,1.0
14220,142.20000000001565,1.0
14221,142.21000000001564,1.0
14222,142.22000000001563,1.0
14223,142.23000000001562,1.0
14224,142.2400000000156,1.0
14225,142.2500000000156,1.0
14226,142.2600000000156,1.0
14227,142.27000000001559,1.0
14228,142.28000000001558,1.0
14229,142.29000000001557,1.0
14230,142.30000000001556,1.0
14231,142.31000000001555,1.0
14232,142.32000000001554,1.0
14233,142.33000000001553,1.0
14234,142.34000000001552,1.0
14235,142.3500000000155,1.0
14236,142.3600000000155,1.0
14237,142.3700000000155,1.0
14238,142.38000000001549,1.0
14239,142.39000000001548,1.0
14240,142.40000000001547,1.0
14241,142.41000000001546,1.0
14242,142.42000000001545,1.0
14243,142.43000000001544,1.0
14244,142.44000000001543,1.0
14245,142.45000000001542,1.0
14246,142.4600000000154,1.0
14247,142.4700000000154,1.0
14248,142.4800000000154,1.0
14249,142.49000000001539,1.0
14250,142.50000000001538,1.0
14251,142.51000000001537,1.0
14252,142.52000000001536,1.0
14253,142.53000000001535,1.0
14254,142.54000000001534,1.0
14255,142.55000000001533,1.0
14256,142.56000000001532,1.0
14257,142.5700000000153,1.0
14258,142.5800000000153,1.0
14259,142.5900000000153,1.0
14260,142.60000000001529,1.0
14261,142.61000000001528,1.0
14262,142.62000000001527,1.0
14263,142.63000000001526,1.0
14264,142.64000000001525,1.0
14265,142.65000000001524,1.0
14266,142.66000000001523,1.0
14267,142.67000000001522,1.0
14268,142.6800000000152,1.0
14269,142.6900000000152,1.0
14270,142.7000000000152,1.0
14271,142.71000000001519,1.0
14272,142.72000000001518,1.0
14273,142.73000000001517,1.0
14274,142.74000000001516,1.0
14275,142.75000000001515,1.0
14276,142.76000000001514,1.0
14277,142.77000000001513,1.0
14278,142.78000000001512,1.0
14279,142.7900000000151,1.0
14280,142.8000000000151,1.0
14281,142.8100000000151,1.0
14282,142.82000000001509,1.0
14283,142.83000000001508,1.0
14284,142.84000000001507,1.0
14285,142.85000000001506,1.0
14286,142.86000000001505,1.0
14287,142.87000000001504,1.0
14288,142.88000000001503,1.0
14289,142.89000000001502,1.0
14290,142.900000000015,1.0
14291,142.910000000015,1.0
14292,142.920000000015,1.0
14293,142.93000000001499,1.0
14294,142.94000000001498,1.0
14295,142.95000000001497,1.0
14296,142.96000000001496,1.0
14297,142.97000000001495,1.0
14298,142.98000000001494,1.0
14299,142.99000000001493,1.0
14300,143.00000000001492,1.0
14301,143.0100000000149,1.0
14302,143.0200000000149,1.0
14303,143.0300000000149,1.0
14304,143.04000000001489,1.0
14305,143.05000000001488,1.0
14306,143.06000000001487,1.0
14307,143.07000000001486,1.0
14308,143.08000000001485,1.0
14309,143.09000000001484,1.0
14310,143.10000000001483,1.0
14311,143.11000000001482,1.0
14312,143.1200000000148,1.0
14313,143.1300000000148,1.0
14314,143.1400000000148,1.0
14315,143.15000000001478,1.0
14316,143.16000000001478,1.0
14317,143.17000000001477,1.0
14318,143.18000000001476,1.0
14319,143.19000000001475,1.0
14320,143.20000000001474,1.0
14321,143.21000000001473,1.0
14322,143.22000000001472,1.0
14323,143.2300000000147,1.0
14324,143.2400000000147,1.0
14325,143.2500000000147,1.0
14326,143.26000000001468,1.0
14327,143.27000000001468,1.0
14328,143.28000000001467,1.0
14329,143.29000000001466,1.0
14330,143.30000000001465,1.0
14331,143.31000000001464,1.0
14332,143.32000000001463,1.0
14333,143.33000000001462,1.0
14334,143.3400000000146,1.0
14335,143.3500000000146,1.0
14336,143.3600000000146,1.0
14337,143.37000000001458,1.0
14338,143.38000000001458,1.0
14339,143.39000000001457,1.0
14340,143.40000000001456,1.0
14341,143.41000000001455,1.0
14342,143.42000000001454,1.0
14343,143.43000000001453,1.0
14344,143.44000000001452,1.0
14345,143.4500000000145,1.0
14346,143.4600000000145,1.0
14347,143.4700000000145,1.0
14348,143.48000000001448,1.0
14349,143.49000000001448,1.0
14350,143.50000000001447,1.0
14351,143.51000000001446,1.0
14352,143.52000000001445,1.0
14353,143.53000000001444,1.0
14354,143.54000000001443,1.0
14355,143.55000000001442,1.0
14356,143.5600000000144,1.0
14357,143.5700000000144,1.0
14358,143.5800000000144,1.0
14359,143.59000000001438,1.0
14360,143.60000000001438,1.0
14361,143.61000000001437,1.0
14362,143.62000000001436,1.0
14363,143.63000000001435,1.0
14364,143.64000000001434,1.0
14365,143.65000000001433,1.0
14366,143.66000000001432,1.0
14367,143.6700000000143,1.0
14368,143.6800000000143,1.0
14369,143.6900000000143,1.0
14370,143.70000000001428,1.0
14371,143.71000000001428,1.0
14372,143.72000000001427,1.0
14373,143.73000000001426,1.0
14374,143.74000000001425,1.0
14375,143.75000000001424,1.0
14376,143.76000000001423,1.0
14377,143.77000000001422,1.0
14378,143.7800000000142,1.0
14379,143.7900000000142,1.0
14380,143.8000000000142,1.0
14381,143.81000000001418,1.0
14382,143.82000000001418,1.0
14383,143.83000000001417,1.0
14384,143.84000000001416,1.0
14385,143.85000000001415,1.0
14386,143.86000000001414,1.0
14387,143.87000000001413,1.0
14388,143.88000000001412,1.0
14389,143.8900000000141,1.0
14390,143.9000000000141,1.0
14391,143.9100000000141,1.0
14392,143.92000000001408,1.0
14393,143.93000000001408,1.0
14394,143.94000000001407,1.0
14395,143.95000000001406,1.0
14396,143.96000000001405,1.0
14397,143.97000000001404,1.0
14398,143.98000000001403,1.0
14399,143.99000000001402,1.0
14400,144.000000000014,1.0
14401,144.010000000014,1.0
14402,144.020000000014,1.0
14403,144.03000000001398,1.0
14404,144.04000000001398,1.0
14405,144.05000000001397,1.0
14406,144.06000000001396,1.0
14407,144.07000000001395,1.0
14408,144.08000000001394,1.0
14409,144.09000000001393,1.0
14410,144.10000000001392,1.0
14411,144.1100000000139,1.0
14412,144.1200000000139,1.0
14413,144.1300000000139,1.0
14414,144.14000000001388,1.0
14415,144.15000000001388,1.0
14416,144.16000000001387,1.0
14417,144.17000000001386,1.0
14418,144.18000000001385,1.0
14419,144.19000000001384,1.0
14420,144.20000000001383,1.0
14421,144.21000000001382,1.0
14422,144.2200000000138,1.0
14423,144.2300000000138,1.0
14424,144.2400000000138,1.0
14425,144.25000000001378,1.0
14426,144.26000000001378,1.0
14427,144.27000000001377,1.0
14428,144.28000000001376,1.0
14429,144.29000000001375,1.0
14430,144.30000000001374,1.0
14431,144.31000000001373,1.0
14432,144.32000000001372,1.0
14433,144.3300000000137,1.0
14434,144.3400000000137,1.0
14435,144.3500000000137,1.0
14436,144.36000000001368,1.0
14437,144.37000000001368,1.0
14438,144.38000000001367,1.0
14439,144.39000000001366,1.0
14440,144.40000000001365,1.0
14441,144.41000000001364,1.0
14442,144.42000000001363,1.0
14443,144.43000000001362,1.0
14444,144.4400000000136,1.0
14445,144.4500000000136,1.0
14446,144.4600000000136,1.0
14447,144.47000000001358,1.0
14448,144.48000000001358,1.0
14449,144.49000000001357,1.0
14450,144.50000000001356,1.0
14451,144.51000000001355,1.0
14452,144.52000000001354,1.0
14453,144.53000000001353,1.0
14454,144.54000000001352,1.0
14455,144.5500000000135,1.0
14456,144.5600000000135,1.0
14457,144.5700000000135,1.0
14458,144.58000000001348,1.0
14459,144.59000000001348,1.0
14460,144.60000000001347,1.0
14461,144.61000000001346,1.0
14462,144.62000000001345,1.0
14463,144.63000000001344,1.0
14464,144.64000000001343,1.0
14465,144.65000000001342,1.0
14466,144.6600000000134,1.0
14467,144.6700000000134,1.0
14468,144.6800000000134,1.0
14469,144.69000000001338,1.0
14470,144.70000000001338,1.0
14471,144.71000000001337,1.0
14472,144.72000000001336,1.0
14473,144.73000000001335,1.0
14474,144.74000000001334,1.0
14475,144.75000000001333,1.0
14476,144.76000000001332,1.0
14477,144.7700000000133,1.0
14478,144.7800000000133,1.0
14479,144.7900000000133,1.0
14480,144.80000000001328,1.0
14481,144.81000000001328,1.0
14482,144.82000000001327,1.0
14483,144.83000000001326,1.0
14484,144.84000000001325,1.0
14485,144.85000000001324,1.0
14486,144.86000000001323,1.0
14487,144.87000000001322,1.0
14488,144.8800000000132,1.0
14489,144.8900000000132,1.0
14490,144.9000000000132,1.0
14491,144.91000000001318,1.0
14492,144.92000000001318,1.0
14493,144.93000000001317,1.0
14494,144.94000000001316,1.0
14495,144.95000000001315,1.0
14496,144.96000000001314,1.0
14497,144.97000000001313,1.0
14498,144.98000000001312,1.0
14499,144.9900000000131,1.0
14500,145.0000000000131,1.0
14501,145.0100000000131,1.0
14502,145.02000000001308,1.0
14503,145.03000000001308,1.0
14504,145.04000000001307,1.0
14505,145.05000000001306,1.0
14506,145.06000000001305,1.0
14507,145.07000000001304,1.0
14508,145.08000000001303,1.0
14509,145.09000000001302,1.0
14510,145.100000000013,1.0
14511,145.110000000013,1.0
14512,145.120000000013,1.0
14513,145.13000000001298,1.0
14514,145.14000000001298,1.0
14515,145.15000000001297,1.0
14516,145.16000000001296,1.0
14517,145.17000000001295,1.0
14518,145.18000000001294,1.0
14519,145.19000000001293,1.0
14520,145.20000000001292,1.0
14521,145.2100000000129,1.0
14522,145.2200000000129,1.0
14523,145.2300000000129,1.0
14524,145.24000000001288,1.0
14525,145.25000000001288,1.0
14526,145.26000000001287,1.0
14527,145.27000000001286,1.0
14528,145.28000000001285,1.0
14529,145.29000000001284,1.0
14530,145.30000000001283,1.0
14531,145.31000000001282,1.0
14532,145.3200000000128,1.0
14533,145.3300000000128,1.0
14534,145.3400000000128,1.0
14535,145.35000000001278,1.0
14536,145.36000000001277,1.0
14537,145.37000000001277,1.0
14538,145.38000000001276,1.0
14539,145.39000000001275,1.0
14540,145.40000000001274,1.0
14541,145.41000000001273,1.0
14542,145.42000000001272,1.0
14543,145.4300000000127,1.0
14544,145.4400000000127,1.0
14545,145.4500000000127,1.0
14546,145.46000000001268,1.0
14547,145.47000000001267,1.0
14548,145.48000000001267,1.0
14549,145.49000000001266,1.0
14550,145.50000000001265,1.0
14551,145.51000000001264,1.0
14552,145.52000000001263,1.0
14553,145.53000000001262,1.0
14554,145.5400000000126,1.0
14555,145.5500000000126,1.0
14556,145.5600000000126,1.0
14557,145.57000000001258,1.0
14558,145.58000000001257,1.0
14559,145.59000000001257,1.0
14560,145.60000000001256,1.0
14561,145.61000000001255,1.0
14562,145.62000000001254,1.0
14563,145.63000000001253,1.0
14564,145.64000000001252,1.0
14565,145.6500000000125,1.0
14566,145.6600000000125,1.0
14567,145.6700000000125,1.0
14568,145.68000000001248,1.0
14569,145.69000000001247,1.0
14570,145.70000000001247,1.0
14571,145.71000000001246,1.0
14572,145.72000000001245,1.0
14573,145.73000000001244,1.0
14574,145.74000000001243,1.0
14575,145.75000000001242,1.0
14576,145.7600000000124,1.0
14577,145.7700000000124,1.0
14578,145.7800000000124,1.0
14579,145.79000000001238,1.0
14580,145.80000000001237,1.0
14581,145.81000000001237,1.0
14582,145.82000000001236,1.0
14583,145.83000000001235,1.0
14584,145.84000000001234,1.0
14585,145.85000000001233,1.0
14586,145.86000000001232,1.0
14587,145.8700000000123,1.0
14588,145.8800000000123,1.0
14589,145.8900000000123,1.0
14590,145.90000000001228,1.0
14591,145.91000000001227,1.0
14592,145.92000000001227,1.0
14593,145.93000000001226,1.0
14594,145.94000000001225,1.0
14595,145.95000000001224,1.0
14596,145.96000000001223,1.0
14597,145.97000000001222,1.0
14598,145.9800000000122,1.0
14599,145.9900000000122,1.0
14600,146.0000000000122,1.0
14601,146.01000000001218,1.0
14602,146.02000000001217,1.0
14603,146.03000000001217,1.0
14604,146.04000000001216,1.0
14605,146.05000000001215,1.0
14606,146.06000000001214,1.0
14607,146.07000000001213,1.0
14608,146.08000000001212,1.0
14609,146.0900000000121,1.0
14610,146.1000000000121,1.0
14611,146.1100000000121,1.0
14612,146.12000000001208,1.0
14613,146.13000000001207,1.0
14614,146.14000000001207,1.0
14615,146.15000000001206,1.0
14616,146.16000000001205,1.0
14617,146.17000000001204,1.0
14618,146.18000000001203,1.0
14619,146.19000000001202,1.0
14620,146.200000000012,1.0
14621,146.210000000012,1.0
14622,146.220000000012,1.0
14623,146.23000000001198,1.0
14624,146.24000000001197,1.0
14625,146.25000000001197,1.0
14626,146.26000000001196,1.0
14627,146.27000000001195,1.0
14628,146.28000000001194,1.0
14629,146.29000000001193,1.0
14630,146.30000000001192,1.0
14631,146.3100000000119,1.0
14632,146.3200000000119,1.0
14633,146.3300000000119,1.0
14634,146.34000000001188,1.0
14635,146.35000000001187,1.0
14636,146.36000000001187,1.0
14637,146.37000000001186,1.0
14638,146.38000000001185,1.0
14639,146.39000000001184,1.0
14640,146.40000000001183,1.0
14641,146.41000000001182,1.0
14642,146.4200000000118,1.0
14643,146.4300000000118,1.0
14644,146.4400000000118,1.0
14645,146.45000000001178,1.0
14646,146.46000000001177,1.0
14647,146.47000000001177,1.0
14648,146.48000000001176,1.0
14649,146.49000000001175,1.0
14650,146.50000000001174,1.0
14651,146.51000000001173,1.0
14652,146.52000000001172,1.0
14653,146.5300000000117,1.0
14654,146.5400000000117,1.0
14655,146.5500000000117,1.0
14656,146.56000000001168,1.0
14657,146.57000000001167,1.0
14658,146.58000000001167,1.0
14659,146.59000000001166,1.0
14660,146.60000000001165,1.0
14661,146.61000000001164,1.0
14662,146.62000000001163,1.0
14663,146.63000000001162,1.0
14664,146.6400000000116,1.0
14665,146.6500000000116,1.0
14666,146.6600000000116,1.0
14667,146.67000000001158,1.0
14668,146.68000000001157,1.0
14669,146.69000000001157,1.0
14670,146.70000000001156,1.0
14671,146.71000000001155,1.0
14672,146.72000000001154,1.0
14673,146.73000000001153,1.0
14674,146.74000000001152,1.0
14675,146.7500000000115,1.0
14676,146.7600000000115,1.0
14677,146.7700000000115,1.0
14678,146.78000000001148,1.0
14679,146.79000000001147,1.0
14680,146.80000000001147,1.0
14681,146.81000000001146,1.0
14682,146.82000000001145,1.0
14683,146.83000000001144,1.0
14684,146.84000000001143,1.0
14685,146.85000000001142,1.0
14686,146.8600000000114,1.0
14687,146.8700000000114,1.0
14688,146.8800000000114,1.0
14689,146.89000000001138,1.0
14690,146.90000000001137,1.0
14691,146.91000000001137,1.0
14692,146.92000000001136,1.0
14693,146.93000000001135,1.0
14694,146.94000000001134,1.0
14695,146.95000000001133,1.0
14696,146.96000000001132,1.0
14697,146.9700000000113,1.0
14698,146.9800000000113,1.0
14699,146.9900000000113,1.0
14700,147.00000000001128,1.0
14701,147.01000000001127,1.0
14702,147.02000000001127,1.0
14703,147.03000000001126,1.0
14704,147.04000000001125,1.0
14705,147.05000000001124,1.0
14706,147.06000000001123,1.0
14707,147.07000000001122,1.0
14708,147.0800000000112,1.0
14709,147.0900000000112,1.0
14710,147.1000000000112,1.0
14711,147.11000000001118,1.0
14712,147.12000000001117,1.0
14713,147.13000000001117,1.0
14714,147.14000000001116,1.0
14715,147.15000000001115,1.0
14716,147.16000000001114,1.0
14717,147.17000000001113,1.0
14718,147.18000000001112,1.0
14719,147.1900000000111,1.0
14720,147.2000000000111,1.0
14721,147.2100000000111,1.0
14722,147.22000000001108,1.0
14723,147.23000000001107,1.0
14724,147.24000000001107,1.0
14725,147.25000000001106,1.0
14726,147.26000000001105,1.0
14727,147.27000000001104,1.0
14728,147.28000000001103,1.0
14729,147.29000000001102,1.0
14730,147.300000000011,1.0
14731,147.310000000011,1.0
14732,147.320000000011,1.0
14733,147.33000000001098,1.0
14734,147.34000000001097,1.0
14735,147.35000000001097,1.0
14736,147.36000000001096,1.0
14737,147.37000000001095,1.0
14738,147.38000000001094,1.0
14739,147.39000000001093,1.0
14740,147.40000000001092,1.0
14741,147.4100000000109,1.0
14742,147.4200000000109,1.0
14743,147.4300000000109,1.0
14744,147.44000000001088,1.0
14745,147.45000000001087,1.0
14746,147.46000000001087,1.0
14747,147.47000000001086,1.0
14748,147.48000000001085,1.0
14749,147.49000000001084,1.0
14750,147.50000000001083,1.0
14751,147.51000000001082,1.0
14752,147.5200000000108,1.0
14753,147.5300000000108,1.0
14754,147.5400000000108,1.0
14755,147.55000000001078,1.0
14756,147.56000000001077,1.0
14757,147.57000000001077,1.0
14758,147.58000000001076,1.0
14759,147.59000000001075,1.0
14760,147.60000000001074,1.0
14761,147.61000000001073,1.0
14762,147.62000000001072,1.0
14763,147.6300000000107,1.0
14764,147.6400000000107,1.0
14765,147.6500000000107,1.0
14766,147.66000000001068,1.0
14767,147.67000000001067,1.0
14768,147.68000000001066,1.0
14769,147.69000000001066,1.0
14770,147.70000000001065,1.0
14771,147.71000000001064,1.0
14772,147.72000000001063,1.0
14773,147.73000000001062,1.0
14774,147.7400000000106,1.0
14775,147.7500000000106,1.0
14776,147.7600000000106,1.0
14777,147.77000000001058,1.0
14778,147.78000000001057,1.0
14779,147.79000000001056,1.0
14780,147.80000000001056,1.0
14781,147.81000000001055,1.0
14782,147.82000000001054,1.0
14783,147.83000000001053,1.0
14784,147.84000000001052,1.0
14785,147.8500000000105,1.0
14786,147.8600000000105,1.0
14787,147.8700000000105,1.0
14788,147.88000000001048,1.0
14789,147.89000000001047,1.0
14790,147.90000000001046,1.0
14791,147.91000000001046,1.0
14792,147.92000000001045,1.0
14793,147.93000000001044,1.0
14794,147.94000000001043,1.0
14795,147.95000000001042,1.0
14796,147.9600000000104,1.0
14797,147.9700000000104,1.0
14798,147.9800000000104,1.0
14799,147.99000000001038,1.0
14800,148.00000000001037,1.0
14801,148.01000000001036,1.0
14802,148.02000000001036,1.0
14803,148.03000000001035,1.0
14804,148.04000000001034,1.0
14805,148.05000000001033,1.0
14806,148.06000000001032,1.0
14807,148.0700000000103,1.0
14808,148.0800000000103,1.0
14809,148.0900000000103,1.0
14810,148.10000000001028,1.0
14811,148.11000000001027,1.0
14812,148.12000000001026,1.0
14813,148.13000000001026,1.0
14814,148.14000000001025,1.0
14815,148.15000000001024,1.0
14816,148.16000000001023,1.0
14817,148.17000000001022,1.0
14818,148.1800000000102,1.0
14819,148.1900000000102,1.0
14820,148.2000000000102,1.0
14821,148.21000000001018,1.0
14822,148.22000000001017,1.0
14823,148.23000000001016,1.0
14824,148.24000000001016,1.0
14825,148.25000000001015,1.0
14826,148.26000000001014,1.0
14827,148.27000000001013,1.0
14828,148.28000000001012,1.0
14829,148.2900000000101,1.0
14830,148.3000000000101,1.0
14831,148.3100000000101,1.0
14832,148.32000000001008,1.0
14833,148.33000000001007,1.0
14834,148.34000000001006,1.0
14835,148.35000000001006,1.0
14836,148.36000000001005,1.0
14837,148.37000000001004,1.0
14838,148.38000000001003,1.0
14839,148.39000000001002,1.0
14840,148.40000000001,1.0
14841,148.41000000001,1.0
14842,148.42000000001,1.0
14843,148.43000000000998,1.0
14844,148.44000000000997,1.0
14845,148.45000000000996,1.0
14846,148.46000000000996,1.0
14847,148.47000000000995,1.0
14848,148.48000000000994,1.0
14849,148.49000000000993,1.0
14850,148.50000000000992,1.0
14851,148.5100000000099,1.0
14852,148.5200000000099,1.0
14853,148.5300000000099,1.0
14854,148.54000000000988,1.0
14855,148.55000000000987,1.0
14856,148.56000000000986,1.0
14857,148.57000000000986,1.0
14858,148.58000000000985,1.0
14859,148.59000000000984,1.0
14860,148.60000000000983,1.0
14861,148.61000000000982,1.0
14862,148.6200000000098,1.0
14863,148.6300000000098,1.0
14864,148.6400000000098,1.0
14865,148.65000000000978,1.0
14866,148.66000000000977,1.0
14867,148.67000000000976,1.0
14868,148.68000000000976,1.0
14869,148.69000000000975,1.0
14870,148.70000000000974,1.0
14871,148.71000000000973,1.0
14872,148.72000000000972,1.0
14873,148.7300000000097,1.0
14874,148.7400000000097,1.0
14875,148.7500000000097,1.0
14876,148.76000000000968,1.0
14877,148.77000000000967,1.0
14878,148.78000000000966,1.0
14879,148.79000000000966,1.0
14880,148.80000000000965,1.0
14881,148.81000000000964,1.0
14882,148.82000000000963,1.0
14883,148.83000000000962,1.0
14884,148.8400000000096,1.0
14885,148.8500000000096,1.0
14886,148.8600000000096,1.0
14887,148.87000000000958,1.0
14888,148.88000000000957,1.0
14889,148.89000000000956,1.0
14890,148.90000000000956,1.0
14891,148.91000000000955,1.0
14892,148.92000000000954,1.0
14893,148.93000000000953,1.0
14894,148.94000000000952,1.0
14895,148.9500000000095,1.0
14896,148.9600000000095,1.0
14897,148.9700000000095,1.0
14898,148.98000000000948,1.0
14899,148.99000000000947,1.0
14900,149.00000000000946,1.0
14901,149.01000000000946,1.0
14902,149.02000000000945,1.0
14903,149.03000000000944,1.0
14904,149.04000000000943,1.0
14905,149.05000000000942,1.0
14906,149.0600000000094,1.0
14907,149.0700000000094,1.0
14908,149.0800000000094,1.0
14909,149.09000000000938,1.0
14910,149.10000000000937,1.0
14911,149.11000000000936,1.0
14912,149.12000000000936,1.0
14913,149.13000000000935,1.0
14914,149.14000000000934,1.0
14915,149.15000000000933,1.0
14916,149.16000000000932,1.0
14917,149.1700000000093,1.0
14918,149.1800000000093,1.0
14919,149.1900000000093,1.0
14920,149.20000000000928,1.0
14921,149.21000000000927,1.0
14922,149.22000000000926,1.0
14923,149.23000000000926,1.0
14924,149.24000000000925,1.0
14925,149.25000000000924,1.0
14926,149.26000000000923,1.0
14927,149.27000000000922,1.0
14928,149.2800000000092,1.0
14929,149.2900000000092,1.0
14930,149.3000000000092,1.0
14931,149.31000000000918,1.0
14932,149.32000000000917,1.0
14933,149.33000000000916,1.0
14934,149.34000000000916,1.0
14935,149.35000000000915,1.0
14936,149.36000000000914,1.0
14937,149.37000000000913,1.0
14938,149.38000000000912,1.0
14939,149.3900000000091,1.0
14940,149.4000000000091,1.0
14941,149.4100000000091,1.0
14942,149.42000000000908,1.0
14943,149.43000000000907,1.0
14944,149.44000000000906,1.0
14945,149.45000000000906,1.0
14946,149.46000000000905,1.0
14947,149.47000000000904,1.0
14948,149.48000000000903,1.0
14949,149.49000000000902,1.0
14950,149.500000000009,1.0
14951,149.510000000009,1.0
14952,149.520000000009,1.0
14953,149.53000000000898,1.0
14954,149.54000000000897,1.0
14955,149.55000000000896,1.0
14956,149.56000000000896,1.0
14957,149.57000000000895,1.0
14958,149.58000000000894,1.0
14959,149.59000000000893,1.0
14960,149.60000000000892,1.0
14961,149.6100000000089,1.0
14962,149.6200000000089,1.0
14963,149.6300000000089,1.0
14964,149.64000000000888,1.0
14965,149.65000000000887,1.0
14966,149.66000000000886,1.0
14967,149.67000000000886,1.0
14968,149.68000000000885,1.0
14969,149.69000000000884,1.0
14970,149.70000000000883,1.0
14971,149.71000000000882,1.0
14972,149.7200000000088,1.0
14973,149.7300000000088,1.0
14974,149.7400000000088,1.0
14975,149.75000000000878,1.0
14976,149.76000000000877,1.0
14977,149.77000000000876,1.0
14978,149.78000000000876,1.0
14979,149.79000000000875,1.0
14980,149.80000000000874,1.0
14981,149.81000000000873,1.0
14982,149.82000000000872,1.0
14983,149.8300000000087,1.0
14984,149.8400000000087,1.0
14985,149.8500000000087,1.0
14986,149.86000000000868,1.0
14987,149.87000000000867,1.0
14988,149.88000000000866,1.0
14989,149.89000000000865,1.0
14990,149.90000000000865,1.0
14991,149.91000000000864,1.0
14992,149.92000000000863,1.0
14993,149.93000000000862,1.0
14994,149.9400000000086,1.0
14995,149.9500000000086,1.0
14996,149.9600000000086,1.0
14997,149.97000000000858,1.0
14998,149.98000000000857,1.0
14999,149.99000000000856,1.0
15000,150.00000000000855,1.0
15001,150.01000000000855,1.0
15002,150.02000000000854,1.0
15003,150.03000000000853,1.0
15004,150.04000000000852,1.0
15005,150.0500000000085,1.0
15006,150.0600000000085,1.0
15007,150.0700000000085,1.0
15008,150.08000000000848,1.0
15009,150.09000000000847,1.0
15010,150.10000000000846,1.0
15011,150.11000000000845,1.0
15012,150.12000000000845,1.0
15013,150.13000000000844,1.0
15014,150.14000000000843,1.0
15015,150.15000000000842,1.0
15016,150.1600000000084,1.0
15017,150.1700000000084,1.0
15018,150.1800000000084,1.0
15019,150.19000000000838,1.0
15020,150.20000000000837,1.0
15021,150.21000000000836,1.0
15022,150.22000000000835,1.0
15023,150.23000000000835,1.0
15024,150.24000000000834,1.0
15025,150.25000000000833,1.0
15026,150.26000000000832,1.0
15027,150.2700000000083,1.0
15028,150.2800000000083,1.0
15029,150.2900000000083,1.0
15030,150.30000000000828,1.0
15031,150.31000000000827,1.0
15032,150.32000000000826,1.0
15033,150.33000000000825,1.0
15034,150.34000000000825,1.0
15035,150.35000000000824,1.0
15036,150.36000000000823,1.0
15037,150.37000000000822,1.0
15038,150.3800000000082,1.0
15039,150.3900000000082,1.0
15040,150.4000000000082,1.0
15041,150.41000000000818,1.0
15042,150.42000000000817,1.0
15043,150.43000000000816,1.0
15044,150.44000000000815,1.0
15045,150.45000000000815,1.0
15046,150.46000000000814,1.0
15047,150.47000000000813,1.0
15048,150.48000000000812,1.0
15049,150.4900000000081,1.0
15050,150.5000000000081,1.0
15051,150.5100000000081,1.0
15052,150.52000000000808,1.0
15053,150.53000000000807,1.0
15054,150.54000000000806,1.0
15055,150.55000000000805,1.0
15056,150.56000000000805,1.0
15057,150.57000000000804,1.0
15058,150.58000000000803,1.0
15059,150.59000000000802,1.0
15060,150.600000000008,1.0
15061,150.610000000008,1.0
15062,150.620000000008,1.0
15063,150.63000000000798,1.0
15064,150.64000000000797,1.0
15065,150.65000000000796,1.0
15066,150.66000000000795,1.0
15067,150.67000000000795,1.0
15068,150.68000000000794,1.0
15069,150.69000000000793,1.0
15070,150.70000000000792,1.0
15071,150.7100000000079,1.0
15072,150.7200000000079,1.0
15073,150.7300000000079,1.0
15074,150.74000000000788,1.0
15075,150.75000000000787,1.0
15076,150.76000000000786,1.0
15077,150.77000000000785,1.0
15078,150.78000000000785,1.0
15079,150.79000000000784,1.0
15080,150.80000000000783,1.0
15081,150.81000000000782,1.0
15082,150.8200000000078,1.0
15083,150.8300000000078,1.0
15084,150.8400000000078,1.0
15085,150.85000000000778,1.0
15086,150.86000000000777,1.0
15087,150.87000000000776,1.0
15088,150.88000000000775,1.0
15089,150.89000000000775,1.0
15090,150.90000000000774,1.0
15091,150.91000000000773,1.0
15092,150.92000000000772,1.0
15093,150.9300000000077,1.0
15094,150.9400000000077,1.0
15095,150.9500000000077,1.0
15096,150.96000000000768,1.0
15097,150.97000000000767,1.0
15098,150.98000000000766,1.0
15099,150.99000000000765,1.0
15100,151.00000000000765,1.0
15101,151.01000000000764,1.0
15102,151.02000000000763,1.0
15103,151.03000000000762,1.0
15104,151.0400000000076,1.0
15105,151.0500000000076,1.0
15106,151.0600000000076,1.0
15107,151.07000000000758,1.0
15108,151.08000000000757,1.0
15109,151.09000000000756,1.0
15110,151.10000000000755,1.0
15111,151.11000000000755,1.0
15112,151.12000000000754,1.0
15113,151.13000000000753,1.0
15114,151.14000000000752,1.0
15115,151.1500000000075,1.0
15116,151.1600000000075,1.0
15117,151.1700000000075,1.0
15118,151.18000000000748,1.0
15119,151.19000000000747,1.0
15120,151.20000000000746,1.0
15121,151.21000000000745,1.0
15122,151.22000000000745,1.0
15123,151.23000000000744,1.0
15124,151.24000000000743,1.0
15125,151.25000000000742,1.0
15126,151.2600000000074,1.0
15127,151.2700000000074,1.0
15128,151.2800000000074,1.0
15129,151.29000000000738,1.0
15130,151.30000000000737,1.0
15131,151.31000000000736,1.0
15132,151.32000000000735,1.0
15133,151.33000000000735,1.0
15134,151.34000000000734,1.0
15135,151.35000000000733,1.0
15136,151.36000000000732,1.0
15137,151.3700000000073,1.0
15138,151.3800000000073,1.0
15139,151.3900000000073,1.0
15140,151.40000000000728,1.0
15141,151.41000000000727,1.0
15142,151.42000000000726,1.0
15143,151.43000000000725,1.0
15144,151.44000000000725,1.0
15145,151.45000000000724,1.0
15146,151.46000000000723,1.0
15147,151.47000000000722,1.0
15148,151.4800000000072,1.0
15149,151.4900000000072,1.0
15150,151.5000000000072,1.0
15151,151.51000000000718,1.0
15152,151.52000000000717,1.0
15153,151.53000000000716,1.0
15154,151.54000000000715,1.0
15155,151.55000000000715,1.0
15156,151.56000000000714,1.0
15157,151.57000000000713,1.0
15158,151.58000000000712,1.0
15159,151.5900000000071,1.0
15160,151.6000000000071,1.0
15161,151.6100000000071,1.0
15162,151.62000000000708,1.0
15163,151.63000000000707,1.0
15164,151.64000000000706,1.0
15165,151.65000000000705,1.0
15166,151.66000000000705,1.0
15167,151.67000000000704,1.0
15168,151.68000000000703,1.0
15169,151.69000000000702,1.0
15170,151.700000000007,1.0
15171,151.710000000007,1.0
15172,151.720000000007,1.0
15173,151.73000000000698,1.0
15174,151.74000000000697,1.0
15175,151.75000000000696,1.0
15176,151.76000000000695,1.0
15177,151.77000000000695,1.0
15178,151.78000000000694,1.0
15179,151.79000000000693,1.0
15180,151.80000000000692,1.0
15181,151.8100000000069,1.0
15182,151.8200000000069,1.0
15183,151.8300000000069,1.0
15184,151.84000000000688,1.0
15185,151.85000000000687,1.0
15186,151.86000000000686,1.0
15187,151.87000000000685,1.0
15188,151.88000000000685,1.0
15189,151.89000000000684,1.0
15190,151.90000000000683,1.0
15191,151.91000000000682,1.0
15192,151.9200000000068,1.0
15193,151.9300000000068,1.0
15194,151.9400000000068,1.0
15195,151.95000000000678,1.0
15196,151.96000000000677,1.0
15197,151.97000000000676,1.0
15198,151.98000000000675,1.0
15199,151.99000000000675,1.0
15200,152.00000000000674,1.0
15201,152.01000000000673,1.0
15202,152.02000000000672,1.0
15203,152.0300000000067,1.0
15204,152.0400000000067,1.0
15205,152.0500000000067,1.0
15206,152.06000000000668,1.0
15207,152.07000000000667,1.0
15208,152.08000000000666,1.0
15209,152.09000000000665,1.0
15210,152.10000000000664,1.0
15211,152.11000000000664,1.0
15212,152.12000000000663,1.0
15213,152.13000000000662,1.0
15214,152.1400000000066,1.0
15215,152.1500000000066,1.0
15216,152.1600000000066,1.0
15217,152.17000000000658,1.0
15218,152.18000000000657,1.0
15219,152.19000000000656,1.0
15220,152.20000000000655,1.0
15221,152.21000000000654,1.0
15222,152.22000000000654,1.0
15223,152.23000000000653,1.0
15224,152.24000000000652,1.0
15225,152.2500000000065,1.0
15226,152.2600000000065,1.0
15227,152.2700000000065,1.0
15228,152.28000000000648,1.0
15229,152.29000000000647,1.0
15230,152.30000000000646,1.0
15231,152.31000000000645,1.0
15232,152.32000000000644,1.0
15233,152.33000000000644,1.0
15234,152.34000000000643,1.0
15235,152.35000000000642,1.0
15236,152.3600000000064,1.0
15237,152.3700000000064,1.0
15238,152.3800000000064,1.0
15239,152.39000000000638,1.0
15240,152.40000000000637,1.0
15241,152.41000000000636,1.0
15242,152.42000000000635,1.0
15243,152.43000000000634,1.0
15244,152.44000000000634,1.0
15245,152.45000000000633,1.0
15246,152.46000000000632,1.0
15247,152.4700000000063,1.0
15248,152.4800000000063,1.0
15249,152.4900000000063,1.0
15250,152.50000000000628,1.0
15251,152.51000000000627,1.0
15252,152.52000000000626,1.0
15253,152.53000000000625,1.0
15254,152.54000000000624,1.0
15255,152.55000000000624,1.0
15256,152.56000000000623,1.0
15257,152.57000000000622,1.0
15258,152.5800000000062,1.0
15259,152.5900000000062,1.0
15260,152.6000000000062,1.0
15261,152.61000000000618,1.0
15262,152.62000000000617,1.0
15263,152.63000000000616,1.0
15264,152.64000000000615,1.0
15265,152.65000000000614,1.0
15266,152.66000000000614,1.0
15267,152.67000000000613,1.0
15268,152.68000000000612,1.0
15269,152.6900000000061,1.0
15270,152.7000000000061,1.0
15271,152.7100000000061,1.0
15272,152.72000000000608,1.0
15273,152.73000000000607,1.0
15274,152.74000000000606,1.0
15275,152.75000000000605,1.0
15276,152.76000000000604,1.0
15277,152.77000000000604,1.0
15278,152.78000000000603,1.0
15279,152.79000000000602,1.0
15280,152.800000000006,1.0
15281,152.810000000006,1.0
15282,152.820000000006,1.0
15283,152.83000000000598,1.0
15284,152.84000000000597,1.0
15285,152.85000000000596,1.0
15286,152.86000000000595,1.0
15287,152.87000000000594,1.0
15288,152.88000000000594,1.0
15289,152.89000000000593,1.0
15290,152.90000000000592,1.0
15291,152.9100000000059,1.0
15292,152.9200000000059,1.0
15293,152.9300000000059,1.0
15294,152.94000000000588,1.0
15295,152.95000000000587,1.0
15296,152.96000000000586,1.0
15297,152.97000000000585,1.0
15298,152.98000000000584,1.0
15299,152.99000000000584,1.0
15300,153.00000000000583,1.0
15301,153.01000000000582,1.0
15302,153.0200000000058,1.0
15303,153.0300000000058,1.0
15304,153.0400000000058,1.0
15305,153.05000000000578,1.0
15306,153.06000000000577,1.0
15307,153.07000000000576,1.0
15308,153.08000000000575,1.0
15309,153.09000000000574,1.0
15310,153.10000000000574,1.0
15311,153.11000000000573,1.0
15312,153.12000000000572,1.0
15313,153.1300000000057,1.0
15314,153.1400000000057,1.0
15315,153.1500000000057,1.0
15316,153.16000000000568,1.0
15317,153.17000000000567,1.0
15318,153.18000000000566,1.0
15319,153.19000000000565,1.0
15320,153.20000000000564,1.0
15321,153.21000000000564,1.0
15322,153.22000000000563,1.0
15323,153.23000000000562,1.0
15324,153.2400000000056,1.0
15325,153.2500000000056,1.0
15326,153.2600000000056,1.0
15327,153.27000000000558,1.0
15328,153.28000000000557,1.0
15329,153.29000000000556,1.0
15330,153.30000000000555,1.0
15331,153.31000000000554,1.0
15332,153.32000000000554,1.0
15333,153.33000000000553,1.0
15334,153.34000000000552,1.0
15335,153.3500000000055,1.0
15336,153.3600000000055,1.0
15337,153.3700000000055,1.0
15338,153.38000000000548,1.0
15339,153.39000000000547,1.0
15340,153.40000000000546,1.0
15341,153.41000000000545,1.0
15342,153.42000000000544,1.0
15343,153.43000000000544,1.0
15344,153.44000000000543,1.0
15345,153.45000000000542,1.0
15346,153.4600000000054,1.0
15347,153.4700000000054,1.0
15348,153.4800000000054,1.0
15349,153.49000000000538,1.0
15350,153.50000000000537,1.0
15351,153.51000000000536,1.0
15352,153.52000000000535,1.0
15353,153.53000000000534,1.0
15354,153.54000000000534,1.0
15355,153.55000000000533,1.0
15356,153.56000000000532,1.0
15357,153.5700000000053,1.0
15358,153.5800000000053,1.0
15359,153.5900000000053,1.0
15360,153.60000000000528,1.0
15361,153.61000000000527,1.0
15362,153.62000000000526,1.0
15363,153.63000000000525,1.0
15364,153.64000000000524,1.0
15365,153.65000000000524,1.0
15366,153.66000000000523,1.0
15367,153.67000000000522,1.0
15368,153.6800000000052,1.0
15369,153.6900000000052,1.0
15370,153.7000000000052,1.0
15371,153.71000000000518,1.0
15372,153.72000000000517,1.0
15373,153.73000000000516,1.0
15374,153.74000000000515,1.0
15375,153.75000000000514,1.0
15376,153.76000000000514,1.0
15377,153.77000000000513,1.0
15378,153.78000000000512,1.0
15379,153.7900000000051,1.0
15380,153.8000000000051,1.0
15381,153.8100000000051,1.0
15382,153.82000000000508,1.0
15383,153.83000000000507,1.0
15384,153.84000000000506,1.0
15385,153.85000000000505,1.0
15386,153.86000000000504,1.0
15387,153.87000000000504,1.0
15388,153.88000000000503,1.0
15389,153.89000000000502,1.0
15390,153.900000000005,1.0
15391,153.910000000005,1.0
15392,153.920000000005,1.0
15393,153.93000000000498,1.0
15394,153.94000000000497,1.0
15395,153.95000000000496,1.0
15396,153.96000000000495,1.0
15397,153.97000000000494,1.0
15398,153.98000000000494,1.0
15399,153.99000000000493,1.0
15400,154.00000000000492,1.0
15401,154.0100000000049,1.0
15402,154.0200000000049,1.0
15403,154.0300000000049,1.0
15404,154.04000000000488,1.0
15405,154.05000000000487,1.0
15406,154.06000000000486,1.0
15407,154.07000000000485,1.0
15408,154.08000000000484,1.0
15409,154.09000000000484,1.0
15410,154.10000000000483,1.0
15411,154.11000000000482,1.0
15412,154.1200000000048,1.0
15413,154.1300000000048,1.0
15414,154.1400000000048,1.0
15415,154.15000000000478,1.0
15416,154.16000000000477,1.0
15417,154.17000000000476,1.0
15418,154.18000000000475,1.0
15419,154.19000000000474,1.0
15420,154.20000000000474,1.0
15421,154.21000000000473,1.0
15422,154.22000000000472,1.0
15423,154.2300000000047,1.0
15424,154.2400000000047,1.0
15425,154.2500000000047,1.0
15426,154.26000000000468,1.0
15427,154.27000000000467,1.0
15428,154.28000000000466,1.0
15429,154.29000000000465,1.0
15430,154.30000000000464,1.0
15431,154.31000000000464,1.0
15432,154.32000000000463,1.0
15433,154.33000000000462,1.0
15434,154.3400000000046,1.0
15435,154.3500000000046,1.0
15436,154.3600000000046,1.0
15437,154.37000000000458,1.0
15438,154.38000000000457,1.0
15439,154.39000000000456,1.0
15440,154.40000000000455,1.0
15441,154.41000000000454,1.0
15442,154.42000000000453,1.0
15443,154.43000000000453,1.0
15444,154.44000000000452,1.0
15445,154.4500000000045,1.0
15446,154.4600000000045,1.0
15447,154.4700000000045,1.0
15448,154.48000000000448,1.0
15449,154.49000000000447,1.0
15450,154.50000000000446,1.0
15451,154.51000000000445,1.0
15452,154.52000000000444,1.0
15453,154.53000000000443,1.0
15454,154.54000000000443,1.0
15455,154.55000000000442,1.0
15456,154.5600000000044,1.0
15457,154.5700000000044,1.0
15458,154.5800000000044,1.0
15459,154.59000000000438,1.0
15460,154.60000000000437,1.0
15461,154.61000000000436,1.0
15462,154.62000000000435,1.0
15463,154.63000000000434,1.0
15464,154.64000000000433,1.0
15465,154.65000000000433,1.0
15466,154.66000000000432,1.0
15467,154.6700000000043,1.0
15468,154.6800000000043,1.0
15469,154.6900000000043,1.0
15470,154.70000000000428,1.0
15471,154.71000000000427,1.0
15472,154.72000000000426,1.0
15473,154.73000000000425,1.0
15474,154.74000000000424,1.0
15475,154.75000000000423,1.0
15476,154.76000000000423,1.0
15477,154.77000000000422,1.0
15478,154.7800000000042,1.0
15479,154.7900000000042,1.0
15480,154.8000000000042,1.0
15481,154.81000000000418,1.0
15482,154.82000000000417,1.0
15483,154.83000000000416,1.0
15484,154.84000000000415,1.0
15485,154.85000000000414,1.0
15486,154.86000000000413,1.0
15487,154.87000000000413,1.0
15488,154.88000000000412,1.0
15489,154.8900000000041,1.0
15490,154.9000000000041,1.0
15491,154.9100000000041,1.0
15492,154.92000000000408,1.0
15493,154.93000000000407,1.0
15494,154.94000000000406,1.0
15495,154.95000000000405,1.0
15496,154.96000000000404,1.0
15497,154.97000000000403,1.0
15498,154.98000000000403,1.0
15499,154.99000000000402,1.0
15500,155.000000000004,1.0
15501,155.010000000004,1.0
15502,155.020000000004,1.0
15503,155.03000000000398,1.0
15504,155.04000000000397,1.0
15505,155.05000000000396,1.0
15506,155.06000000000395,1.0
15507,155.07000000000394,1.0
15508,155.08000000000393,1.0
15509,155.09000000000393,1.0
15510,155.10000000000392,1.0
15511,155.1100000000039,1.0
15512,155.1200000000039,1.0
15513,155.1300000000039,1.0
15514,155.14000000000388,1.0
15515,155.15000000000387,1.0
15516,155.16000000000386,1.0
15517,155.17000000000385,1.0
15518,155.18000000000384,1.0
15519,155.19000000000383,1.0
15520,155.20000000000383,1.0
15521,155.21000000000382,1.0
15522,155.2200000000038,1.0
15523,155.2300000000038,1.0
15524,155.2400000000038,1.0
15525,155.25000000000378,1.0
15526,155.26000000000377,1.0
15527,155.27000000000376,1.0
15528,155.28000000000375,1.0
15529,155.29000000000374,1.0
15530,155.30000000000373,1.0
15531,155.31000000000373,1.0
15532,155.32000000000372,1.0
15533,155.3300000000037,1.0
15534,155.3400000000037,1.0
15535,155.3500000000037,1.0
15536,155.36000000000368,1.0
15537,155.37000000000367,1.0
15538,155.38000000000366,1.0
15539,155.39000000000365,1.0
15540,155.40000000000364,1.0
15541,155.41000000000363,1.0
15542,155.42000000000363,1.0
15543,155.43000000000362,1.0
15544,155.4400000000036,1.0
15545,155.4500000000036,1.0
15546,155.4600000000036,1.0
15547,155.47000000000358,1.0
15548,155.48000000000357,1.0
15549,155.49000000000356,1.0
15550,155.50000000000355,1.0
15551,155.51000000000354,1.0
15552,155.52000000000353,1.0
15553,155.53000000000353,1.0
15554,155.54000000000352,1.0
15555,155.5500000000035,1.0
15556,155.5600000000035,1.0
15557,155.5700000000035,1.0
15558,155.58000000000348,1.0
15559,155.59000000000347,1.0
15560,155.60000000000346,1.0
15561,155.61000000000345,1.0
15562,155.62000000000344,1.0
15563,155.63000000000343,1.0
15564,155.64000000000343,1.0
15565,155.65000000000342,1.0
15566,155.6600000000034,1.0
15567,155.6700000000034,1.0
15568,155.6800000000034,1.0
15569,155.69000000000338,1.0
15570,155.70000000000337,1.0
15571,155.71000000000336,1.0
15572,155.72000000000335,1.0
15573,155.73000000000334,1.0
15574,155.74000000000333,1.0
15575,155.75000000000333,1.0
15576,155.76000000000332,1.0
15577,155.7700000000033,1.0
15578,155.7800000000033,1.0
15579,155.7900000000033,1.0
15580,155.80000000000328,1.0
15581,155.81000000000327,1.0
15582,155.82000000000326,1.0
15583,155.83000000000325,1.0
15584,155.84000000000324,1.0
15585,155.85000000000323,1.0
15586,155.86000000000323,1.0
15587,155.87000000000322,1.0
15588,155.8800000000032,1.0
15589,155.8900000000032,1.0
15590,155.9000000000032,1.0
15591,155.91000000000318,1.0
15592,155.92000000000317,1.0
15593,155.93000000000316,1.0
15594,155.94000000000315,1.0
15595,155.95000000000314,1.0
15596,155.96000000000313,1.0
15597,155.97000000000313,1.0
15598,155.98000000000312,1.0
15599,155.9900000000031,1.0
15600,156.0000000000031,1.0
15601,156.0100000000031,1.0
15602,156.02000000000308,1.0
15603,156.03000000000307,1.0
15604,156.04000000000306,1.0
15605,156.05000000000305,1.0
15606,156.06000000000304,1.0
15607,156.07000000000303,1.0
15608,156.08000000000303,1.0
15609,156.09000000000302,1.0
15610,156.100000000003,1.0
15611,156.110000000003,1.0
15612,156.120000000003,1.0
15613,156.13000000000298,1.0
15614,156.14000000000297,1.0
15615,156.15000000000296,1.0
15616,156.16000000000295,1.0
15617,156.17000000000294,1.0
15618,156.18000000000293,1.0
15619,156.19000000000293,1.0
15620,156.20000000000292,1.0
15621,156.2100000000029,1.0
15622,156.2200000000029,1.0
15623,156.2300000000029,1.0
15624,156.24000000000288,1.0
15625,156.25000000000287,1.0
15626,156.26000000000286,1.0
15627,156.27000000000285,1.0
15628,156.28000000000284,1.0
15629,156.29000000000283,1.0
15630,156.30000000000283,1.0
15631,156.31000000000282,1.0
15632,156.3200000000028,1.0
15633,156.3300000000028,1.0
15634,156.3400000000028,1.0
15635,156.35000000000278,1.0
15636,156.36000000000277,1.0
15637,156.37000000000276,1.0
15638,156.38000000000275,1.0
15639,156.39000000000274,1.0
15640,156.40000000000273,1.0
15641,156.41000000000273,1.0
15642,156.42000000000272,1.0
15643,156.4300000000027,1.0
15644,156.4400000000027,1.0
15645,156.4500000000027,1.0
15646,156.46000000000268,1.0
15647,156.47000000000267,1.0
15648,156.48000000000266,1.0
15649,156.49000000000265,1.0
15650,156.50000000000264,1.0
15651,156.51000000000263,1.0
15652,156.52000000000263,1.0
15653,156.53000000000262,1.0
15654,156.5400000000026,1.0
15655,156.5500000000026,1.0
15656,156.5600000000026,1.0
15657,156.57000000000258,1.0
15658,156.58000000000257,1.0
15659,156.59000000000256,1.0
15660,156.60000000000255,1.0
15661,156.61000000000254,1.0
15662,156.62000000000253,1.0
15663,156.63000000000252,1.0
15664,156.64000000000252,1.0
15665,156.6500000000025,1.0
15666,156.6600000000025,1.0
15667,156.6700000000025,1.0
15668,156.68000000000248,1.0
15669,156.69000000000247,1.0
15670,156.70000000000246,1.0
15671,156.71000000000245,1.0
15672,156.72000000000244,1.0
15673,156.73000000000243,1.0
15674,156.74000000000242,1.0
15675,156.75000000000242,1.0
15676,156.7600000000024,1.0
15677,156.7700000000024,1.0
15678,156.7800000000024,1.0
15679,156.79000000000238,1.0
15680,156.80000000000237,1.0
15681,156.81000000000236,1.0
15682,156.82000000000235,1.0
15683,156.83000000000234,1.0
15684,156.84000000000233,1.0
15685,156.85000000000232,1.0
15686,156.86000000000232,1.0
15687,156.8700000000023,1.0
15688,156.8800000000023,1.0
15689,156.8900000000023,1.0
15690,156.90000000000228,1.0
15691,156.91000000000227,1.0
15692,156.92000000000226,1.0
15693,156.93000000000225,1.0
15694,156.94000000000224,1.0
15695,156.95000000000223,1.0
15696,156.96000000000222,1.0
15697,156.97000000000222,1.0
15698,156.9800000000022,1.0
15699,156.9900000000022,1.0
15700,157.0000000000022,1.0
15701,157.01000000000218,1.0
15702,157.02000000000217,1.0
15703,157.03000000000216,1.0
15704,157.04000000000215,1.0
15705,157.05000000000214,1.0
15706,157.06000000000213,1.0
15707,157.07000000000212,1.0
15708,157.08000000000212,1.0
15709,157.0900000000021,1.0
15710,157.1000000000021,1.0
15711,157.1100000000021,1.0
15712,157.12000000000208,1.0
15713,157.13000000000207,1.0
15714,157.14000000000206,1.0
15715,157.15000000000205,1.0
15716,157.16000000000204,1.0
15717,157.17000000000203,1.0
15718,157.18000000000202,1.0
15719,157.19000000000202,1.0
15720,157.200000000002,1.0
15721,157.210000000002,1.0
15722,157.220000000002,1.0
15723,157.23000000000198,1.0
15724,157.24000000000197,1.0
15725,157.25000000000196,1.0
15726,157.26000000000195,1.0
15727,157.27000000000194,1.0
15728,157.28000000000193,1.0
15729,157.29000000000192,1.0
15730,157.30000000000192,1.0
15731,157.3100000000019,1.0
15732,157.3200000000019,1.0
15733,157.3300000000019,1.0
15734,157.34000000000188,1.0
15735,157.35000000000187,1.0
15736,157.36000000000186,1.0
15737,157.37000000000185,1.0
15738,157.38000000000184,1.0
15739,157.39000000000183,1.0
15740,157.40000000000182,1.0
15741,157.41000000000182,1.0
15742,157.4200000000018,1.0
15743,157.4300000000018,1.0
15744,157.4400000000018,1.0
15745,157.45000000000178,1.0
15746,157.46000000000177,1.0
15747,157.47000000000176,1.0
15748,157.48000000000175,1.0
15749,157.49000000000174,1.0
15750,157.50000000000173,1.0
15751,157.51000000000172,1.0
15752,157.52000000000172,1.0
15753,157.5300000000017,1.0
15754,157.5400000000017,1.0
15755,157.5500000000017,1.0
15756,157.56000000000168,1.0
15757,157.57000000000167,1.0
15758,157.58000000000166,1.0
15759,157.59000000000165,1.0
15760,157.60000000000164,1.0
15761,157.61000000000163,1.0
15762,157.62000000000162,1.0
15763,157.63000000000162,1.0
15764,157.6400000000016,1.0
15765,157.6500000000016,1.0
15766,157.6600000000016,1.0
15767,157.67000000000158,1.0
15768,157.68000000000157,1.0
15769,157.69000000000156,1.0
15770,157.70000000000155,1.0
15771,157.71000000000154,1.0
15772,157.72000000000153,1.0
15773,157.73000000000152,1.0
15774,157.74000000000152,1.0
15775,157.7500000000015,1.0
15776,157.7600000000015,1.0
15777,157.7700000000015,1.0
15778,157.78000000000148,1.0
15779,157.79000000000147,1.0
15780,157.80000000000146,1.0
15781,157.81000000000145,1.0
15782,157.82000000000144,1.0
15783,157.83000000000143,1.0
15784,157.84000000000142,1.0
15785,157.85000000000142,1.0
15786,157.8600000000014,1.0
15787,157.8700000000014,1.0
15788,157.8800000000014,1.0
15789,157.89000000000138,1.0
15790,157.90000000000137,1.0
15791,157.91000000000136,1.0
15792,157.92000000000135,1.0
15793,157.93000000000134,1.0
15794,157.94000000000133,1.0
15795,157.95000000000132,1.0
15796,157.96000000000132,1.0
15797,157.9700000000013,1.0
15798,157.9800000000013,1.0
15799,157.9900000000013,1.0
15800,158.00000000000128,1.0
15801,158.01000000000127,1.0
15802,158.02000000000126,1.0
15803,158.03000000000125,1.0
15804,158.04000000000124,1.0
15805,158.05000000000123,1.0
15806,158.06000000000122,1.0
15807,158.07000000000122,1.0
15808,158.0800000000012,1.0
15809,158.0900000000012,1.0
15810,158.1000000000012,1.0
15811,158.11000000000118,1.0
15812,158.12000000000117,1.0
15813,158.13000000000116,1.0
15814,158.14000000000115,1.0
15815,158.15000000000114,1.0
15816,158.16000000000113,1.0
15817,158.17000000000112,1.0
15818,158.18000000000112,1.0
15819,158.1900000000011,1.0
15820,158.2000000000011,1.0
15821,158.2100000000011,1.0
15822,158.22000000000108,1.0
15823,158.23000000000107,1.0
15824,158.24000000000106,1.0
15825,158.25000000000105,1.0
15826,158.26000000000104,1.0
15827,158.27000000000103,1.0
15828,158.28000000000102,1.0
15829,158.29000000000102,1.0
15830,158.300000000001,1.0
15831,158.310000000001,1.0
15832,158.320000000001,1.0
15833,158.33000000000098,1.0
15834,158.34000000000097,1.0
15835,158.35000000000096,1.0
15836,158.36000000000095,1.0
15837,158.37000000000094,1.0
15838,158.38000000000093,1.0
15839,158.39000000000092,1.0
15840,158.40000000000092,1.0
15841,158.4100000000009,1.0
15842,158.4200000000009,1.0
15843,158.4300000000009,1.0
15844,158.44000000000088,1.0
15845,158.45000000000087,1.0
15846,158.46000000000086,1.0
15847,158.47000000000085,1.0
15848,158.48000000000084,1.0
15849,158.49000000000083,1.0
15850,158.50000000000082,1.0
15851,158.51000000000082,1.0
15852,158.5200000000008,1.0
15853,158.5300000000008,1.0
15854,158.5400000000008,1.0
15855,158.55000000000078,1.0
15856,158.56000000000077,1.0
15857,158.57000000000076,1.0
15858,158.58000000000075,1.0
15859,158.59000000000074,1.0
15860,158.60000000000073,1.0
15861,158.61000000000072,1.0
15862,158.62000000000072,1.0
15863,158.6300000000007,1.0
15864,158.6400000000007,1.0
15865,158.6500000000007,1.0
15866,158.66000000000068,1.0
15867,158.67000000000067,1.0
15868,158.68000000000066,1.0
15869,158.69000000000065,1.0
15870,158.70000000000064,1.0
15871,158.71000000000063,1.0
15872,158.72000000000062,1.0
15873,158.73000000000062,1.0
15874,158.7400000000006,1.0
15875,158.7500000000006,1.0
15876,158.7600000000006,1.0
15877,158.77000000000058,1.0
15878,158.78000000000057,1.0
15879,158.79000000000056,1.0
15880,158.80000000000055,1.0
15881,158.81000000000054,1.0
15882,158.82000000000053,1.0
15883,158.83000000000052,1.0
15884,158.84000000000052,1.0
15885,158.8500000000005,1.0
15886,158.8600000000005,1.0
15887,158.8700000000005,1.0
15888,158.88000000000048,1.0
15889,158.89000000000047,1.0
15890,158.90000000000046,1.0
15891,158.91000000000045,1.0
15892,158.92000000000044,1.0
15893,158.93000000000043,1.0
15894,158.94000000000042,1.0
15895,158.95000000000041,1.0
15896,158.9600000000004,1.0
15897,158.9700000000004,1.0
15898,158.9800000000004,1.0
15899,158.99000000000038,1.0
15900,159.00000000000037,1.0
15901,159.01000000000036,1.0
15902,159.02000000000035,1.0
15903,159.03000000000034,1.0
15904,159.04000000000033,1.0
15905,159.05000000000032,1.0
15906,159.06000000000031,1.0
15907,159.0700000000003,1.0
15908,159.0800000000003,1.0
15909,159.0900000000003,1.0
15910,159.10000000000028,1.0
15911,159.11000000000027,1.0
15912,159.12000000000026,1.0
15913,159.13000000000025,1.0
15914,159.14000000000024,1.0
15915,159.15000000000023,1.0
15916,159.16000000000022,1.0
15917,159.17000000000021,1.0
15918,159.1800000000002,1.0
15919,159.1900000000002,1.0
15920,159.2000000000002,1.0
15921,159.21000000000018,1.0
15922,159.22000000000017,1.0
15923,159.23000000000016,1.0
15924,159.24000000000015,1.0
15925,159.25000000000014,1.0
15926,159.26000000000013,1.0
15927,159.27000000000012,1.0
15928,159.28000000000011,1.0
15929,159.2900000000001,1.0
15930,159.3000000000001,1.0
15931,159.3100000000001,1.0
15932,159.32000000000008,1.0
15933,159.33000000000007,1.0
15934,159.34000000000006,1.0
15935,159.35000000000005,1.0
15936,159.36000000000004,1.0
15937,159.37000000000003,1.0
15938,159.38000000000002,1.0
15939,159.39000000000001,1.0
15940,159.4,1.0
15941,159.41,1.0
15942,159.42,1.0
15943,159.42999999999998,1.0
15944,159.43999999999997,1.0
15945,159.44999999999996,1.0
15946,159.45999999999995,1.0
15947,159.46999999999994,1.0
15948,159.47999999999993,1.0
15949,159.48999999999992,1.0
15950,159.49999999999991,1.0
15951,159.5099999999999,1.0
15952,159.5199999999999,1.0
15953,159.5299999999999,1.0
15954,159.53999999999988,1.0
15955,159.54999999999987,1.0
15956,159.55999999999986,1.0
15957,159.56999999999985,1.0
15958,159.57999999999984,1.0
15959,159.58999999999983,1.0
15960,159.59999999999982,1.0
15961,159.60999999999981,1.0
15962,159.6199999999998,1.0
15963,159.6299999999998,1.0
15964,159.6399999999998,1.0
15965,159.64999999999978,1.0
15966,159.65999999999977,1.0
15967,159.66999999999976,1.0
15968,159.67999999999975,1.0
15969,159.68999999999974,1.0
15970,159.69999999999973,1.0
15971,159.70999999999972,1.0
15972,159.71999999999971,1.0
15973,159.7299999999997,1.0
15974,159.7399999999997,1.0
15975,159.7499999999997,1.0
15976,159.75999999999968,1.0
15977,159.76999999999967,1.0
15978,159.77999999999966,1.0
15979,159.78999999999965,1.0
15980,159.79999999999964,1.0
15981,159.80999999999963,1.0
15982,159.81999999999962,1.0
15983,159.82999999999961,1.0
15984,159.8399999999996,1.0
15985,159.8499999999996,1.0
15986,159.8599999999996,1.0
15987,159.86999999999958,1.0
15988,159.87999999999957,1.0
15989,159.88999999999956,1.0
15990,159.89999999999955,1.0
15991,159.90999999999954,1.0
15992,159.91999999999953,1.0
15993,159.92999999999952,1.0
15994,159.93999999999951,1.0
15995,159.9499999999995,1.0
15996,159.9599999999995,1.0
15997,159.9699999999995,1.0
15998,159.97999999999948,1.0
15999,159.98999999999947,1.0
16000,159.99999999999946,1.0
16001,160.00999999999945,1.0
16002,160.01999999999944,1.0
16003,160.02999999999943,1.0
16004,160.03999999999942,1.0
16005,160.04999999999941,1.0
16006,160.0599999999994,1.0
16007,160.0699999999994,1.0
16008,160.0799999999994,1.0
16009,160.08999999999938,1.0
16010,160.09999999999937,1.0
16011,160.10999999999936,1.0
16012,160.11999999999935,1.0
16013,160.12999999999934,1.0
16014,160.13999999999933,1.0
16015,160.14999999999932,1.0
16016,160.15999999999931,1.0
16017,160.1699999999993,1.0
16018,160.1799999999993,1.0
16019,160.1899999999993,1.0
16020,160.19999999999928,1.0
16021,160.20999999999927,1.0
16022,160.21999999999926,1.0
16023,160.22999999999925,1.0
16024,160.23999999999924,1.0
16025,160.24999999999923,1.0
16026,160.25999999999922,1.0
16027,160.26999999999921,1.0
16028,160.2799999999992,1.0
16029,160.2899999999992,1.0
16030,160.2999999999992,1.0
16031,160.30999999999918,1.0
16032,160.31999999999917,1.0
16033,160.32999999999916,1.0
16034,160.33999999999915,1.0
16035,160.34999999999914,1.0
16036,160.35999999999913,1.0
16037,160.36999999999912,1.0
16038,160.37999999999911,1.0
16039,160.3899999999991,1.0
16040,160.3999999999991,1.0
16041,160.4099999999991,1.0
16042,160.41999999999908,1.0
16043,160.42999999999907,1.0
16044,160.43999999999906,1.0
16045,160.44999999999905,1.0
16046,160.45999999999904,1.0
16047,160.46999999999903,1.0
16048,160.47999999999902,1.0
16049,160.48999999999901,1.0
16050,160.499999999999,1.0
16051,160.509999999999,1.0
16052,160.519999999999,1.0
16053,160.52999999999898,1.0
16054,160.53999999999897,1.0
16055,160.54999999999896,1.0
16056,160.55999999999895,1.0
16057,160.56999999999894,1.0
16058,160.57999999999893,1.0
16059,160.58999999999892,1.0
16060,160.59999999999891,1.0
16061,160.6099999999989,1.0
16062,160.6199999999989,1.0
16063,160.6299999999989,1.0
16064,160.63999999999888,1.0
16065,160.64999999999887,1.0
16066,160.65999999999886,1.0
16067,160.66999999999885,1.0
16068,160.67999999999884,1.0
16069,160.68999999999883,1.0
16070,160.69999999999882,1.0
16071,160.70999999999881,1.0
16072,160.7199999999988,1.0
16073,160.7299999999988,1.0
16074,160.7399999999988,1.0
16075,160.74999999999878,1.0
16076,160.75999999999877,1.0
16077,160.76999999999876,1.0
16078,160.77999999999875,1.0
16079,160.78999999999874,1.0
16080,160.79999999999873,1.0
16081,160.80999999999872,1.0
16082,160.8199999999987,1.0
16083,160.8299999999987,1.0
16084,160.8399999999987,1.0
16085,160.8499999999987,1.0
16086,160.85999999999868,1.0
16087,160.86999999999867,1.0
16088,160.87999999999866,1.0
16089,160.88999999999865,1.0
16090,160.89999999999864,1.0
16091,160.90999999999863,1.0
16092,160.91999999999862,1.0
16093,160.9299999999986,1.0
16094,160.9399999999986,1.0
16095,160.9499999999986,1.0
16096,160.9599999999986,1.0
16097,160.96999999999858,1.0
16098,160.97999999999857,1.0
16099,160.98999999999856,1.0
16100,160.99999999999855,1.0
16101,161.00999999999854,1.0
16102,161.01999999999853,1.0
16103,161.02999999999852,1.0
16104,161.0399999999985,1.0
16105,161.0499999999985,1.0
16106,161.0599999999985,1.0
16107,161.0699999999985,1.0
16108,161.07999999999848,1.0
16109,161.08999999999847,1.0
16110,161.09999999999846,1.0
16111,161.10999999999845,1.0
16112,161.11999999999844,1.0
16113,161.12999999999843,1.0
16114,161.13999999999842,1.0
16115,161.1499999999984,1.0
16116,161.1599999999984,1.0
16117,161.1699999999984,1.0
16118,161.1799999999984,1.0
16119,161.18999999999838,1.0
16120,161.19999999999837,1.0
16121,161.20999999999836,1.0
16122,161.21999999999835,1.0
16123,161.22999999999834,1.0
16124,161.23999999999833,1.0
16125,161.24999999999832,1.0
16126,161.2599999999983,1.0
16127,161.2699999999983,1.0
16128,161.2799999999983,1.0
16129,161.2899999999983,1.0
16130,161.29999999999828,1.0
16131,161.30999999999827,1.0
16132,161.31999999999826,1.0
16133,161.32999999999825,1.0
16134,161.33999999999824,1.0
16135,161.34999999999823,1.0
16136,161.35999999999822,1.0
16137,161.3699999999982,1.0
16138,161.3799999999982,1.0
16139,161.3899999999982,1.0
16140,161.3999999999982,1.0
16141,161.40999999999818,1.0
16142,161.41999999999817,1.0
16143,161.42999999999816,1.0
16144,161.43999999999815,1.0
16145,161.44999999999814,1.0
16146,161.45999999999813,1.0
16147,161.46999999999812,1.0
16148,161.4799999999981,1.0
16149,161.4899999999981,1.0
16150,161.4999999999981,1.0
16151,161.5099999999981,1.0
16152,161.51999999999808,1.0
16153,161.52999999999807,1.0
16154,161.53999999999806,1.0
16155,161.54999999999805,1.0
16156,161.55999999999804,1.0
16157,161.56999999999803,1.0
16158,161.57999999999802,1.0
16159,161.589999999998,1.0
16160,161.599999999998,1.0
16161,161.609999999998,1.0
16162,161.619999999998,1.0
16163,161.62999999999798,1.0
16164,161.63999999999797,1.0
16165,161.64999999999796,1.0
16166,161.65999999999795,1.0
16167,161.66999999999794,1.0
16168,161.67999999999793,1.0
16169,161.68999999999792,1.0
16170,161.6999999999979,1.0
16171,161.7099999999979,1.0
16172,161.7199999999979,1.0
16173,161.7299999999979,1.0
16174,161.73999999999788,1.0
16175,161.74999999999787,1.0
16176,161.75999999999786,1.0
16177,161.76999999999785,1.0
16178,161.77999999999784,1.0
16179,161.78999999999783,1.0
16180,161.79999999999782,1.0
16181,161.8099999999978,1.0
16182,161.8199999999978,1.0
16183,161.8299999999978,1.0
16184,161.8399999999978,1.0
16185,161.84999999999778,1.0
16186,161.85999999999777,1.0
16187,161.86999999999776,1.0
16188,161.87999999999775,1.0
16189,161.88999999999774,1.0
16190,161.89999999999773,1.0
16191,161.90999999999772,1.0
16192,161.9199999999977,1.0
16193,161.9299999999977,1.0
16194,161.9399999999977,1.0
16195,161.9499999999977,1.0
16196,161.95999999999768,1.0
16197,161.96999999999767,1.0
16198,161.97999999999766,1.0
16199,161.98999999999765,1.0
16200,161.99999999999764,1.0
16201,162.00999999999763,1.0
16202,162.01999999999762,1.0
16203,162.0299999999976,1.0
16204,162.0399999999976,1.0
16205,162.0499999999976,1.0
16206,162.0599999999976,1.0
16207,162.06999999999758,1.0
16208,162.07999999999757,1.0
16209,162.08999999999756,1.0
16210,162.09999999999755,1.0
16211,162.10999999999754,1.0
16212,162.11999999999753,1.0
16213,162.12999999999752,1.0
16214,162.1399999999975,1.0
16215,162.1499999999975,1.0
16216,162.1599999999975,1.0
16217,162.1699999999975,1.0
16218,162.17999999999748,1.0
16219,162.18999999999747,1.0
16220,162.19999999999746,1.0
16221,162.20999999999745,1.0
16222,162.21999999999744,1.0
16223,162.22999999999743,1.0
16224,162.23999999999742,1.0
16225,162.2499999999974,1.0
16226,162.2599999999974,1.0
16227,162.2699999999974,1.0
16228,162.2799999999974,1.0
16229,162.28999999999738,1.0
16230,162.29999999999737,1.0
16231,162.30999999999736,1.0
16232,162.31999999999735,1.0
16233,162.32999999999734,1.0
16234,162.33999999999733,1.0
16235,162.34999999999732,1.0
16236,162.3599999999973,1.0
16237,162.3699999999973,1.0
16238,162.3799999999973,1.0
16239,162.3899999999973,1.0
16240,162.39999999999728,1.0
16241,162.40999999999727,1.0
16242,162.41999999999726,1.0
16243,162.42999999999725,1.0
16244,162.43999999999724,1.0
16245,162.44999999999723,1.0
16246,162.45999999999722,1.0
16247,162.4699999999972,1.0
16248,162.4799999999972,1.0
16249,162.4899999999972,1.0
16250,162.4999999999972,1.0
16251,162.50999999999718,1.0
16252,162.51999999999717,1.0
16253,162.52999999999716,1.0
16254,162.53999999999715,1.0
16255,162.54999999999714,1.0
16256,162.55999999999713,1.0
16257,162.56999999999712,1.0
16258,162.5799999999971,1.0
16259,162.5899999999971,1.0
16260,162.5999999999971,1.0
16261,162.6099999999971,1.0
16262,162.61999999999708,1.0
16263,162.62999999999707,1.0
16264,162.63999999999706,1.0
16265,162.64999999999705,1.0
16266,162.65999999999704,1.0
16267,162.66999999999703,1.0
16268,162.67999999999702,1.0
16269,162.689999999997,1.0
16270,162.699999999997,1.0
16271,162.709999999997,1.0
16272,162.719999999997,1.0
16273,162.72999999999698,1.0
16274,162.73999999999697,1.0
16275,162.74999999999696,1.0
16276,162.75999999999695,1.0
16277,162.76999999999694,1.0
16278,162.77999999999693,1.0
16279,162.78999999999692,1.0
16280,162.7999999999969,1.0
16281,162.8099999999969,1.0
16282,162.8199999999969,1.0
16283,162.8299999999969,1.0
16284,162.83999999999688,1.0
16285,162.84999999999687,1.0
16286,162.85999999999686,1.0
16287,162.86999999999685,1.0
16288,162.87999999999684,1.0
16289,162.88999999999683,1.0
16290,162.89999999999682,1.0
16291,162.9099999999968,1.0
16292,162.9199999999968,1.0
16293,162.9299999999968,1.0
16294,162.9399999999968,1.0
16295,162.94999999999678,1.0
16296,162.95999999999677,1.0
16297,162.96999999999676,1.0
16298,162.97999999999675,1.0
16299,162.98999999999674,1.0
16300,162.99999999999673,1.0
16301,163.00999999999672,1.0
16302,163.0199999999967,1.0
16303,163.0299999999967,1.0
16304,163.0399999999967,1.0
16305,163.0499999999967,1.0
16306,163.05999999999668,1.0
16307,163.06999999999667,1.0
16308,163.07999999999666,1.0
16309,163.08999999999665,1.0
16310,163.09999999999664,1.0
16311,163.10999999999663,1.0
16312,163.11999999999662,1.0
16313,163.1299999999966,1.0
16314,163.1399999999966,1.0
16315,163.1499999999966,1.0
16316,163.1599999999966,1.0
16317,163.16999999999658,1.0
16318,163.17999999999657,1.0
16319,163.18999999999656,1.0
16320,163.19999999999655,1.0
16321,163.20999999999654,1.0
16322,163.21999999999653,1.0
16323,163.22999999999652,1.0
16324,163.2399999999965,1.0
16325,163.2499999999965,1.0
16326,163.2599999999965,1.0
16327,163.2699999999965,1.0
16328,163.27999999999648,1.0
16329,163.28999999999647,1.0
16330,163.29999999999646,1.0
16331,163.30999999999645,1.0
16332,163.31999999999644,1.0
16333,163.32999999999643,1.0
16334,163.33999999999642,1.0
16335,163.3499999999964,1.0
16336,163.3599999999964,1.0
16337,163.3699999999964,1.0
16338,163.3799999999964,1.0
16339,163.38999999999638,1.0
16340,163.39999999999637,1.0
16341,163.40999999999636,1.0
16342,163.41999999999635,1.0
16343,163.42999999999634,1.0
16344,163.43999999999633,1.0
16345,163.44999999999632,1.0
16346,163.4599999999963,1.0
16347,163.4699999999963,1.0
16348,163.4799999999963,1.0
16349,163.4899999999963,1.0
16350,163.49999999999628,1.0
16351,163.50999999999627,1.0
16352,163.51999999999626,1.0
16353,163.52999999999625,1.0
16354,163.53999999999624,1.0
16355,163.54999999999623,1.0
16356,163.55999999999622,1.0
16357,163.5699999999962,1.0
16358,163.5799999999962,1.0
16359,163.5899999999962,1.0
16360,163.5999999999962,1.0
16361,163.60999999999618,1.0
16362,163.61999999999617,1.0
16363,163.62999999999616,1.0
16364,163.63999999999615,1.0
16365,163.64999999999614,1.0
16366,163.65999999999613,1.0
16367,163.66999999999612,1.0
16368,163.6799999999961,1.0
16369,163.6899999999961,1.0
16370,163.6999999999961,1.0
16371,163.70999999999609,1.0
16372,163.71999999999608,1.0
16373,163.72999999999607,1.0
16374,163.73999999999606,1.0
16375,163.74999999999605,1.0
16376,163.75999999999604,1.0
16377,163.76999999999603,1.0
16378,163.77999999999602,1.0
16379,163.789999999996,1.0
16380,163.799999999996,1.0
16381,163.809999999996,1.0
16382,163.81999999999599,1.0
16383,163.82999999999598,1.0
16384,163.83999999999597,1.0
16385,163.84999999999596,1.0
16386,163.85999999999595,1.0
16387,163.86999999999594,1.0
16388,163.87999999999593,1.0
16389,163.88999999999592,1.0
16390,163.8999999999959,1.0
16391,163.9099999999959,1.0
16392,163.9199999999959,1.0
16393,163.92999999999589,1.0
16394,163.93999999999588,1.0
16395,163.94999999999587,1.0
16396,163.95999999999586,1.0
16397,163.96999999999585,1.0
16398,163.97999999999584,1.0
16399,163.98999999999583,1.0
16400,163.99999999999582,1.0
16401,164.0099999999958,1.0
16402,164.0199999999958,1.0
16403,164.0299999999958,1.0
16404,164.03999999999579,1.0
16405,164.04999999999578,1.0
16406,164.05999999999577,1.0
16407,164.06999999999576,1.0
16408,164.07999999999575,1.0
16409,164.08999999999574,1.0
16410,164.09999999999573,1.0
16411,164.10999999999572,1.0
16412,164.1199999999957,1.0
16413,164.1299999999957,1.0
16414,164.1399999999957,1.0
16415,164.14999999999569,1.0
16416,164.15999999999568,1.0
16417,164.16999999999567,1.0
16418,164.17999999999566,1.0
16419,164.18999999999565,1.0
16420,164.19999999999564,1.0
16421,164.20999999999563,1.0
16422,164.21999999999562,1.0
16423,164.2299999999956,1.0
16424,164.2399999999956,1.0
16425,164.2499999999956,1.0
16426,164.25999999999559,1.0
16427,164.26999999999558,1.0
16428,164.27999999999557,1.0
16429,164.28999999999556,1.0
16430,164.29999999999555,1.0
16431,164.30999999999554,1.0
16432,164.31999999999553,1.0
16433,164.32999999999552,1.0
16434,164.3399999999955,1.0
16435,164.3499999999955,1.0
16436,164.3599999999955,1.0
16437,164.36999999999549,1.0
16438,164.37999999999548,1.0
16439,164.38999999999547,1.0
16440,164.39999999999546,1.0
16441,164.40999999999545,1.0
16442,164.41999999999544,1.0
16443,164.42999999999543,1.0
16444,164.43999999999542,1.0
16445,164.4499999999954,1.0
16446,164.4599999999954,1.0
16447,164.4699999999954,1.0
16448,164.47999999999539,1.0
16449,164.48999999999538,1.0
16450,164.49999999999537,1.0
16451,164.50999999999536,1.0
16452,164.51999999999535,1.0
16453,164.52999999999534,1.0
16454,164.53999999999533,1.0
16455,164.54999999999532,1.0
16456,164.5599999999953,1.0
16457,164.5699999999953,1.0
16458,164.5799999999953,1.0
16459,164.58999999999529,1.0
16460,164.59999999999528,1.0
16461,164.60999999999527,1.0
16462,164.61999999999526,1.0
16463,164.62999999999525,1.0
16464,164.63999999999524,1.0
16465,164.64999999999523,1.0
16466,164.65999999999522,1.0
16467,164.6699999999952,1.0
16468,164.6799999999952,1.0
16469,164.6899999999952,1.0
16470,164.69999999999519,1.0
16471,164.70999999999518,1.0
16472,164.71999999999517,1.0
16473,164.72999999999516,1.0
16474,164.73999999999515,1.0
16475,164.74999999999514,1.0
16476,164.75999999999513,1.0
16477,164.76999999999512,1.0
16478,164.7799999999951,1.0
16479,164.7899999999951,1.0
16480,164.7999999999951,1.0
16481,164.80999999999509,1.0
16482,164.81999999999508,1.0
16483,164.82999999999507,1.0
16484,164.83999999999506,1.0
16485,164.84999999999505,1.0
16486,164.85999999999504,1.0
16487,164.86999999999503,1.0
16488,164.87999999999502,1.0
16489,164.889999999995,1.0
16490,164.899999999995,1.0
16491,164.909999999995,1.0
16492,164.91999999999499,1.0
16493,164.92999999999498,1.0
16494,164.93999999999497,1.0
16495,164.94999999999496,1.0
16496,164.95999999999495,1.0
16497,164.96999999999494,1.0
16498,164.97999999999493,1.0
16499,164.98999999999492,1.0
16500,164.9999999999949,1.0
16501,165.0099999999949,1.0
16502,165.0199999999949,1.0
16503,165.02999999999489,1.0
16504,165.03999999999488,1.0
16505,165.04999999999487,1.0
16506,165.05999999999486,1.0
16507,165.06999999999485,1.0
16508,165.07999999999484,1.0
16509,165.08999999999483,1.0
16510,165.09999999999482,1.0
16511,165.1099999999948,1.0
16512,165.1199999999948,1.0
16513,165.1299999999948,1.0
16514,165.13999999999479,1.0
16515,165.14999999999478,1.0
16516,165.15999999999477,1.0
16517,165.16999999999476,1.0
16518,165.17999999999475,1.0
16519,165.18999999999474,1.0
16520,165.19999999999473,1.0
16521,165.20999999999472,1.0
16522,165.2199999999947,1.0
16523,165.2299999999947,1.0
16524,165.2399999999947,1.0
16525,165.24999999999469,1.0
16526,165.25999999999468,1.0
16527,165.26999999999467,1.0
16528,165.27999999999466,1.0
16529,165.28999999999465,1.0
16530,165.29999999999464,1.0
16531,165.30999999999463,1.0
16532,165.31999999999462,1.0
16533,165.3299999999946,1.0
16534,165.3399999999946,1.0
16535,165.3499999999946,1.0
16536,165.35999999999459,1.0
16537,165.36999999999458,1.0
16538,165.37999999999457,1.0
16539,165.38999999999456,1.0
16540,165.39999999999455,1.0
16541,165.40999999999454,1.0
16542,165.41999999999453,1.0
16543,165.42999999999452,1.0
16544,165.4399999999945,1.0
16545,165.4499999999945,1.0
16546,165.4599999999945,1.0
16547,165.46999999999449,1.0
16548,165.47999999999448,1.0
16549,165.48999999999447,1.0
16550,165.49999999999446,1.0
16551,165.50999999999445,1.0
16552,165.51999999999444,1.0
16553,165.52999999999443,1.0
16554,165.53999999999442,1.0
16555,165.5499999999944,1.0
16556,165.5599999999944,1.0
16557,165.5699999999944,1.0
16558,165.57999999999439,1.0
16559,165.58999999999438,1.0
16560,165.59999999999437,1.0
16561,165.60999999999436,1.0
16562,165.61999999999435,1.0
16563,165.62999999999434,1.0
16564,165.63999999999433,1.0
16565,165.64999999999432,1.0
16566,165.6599999999943,1.0
16567,165.6699999999943,1.0
16568,165.6799999999943,1.0
16569,165.68999999999428,1.0
16570,165.69999999999428,1.0
16571,165.70999999999427,1.0
16572,165.71999999999426,1.0
16573,165.72999999999425,1.0
16574,165.73999999999424,1.0
16575,165.74999999999423,1.0
16576,165.75999999999422,1.0
16577,165.7699999999942,1.0
16578,165.7799999999942,1.0
16579,165.7899999999942,1.0
16580,165.79999999999418,1.0
16581,165.80999999999418,1.0
16582,165.81999999999417,1.0
16583,165.82999999999416,1.0
16584,165.83999999999415,1.0
16585,165.84999999999414,1.0
16586,165.85999999999413,1.0
16587,165.86999999999412,1.0
16588,165.8799999999941,1.0
16589,165.8899999999941,1.0
16590,165.8999999999941,1.0
16591,165.90999999999408,1.0
16592,165.91999999999408,1.0
16593,165.92999999999407,1.0
16594,165.93999999999406,1.0
16595,165.94999999999405,1.0
16596,165.95999999999404,1.0
16597,165.96999999999403,1.0
16598,165.97999999999402,1.0
16599,165.989999999994,1.0
16600,165.999999999994,1.0
16601,166.009999999994,1.0
16602,166.01999999999398,1.0
16603,166.02999999999398,1.0
16604,166.03999999999397,1.0
16605,166.04999999999396,1.0
16606,166.05999999999395,1.0
16607,166.06999999999394,1.0
16608,166.07999999999393,1.0
16609,166.08999999999392,1.0
16610,166.0999999999939,1.0
16611,166.1099999999939,1.0
16612,166.1199999999939,1.0
16613,166.12999999999388,1.0
16614,166.13999999999388,1.0
16615,166.14999999999387,1.0
16616,166.15999999999386,1.0
16617,166.16999999999385,1.0
16618,166.17999999999384,1.0
16619,166.18999999999383,1.0
16620,166.19999999999382,1.0
16621,166.2099999999938,1.0
16622,166.2199999999938,1.0
16623,166.2299999999938,1.0
16624,166.23999999999378,1.0
16625,166.24999999999378,1.0
16626,166.25999999999377,1.0
16627,166.26999999999376,1.0
16628,166.27999999999375,1.0
16629,166.28999999999374,1.0
16630,166.29999999999373,1.0
16631,166.30999999999372,1.0
16632,166.3199999999937,1.0
16633,166.3299999999937,1.0
16634,166.3399999999937,1.0
16635,166.34999999999368,1.0
16636,166.35999999999368,1.0
16637,166.36999999999367,1.0
16638,166.37999999999366,1.0
16639,166.38999999999365,1.0
16640,166.39999999999364,1.0
16641,166.40999999999363,1.0
16642,166.41999999999362,1.0
16643,166.4299999999936,1.0
16644,166.4399999999936,1.0
16645,166.4499999999936,1.0
16646,166.45999999999358,1.0
16647,166.46999999999358,1.0
16648,166.47999999999357,1.0
16649,166.48999999999356,1.0
16650,166.49999999999355,1.0
16651,166.50999999999354,1.0
16652,166.51999999999353,1.0
16653,166.52999999999352,1.0
16654,166.5399999999935,1.0
16655,166.5499999999935,1.0
16656,166.5599999999935,1.0
16657,166.56999999999348,1.0
16658,166.57999999999348,1.0
16659,166.58999999999347,1.0
16660,166.59999999999346,1.0
16661,166.60999999999345,1.0
16662,166.61999999999344,1.0
16663,166.62999999999343,1.0
16664,166.63999999999342,1.0
16665,166.6499999999934,1.0
16666,166.6599999999934,1.0
16667,166.6699999999934,1.0
16668,166.67999999999338,1.0
16669,166.68999999999338,1.0
16670,166.69999999999337,1.0
16671,166.70999999999336,1.0
16672,166.71999999999335,1.0
16673,166.72999999999334,1.0
16674,166.73999999999333,1.0
16675,166.74999999999332,1.0
16676,166.7599999999933,1.0
16677,166.7699999999933,1.0
16678,166.7799999999933,1.0
16679,166.78999999999328,1.0
16680,166.79999999999328,1.0
16681,166.80999999999327,1.0
16682,166.81999999999326,1.0
16683,166.82999999999325,1.0
16684,166.83999999999324,1.0
16685,166.84999999999323,1.0
16686,166.85999999999322,1.0
16687,166.8699999999932,1.0
16688,166.8799999999932,1.0
16689,166.8899999999932,1.0
16690,166.89999999999318,1.0
16691,166.90999999999318,1.0
16692,166.91999999999317,1.0
16693,166.92999999999316,1.0
16694,166.93999999999315,1.0
16695,166.94999999999314,1.0
16696,166.95999999999313,1.0
16697,166.96999999999312,1.0
16698,166.9799999999931,1.0
16699,166.9899999999931,1.0
16700,166.9999999999931,1.0
16701,167.00999999999308,1.0
16702,167.01999999999308,1.0
16703,167.02999999999307,1.0
16704,167.03999999999306,1.0
16705,167.04999999999305,1.0
16706,167.05999999999304,1.0
16707,167.06999999999303,1.0
16708,167.07999999999302,1.0
16709,167.089999999993,1.0
16710,167.099999999993,1.0
16711,167.109999999993,1.0
16712,167.11999999999298,1.0
16713,167.12999999999298,1.0
16714,167.13999999999297,1.0
16715,167.14999999999296,1.0
16716,167.15999999999295,1.0
16717,167.16999999999294,1.0
16718,167.17999999999293,1.0
16719,167.18999999999292,1.0
16720,167.1999999999929,1.0
16721,167.2099999999929,1.0
16722,167.2199999999929,1.0
16723,167.22999999999288,1.0
16724,167.23999999999288,1.0
16725,167.24999999999287,1.0
16726,167.25999999999286,1.0
16727,167.26999999999285,1.0
16728,167.27999999999284,1.0
16729,167.28999999999283,1.0
16730,167.29999999999282,1.0
16731,167.3099999999928,1.0
16732,167.3199999999928,1.0
16733,167.3299999999928,1.0
16734,167.33999999999278,1.0
16735,167.34999999999278,1.0
16736,167.35999999999277,1.0
16737,167.36999999999276,1.0
16738,167.37999999999275,1.0
16739,167.38999999999274,1.0
16740,167.39999999999273,1.0
16741,167.40999999999272,1.0
16742,167.4199999999927,1.0
16743,167.4299999999927,1.0
16744,167.4399999999927,1.0
16745,167.44999999999268,1.0
16746,167.45999999999268,1.0
16747,167.46999999999267,1.0
16748,167.47999999999266,1.0
16749,167.48999999999265,1.0
16750,167.49999999999264,1.0
16751,167.50999999999263,1.0
16752,167.51999999999262,1.0
16753,167.5299999999926,1.0
16754,167.5399999999926,1.0
16755,167.5499999999926,1.0
16756,167.55999999999258,1.0
16757,167.56999999999258,1.0
16758,167.57999999999257,1.0
16759,167.58999999999256,1.0
16760,167.59999999999255,1.0
16761,167.60999999999254,1.0
16762,167.61999999999253,1.0
16763,167.62999999999252,1.0
16764,167.6399999999925,1.0
16765,167.6499999999925,1.0
16766,167.6599999999925,1.0
16767,167.66999999999248,1.0
16768,167.67999999999248,1.0
16769,167.68999999999247,1.0
16770,167.69999999999246,1.0
16771,167.70999999999245,1.0
16772,167.71999999999244,1.0
16773,167.72999999999243,1.0
16774,167.73999999999242,1.0
16775,167.7499999999924,1.0
16776,167.7599999999924,1.0
16777,167.7699999999924,1.0
16778,167.77999999999238,1.0
16779,167.78999999999238,1.0
16780,167.79999999999237,1.0
16781,167.80999999999236,1.0
16782,167.81999999999235,1.0
16783,167.82999999999234,1.0
16784,167.83999999999233,1.0
16785,167.84999999999232,1.0
16786,167.8599999999923,1.0
16787,167.8699999999923,1.0
16788,167.8799999999923,1.0
16789,167.88999999999228,1.0
16790,167.89999999999227,1.0
16791,167.90999999999227,1.0
16792,167.91999999999226,1.0
16793,167.92999999999225,1.0
16794,167.93999999999224,1.0
16795,167.94999999999223,1.0
16796,167.95999999999222,1.0
16797,167.9699999999922,1.0
16798,167.9799999999922,1.0
16799,167.9899999999922,1.0
16800,167.99999999999218,1.0
16801,168.00999999999217,1.0
16802,168.01999999999217,1.0
16803,168.02999999999216,1.0
16804,168.03999999999215,1.0
16805,168.04999999999214,1.0
16806,168.05999999999213,1.0
16807,168.06999999999212,1.0
16808,168.0799999999921,1.0
16809,168.0899999999921,1.0
16810,168.0999999999921,1.0
16811,168.10999999999208,1.0
16812,168.11999999999207,1.0
16813,168.12999999999207,1.0
16814,168.13999999999206,1.0
16815,168.14999999999205,1.0
16816,168.15999999999204,1.0
16817,168.16999999999203,1.0
16818,168.17999999999202,1.0
16819,168.189999999992,1.0
16820,168.199999999992,1.0
16821,168.209999999992,1.0
16822,168.21999999999198,1.0
16823,168.22999999999197,1.0
16824,168.23999999999197,1.0
16825,168.24999999999196,1.0
16826,168.25999999999195,1.0
16827,168.26999999999194,1.0
16828,168.27999999999193,1.0
16829,168.28999999999192,1.0
16830,168.2999999999919,1.0
16831,168.3099999999919,1.0
16832,168.3199999999919,1.0
16833,168.32999999999188,1.0
16834,168.33999999999187,1.0
16835,168.34999999999187,1.0
16836,168.35999999999186,1.0
16837,168.36999999999185,1.0
16838,168.37999999999184,1.0
16839,168.38999999999183,1.0
16840,168.39999999999182,1.0
16841,168.4099999999918,1.0
16842,168.4199999999918,1.0
16843,168.4299999999918,1.0
16844,168.43999999999178,1.0
16845,168.44999999999177,1.0
16846,168.45999999999177,1.0
16847,168.46999999999176,1.0
16848,168.47999999999175,1.0
16849,168.48999999999174,1.0
16850,168.49999999999173,1.0
16851,168.50999999999172,1.0
16852,168.5199999999917,1.0
16853,168.5299999999917,1.0
16854,168.5399999999917,1.0
16855,168.54999999999168,1.0
16856,168.55999999999167,1.0
16857,168.56999999999167,1.0
16858,168.57999999999166,1.0
16859,168.58999999999165,1.0
16860,168.59999999999164,1.0
16861,168.60999999999163,1.0
16862,168.61999999999162,1.0
16863,168.6299999999916,1.0
16864,168.6399999999916,1.0
16865,168.6499999999916,1.0
16866,168.65999999999158,1.0
16867,168.66999999999157,1.0
16868,168.67999999999157,1.0
16869,168.68999999999156,1.0
16870,168.69999999999155,1.0
16871,168.70999999999154,1.0
16872,168.71999999999153,1.0
16873,168.72999999999152,1.0
16874,168.7399999999915,1.0
16875,168.7499999999915,1.0
16876,168.7599999999915,1.0
16877,168.76999999999148,1.0
16878,168.77999999999147,1.0
16879,168.78999999999147,1.0
16880,168.79999999999146,1.0
16881,168.80999999999145,1.0
16882,168.81999999999144,1.0
16883,168.82999999999143,1.0
16884,168.83999999999142,1.0
16885,168.8499999999914,1.0
16886,168.8599999999914,1.0
16887,168.8699999999914,1.0
16888,168.87999999999138,1.0
16889,168.88999999999137,1.0
16890,168.89999999999137,1.0
16891,168.90999999999136,1.0
16892,168.91999999999135,1.0
16893,168.92999999999134,1.0
16894,168.93999999999133,1.0
16895,168.94999999999132,1.0
16896,168.9599999999913,1.0
16897,168.9699999999913,1.0
16898,168.9799999999913,1.0
16899,168.98999999999128,1.0
16900,168.99999999999127,1.0
16901,169.00999999999127,1.0
16902,169.01999999999126,1.0
16903,169.02999999999125,1.0
16904,169.03999999999124,1.0
16905,169.04999999999123,1.0
16906,169.05999999999122,1.0
16907,169.0699999999912,1.0
16908,169.0799999999912,1.0
16909,169.0899999999912,1.0
16910,169.09999999999118,1.0
16911,169.10999999999117,1.0
16912,169.11999999999117,1.0
16913,169.12999999999116,1.0
16914,169.13999999999115,1.0
16915,169.14999999999114,1.0
16916,169.15999999999113,1.0
16917,169.16999999999112,1.0
16918,169.1799999999911,1.0
16919,169.1899999999911,1.0
16920,169.1999999999911,1.0
16921,169.20999999999108,1.0
16922,169.21999999999107,1.0
16923,169.22999999999107,1.0
16924,169.23999999999106,1.0
16925,169.24999999999105,1.0
16926,169.25999999999104,1.0
16927,169.26999999999103,1.0
16928,169.27999999999102,1.0
16929,169.289999999991,1.0
16930,169.299999999991,1.0
16931,169.309999999991,1.0
16932,169.31999999999098,1.0
16933,169.32999999999097,1.0
16934,169.33999999999097,1.0
16935,169.34999999999096,1.0
16936,169.35999999999095,1.0
16937,169.36999999999094,1.0
16938,169.37999999999093,1.0
16939,169.38999999999092,1.0
16940,169.3999999999909,1.0
16941,169.4099999999909,1.0
16942,169.4199999999909,1.0
16943,169.42999999999088,1.0
16944,169.43999999999087,1.0
16945,169.44999999999087,1.0
16946,169.45999999999086,1.0
16947,169.46999999999085,1.0
16948,169.47999999999084,1.0
16949,169.48999999999083,1.0
16950,169.49999999999082,1.0
16951,169.5099999999908,1.0
16952,169.5199999999908,1.0
16953,169.5299999999908,1.0
16954,169.53999999999078,1.0
16955,169.54999999999077,1.0
16956,169.55999999999077,1.0
16957,169.56999999999076,1.0
16958,169.57999999999075,1.0
16959,169.58999999999074,1.0
16960,169.59999999999073,1.0
16961,169.60999999999072,1.0
16962,169.6199999999907,1.0
16963,169.6299999999907,1.0
16964,169.6399999999907,1.0
16965,169.64999999999068,1.0
16966,169.65999999999067,1.0
16967,169.66999999999067,1.0
16968,169.67999999999066,1.0
16969,169.68999999999065,1.0
16970,169.69999999999064,1.0
16971,169.70999999999063,1.0
16972,169.71999999999062,1.0
16973,169.7299999999906,1.0
16974,169.7399999999906,1.0
16975,169.7499999999906,1.0
16976,169.75999999999058,1.0
16977,169.76999999999057,1.0
16978,169.77999999999057,1.0
16979,169.78999999999056,1.0
16980,169.79999999999055,1.0
16981,169.80999999999054,1.0
16982,169.81999999999053,1.0
16983,169.82999999999052,1.0
16984,169.8399999999905,1.0
16985,169.8499999999905,1.0
16986,169.8599999999905,1.0
16987,169.86999999999048,1.0
16988,169.87999999999047,1.0
16989,169.88999999999047,1.0
16990,169.89999999999046,1.0
16991,169.90999999999045,1.0
16992,169.91999999999044,1.0
16993,169.92999999999043,1.0
16994,169.93999999999042,1.0
16995,169.9499999999904,1.0
16996,169.9599999999904,1.0
16997,169.9699999999904,1.0
16998,169.97999999999038,1.0
16999,169.98999999999037,1.0
17000,169.99999999999037,1.0
17001,170.00999999999036,1.0
17002,170.01999999999035,1.0
17003,170.02999999999034,1.0
17004,170.03999999999033,1.0
17005,170.04999999999032,1.0
17006,170.0599999999903,1.0
17007,170.0699999999903,1.0
17008,170.0799999999903,1.0
17009,170.08999999999028,1.0
17010,170.09999999999027,1.0
17011,170.10999999999026,1.0
17012,170.11999999999026,1.0
17013,170.12999999999025,1.0
17014,170.13999999999024,1.0
17015,170.14999999999023,1.0
17016,170.15999999999022,1.0
17017,170.1699999999902,1.0
17018,170.1799999999902,1.0
17019,170.1899999999902,1.0
17020,170.19999999999018,1.0
17021,170.20999999999017,1.0
17022,170.21999999999016,1.0
17023,170.22999999999016,1.0
17024,170.23999999999015,1.0
17025,170.24999999999014,1.0
17026,170.25999999999013,1.0
17027,170.26999999999012,1.0
17028,170.2799999999901,1.0
17029,170.2899999999901,1.0
17030,170.2999999999901,1.0
17031,170.30999999999008,1.0
17032,170.31999999999007,1.0
17033,170.32999999999006,1.0
17034,170.33999999999006,1.0
17035,170.34999999999005,1.0
17036,170.35999999999004,1.0
17037,170.36999999999003,1.0
17038,170.37999999999002,1.0
17039,170.38999999999,1.0
17040,170.39999999999,1.0
17041,170.40999999999,1.0
17042,170.41999999998998,1.0
17043,170.42999999998997,1.0
17044,170.43999999998996,1.0
17045,170.44999999998996,1.0
17046,170.45999999998995,1.0
17047,170.46999999998994,1.0
17048,170.47999999998993,1.0
17049,170.48999999998992,1.0
17050,170.4999999999899,1.0
17051,170.5099999999899,1.0
17052,170.5199999999899,1.0
17053,170.52999999998988,1.0
17054,170.53999999998987,1.0
17055,170.54999999998986,1.0
17056,170.55999999998986,1.0
17057,170.56999999998985,1.0
17058,170.57999999998984,1.0
17059,170.58999999998983,1.0
17060,170.59999999998982,1.0
17061,170.6099999999898,1.0
17062,170.6199999999898,1.0
17063,170.6299999999898,1.0
17064,170.63999999998978,1.0
17065,170.64999999998977,1.0
17066,170.65999999998976,1.0
17067,170.66999999998976,1.0
17068,170.67999999998975,1.0
17069,170.68999999998974,1.0
17070,170.69999999998973,1.0
17071,170.70999999998972,1.0
17072,170.7199999999897,1.0
17073,170.7299999999897,1.0
17074,170.7399999999897,1.0
17075,170.74999999998968,1.0
17076,170.75999999998967,1.0
17077,170.76999999998966,1.0
17078,170.77999999998966,1.0
17079,170.78999999998965,1.0
17080,170.79999999998964,1.0
17081,170.80999999998963,1.0
17082,170.81999999998962,1.0
17083,170.8299999999896,1.0
17084,170.8399999999896,1.0
17085,170.8499999999896,1.0
17086,170.85999999998958,1.0
17087,170.86999999998957,1.0
17088,170.87999999998956,1.0
17089,170.88999999998956,1.0
17090,170.89999999998955,1.0
17091,170.90999999998954,1.0
17092,170.91999999998953,1.0
17093,170.92999999998952,1.0
17094,170.9399999999895,1.0
17095,170.9499999999895,1.0
17096,170.9599999999895,1.0
17097,170.96999999998948,1.0
17098,170.97999999998947,1.0
17099,170.98999999998946,1.0
17100,170.99999999998946,1.0
17101,171.00999999998945,1.0
17102,171.01999999998944,1.0
17103,171.02999999998943,1.0
17104,171.03999999998942,1.0
17105,171.0499999999894,1.0
17106,171.0599999999894,1.0
17107,171.0699999999894,1.0
17108,171.07999999998938,1.0
17109,171.08999999998937,1.0
17110,171.09999999998936,1.0
17111,171.10999999998936,1.0
17112,171.11999999998935,1.0
17113,171.12999999998934,1.0
17114,171.13999999998933,1.0
17115,171.14999999998932,1.0
17116,171.1599999999893,1.0
17117,171.1699999999893,1.0
17118,171.1799999999893,1.0
17119,171.18999999998928,1.0
17120,171.19999999998927,1.0
17121,171.20999999998926,1.0
17122,171.21999999998926,1.0
17123,171.22999999998925,1.0
17124,171.23999999998924,1.0
17125,171.24999999998923,1.0
17126,171.25999999998922,1.0
17127,171.2699999999892,1.0
17128,171.2799999999892,1.0
17129,171.2899999999892,1.0
17130,171.29999999998918,1.0
17131,171.30999999998917,1.0
17132,171.31999999998916,1.0
17133,171.32999999998916,1.0
17134,171.33999999998915,1.0
17135,171.34999999998914,1.0
17136,171.35999999998913,1.0
17137,171.36999999998912,1.0
17138,171.3799999999891,1.0
17139,171.3899999999891,1.0
17140,171.3999999999891,1.0
17141,171.40999999998908,1.0
17142,171.41999999998907,1.0
17143,171.42999999998906,1.0
17144,171.43999999998906,1.0
17145,171.44999999998905,1.0
17146,171.45999999998904,1.0
17147,171.46999999998903,1.0
17148,171.47999999998902,1.0
17149,171.489999999989,1.0
17150,171.499999999989,1.0
17151,171.509999999989,1.0
17152,171.51999999998898,1.0
17153,171.52999999998897,1.0
17154,171.53999999998896,1.0
17155,171.54999999998896,1.0
17156,171.55999999998895,1.0
17157,171.56999999998894,1.0
17158,171.57999999998893,1.0
17159,171.58999999998892,1.0
17160,171.5999999999889,1.0
17161,171.6099999999889,1.0
17162,171.6199999999889,1.0
17163,171.62999999998888,1.0
17164,171.63999999998887,1.0
17165,171.64999999998886,1.0
17166,171.65999999998886,1.0
17167,171.66999999998885,1.0
17168,171.67999999998884,1.0
17169,171.68999999998883,1.0
17170,171.69999999998882,1.0
17171,171.7099999999888,1.0
17172,171.7199999999888,1.0
17173,171.7299999999888,1.0
17174,171.73999999998878,1.0
17175,171.74999999998877,1.0
17176,171.75999999998876,1.0
17177,171.76999999998876,1.0
17178,171.77999999998875,1.0
17179,171.78999999998874,1.0
17180,171.79999999998873,1.0
17181,171.80999999998872,1.0
17182,171.8199999999887,1.0
17183,171.8299999999887,1.0
17184,171.8399999999887,1.0
17185,171.84999999998868,1.0
17186,171.85999999998867,1.0
17187,171.86999999998866,1.0
17188,171.87999999998866,1.0
17189,171.88999999998865,1.0
17190,171.89999999998864,1.0
17191,171.90999999998863,1.0
17192,171.91999999998862,1.0
17193,171.9299999999886,1.0
17194,171.9399999999886,1.0
17195,171.9499999999886,1.0
17196,171.95999999998858,1.0
17197,171.96999999998857,1.0
17198,171.97999999998856,1.0
17199,171.98999999998856,1.0
17200,171.99999999998855,1.0
17201,172.00999999998854,1.0
17202,172.01999999998853,1.0
17203,172.02999999998852,1.0
17204,172.0399999999885,1.0
17205,172.0499999999885,1.0
17206,172.0599999999885,1.0
17207,172.06999999998848,1.0
17208,172.07999999998847,1.0
17209,172.08999999998846,1.0
17210,172.09999999998846,1.0
17211,172.10999999998845,1.0
17212,172.11999999998844,1.0
17213,172.12999999998843,1.0
17214,172.13999999998842,1.0
17215,172.1499999999884,1.0
17216,172.1599999999884,1.0
17217,172.1699999999884,1.0
17218,172.17999999998838,1.0
17219,172.18999999998837,1.0
17220,172.19999999998836,1.0
17221,172.20999999998836,1.0
17222,172.21999999998835,1.0
17223,172.22999999998834,1.0
17224,172.23999999998833,1.0
17225,172.24999999998832,1.0
17226,172.2599999999883,1.0
17227,172.2699999999883,1.0
17228,172.2799999999883,1.0
17229,172.28999999998828,1.0
17230,172.29999999998827,1.0
17231,172.30999999998826,1.0
17232,172.31999999998826,1.0
17233,172.32999999998825,1.0
17234,172.33999999998824,1.0
17235,172.34999999998823,1.0
17236,172.35999999998822,1.0
17237,172.3699999999882,1.0
17238,172.3799999999882,1.0
17239,172.3899999999882,1.0
17240,172.39999999998818,1.0
17241,172.40999999998817,1.0
17242,172.41999999998816,1.0
17243,172.42999999998815,1.0
17244,172.43999999998815,1.0
17245,172.44999999998814,1.0
17246,172.45999999998813,1.0
17247,172.46999999998812,1.0
17248,172.4799999999881,1.0
17249,172.4899999999881,1.0
17250,172.4999999999881,1.0
17251,172.50999999998808,1.0
17252,172.51999999998807,1.0
17253,172.52999999998806,1.0
17254,172.53999999998805,1.0
17255,172.54999999998805,1.0
17256,172.55999999998804,1.0
17257,172.56999999998803,1.0
17258,172.57999999998802,1.0
17259,172.589999999988,1.0
17260,172.599999999988,1.0
17261,172.609999999988,1.0
17262,172.61999999998798,1.0
17263,172.62999999998797,1.0
17264,172.63999999998796,1.0
17265,172.64999999998795,1.0
17266,172.65999999998795,1.0
17267,172.66999999998794,1.0
17268,172.67999999998793,1.0
17269,172.68999999998792,1.0
17270,172.6999999999879,1.0
17271,172.7099999999879,1.0
17272,172.7199999999879,1.0
17273,172.72999999998788,1.0
17274,172.73999999998787,1.0
17275,172.74999999998786,1.0
17276,172.75999999998785,1.0
17277,172.76999999998785,1.0
17278,172.77999999998784,1.0
17279,172.78999999998783,1.0
17280,172.79999999998782,1.0
17281,172.8099999999878,1.0
17282,172.8199999999878,1.0
17283,172.8299999999878,1.0
17284,172.83999999998778,1.0
17285,172.84999999998777,1.0
17286,172.85999999998776,1.0
17287,172.86999999998775,1.0
17288,172.87999999998775,1.0
17289,172.88999999998774,1.0
17290,172.89999999998773,1.0
17291,172.90999999998772,1.0
17292,172.9199999999877,1.0
17293,172.9299999999877,1.0
17294,172.9399999999877,1.0
17295,172.94999999998768,1.0
17296,172.95999999998767,1.0
17297,172.96999999998766,1.0
17298,172.97999999998765,1.0
17299,172.98999999998765,1.0
17300,172.99999999998764,1.0
17301,173.00999999998763,1.0
17302,173.01999999998762,1.0
17303,173.0299999999876,1.0
17304,173.0399999999876,1.0
17305,173.0499999999876,1.0
17306,173.05999999998758,1.0
17307,173.06999999998757,1.0
17308,173.07999999998756,1.0
17309,173.08999999998755,1.0
17310,173.09999999998755,1.0
17311,173.10999999998754,1.0
17312,173.11999999998753,1.0
17313,173.12999999998752,1.0
17314,173.1399999999875,1.0
17315,173.1499999999875,1.0
17316,173.1599999999875,1.0
17317,173.16999999998748,1.0
17318,173.17999999998747,1.0
17319,173.18999999998746,1.0
17320,173.19999999998745,1.0
17321,173.20999999998745,1.0
17322,173.21999999998744,1.0
17323,173.22999999998743,1.0
17324,173.23999999998742,1.0
17325,173.2499999999874,1.0
17326,173.2599999999874,1.0
17327,173.2699999999874,1.0
17328,173.27999999998738,1.0
17329,173.28999999998737,1.0
17330,173.29999999998736,1.0
17331,173.30999999998735,1.0
17332,173.31999999998735,1.0
17333,173.32999999998734,1.0
17334,173.33999999998733,1.0
17335,173.34999999998732,1.0
17336,173.3599999999873,1.0
17337,173.3699999999873,1.0
17338,173.3799999999873,1.0
17339,173.38999999998728,1.0
17340,173.39999999998727,1.0
17341,173.40999999998726,1.0
17342,173.41999999998725,1.0
17343,173.42999999998725,1.0
17344,173.43999999998724,1.0
17345,173.44999999998723,1.0
17346,173.45999999998722,1.0
17347,173.4699999999872,1.0
17348,173.4799999999872,1.0
17349,173.4899999999872,1.0
17350,173.49999999998718,1.0
17351,173.50999999998717,1.0
17352,173.51999999998716,1.0
17353,173.52999999998715,1.0
17354,173.53999999998715,1.0
17355,173.54999999998714,1.0
17356,173.55999999998713,1.0
17357,173.56999999998712,1.0
17358,173.5799999999871,1.0
17359,173.5899999999871,1.0
17360,173.5999999999871,1.0
17361,173.60999999998708,1.0
17362,173.61999999998707,1.0
17363,173.62999999998706,1.0
17364,173.63999999998705,1.0
17365,173.64999999998705,1.0
17366,173.65999999998704,1.0
17367,173.66999999998703,1.0
17368,173.67999999998702,1.0
17369,173.689999999987,1.0
17370,173.699999999987,1.0
17371,173.709999999987,1.0
17372,173.71999999998698,1.0
17373,173.72999999998697,1.0
17374,173.73999999998696,1.0
17375,173.74999999998695,1.0
17376,173.75999999998695,1.0
17377,173.76999999998694,1.0
17378,173.77999999998693,1.0
17379,173.78999999998692,1.0
17380,173.7999999999869,1.0
17381,173.8099999999869,1.0
17382,173.8199999999869,1.0
17383,173.82999999998688,1.0
17384,173.83999999998687,1.0
17385,173.84999999998686,1.0
17386,173.85999999998685,1.0
17387,173.86999999998685,1.0
17388,173.87999999998684,1.0
17389,173.88999999998683,1.0
17390,173.89999999998682,1.0
17391,173.9099999999868,1.0
17392,173.9199999999868,1.0
17393,173.9299999999868,1.0
17394,173.93999999998678,1.0
17395,173.94999999998677,1.0
17396,173.95999999998676,1.0
17397,173.96999999998675,1.0
17398,173.97999999998675,1.0
17399,173.98999999998674,1.0
17400,173.99999999998673,1.0
17401,174.00999999998672,1.0
17402,174.0199999999867,1.0
17403,174.0299999999867,1.0
17404,174.0399999999867,1.0
17405,174.04999999998668,1.0
17406,174.05999999998667,1.0
17407,174.06999999998666,1.0
17408,174.07999999998665,1.0
17409,174.08999999998665,1.0
17410,174.09999999998664,1.0
17411,174.10999999998663,1.0
17412,174.11999999998662,1.0
17413,174.1299999999866,1.0
17414,174.1399999999866,1.0
17415,174.1499999999866,1.0
17416,174.15999999998658,1.0
17417,174.16999999998657,1.0
17418,174.17999999998656,1.0
17419,174.18999999998655,1.0
17420,174.19999999998655,1.0
17421,174.20999999998654,1.0
17422,174.21999999998653,1.0
17423,174.22999999998652,1.0
17424,174.2399999999865,1.0
17425,174.2499999999865,1.0
17426,174.2599999999865,1.0
17427,174.26999999998648,1.0
17428,174.27999999998647,1.0
17429,174.28999999998646,1.0
17430,174.29999999998645,1.0
17431,174.30999999998645,1.0
17432,174.31999999998644,1.0
17433,174.32999999998643,1.0
17434,174.33999999998642,1.0
17435,174.3499999999864,1.0
17436,174.3599999999864,1.0
17437,174.3699999999864,1.0
17438,174.37999999998638,1.0
17439,174.38999999998637,1.0
17440,174.39999999998636,1.0
17441,174.40999999998635,1.0
17442,174.41999999998635,1.0
17443,174.42999999998634,1.0
17444,174.43999999998633,1.0
17445,174.44999999998632,1.0
17446,174.4599999999863,1.0
17447,174.4699999999863,1.0
17448,174.4799999999863,1.0
17449,174.48999999998628,1.0
17450,174.49999999998627,1.0
17451,174.50999999998626,1.0
17452,174.51999999998625,1.0
17453,174.52999999998625,1.0
17454,174.53999999998624,1.0
17455,174.54999999998623,1.0
17456,174.55999999998622,1.0
17457,174.5699999999862,1.0
17458,174.5799999999862,1.0
17459,174.5899999999862,1.0
17460,174.59999999998618,1.0
17461,174.60999999998617,1.0
17462,174.61999999998616,1.0
17463,174.62999999998615,1.0
17464,174.63999999998614,1.0
17465,174.64999999998614,1.0
17466,174.65999999998613,1.0
17467,174.66999999998612,1.0
17468,174.6799999999861,1.0
17469,174.6899999999861,1.0
17470,174.6999999999861,1.0
17471,174.70999999998608,1.0
17472,174.71999999998607,1.0
17473,174.72999999998606,1.0
17474,174.73999999998605,1.0
17475,174.74999999998604,1.0
17476,174.75999999998604,1.0
17477,174.76999999998603,1.0
17478,174.77999999998602,1.0
17479,174.789999999986,1.0
17480,174.799999999986,1.0
17481,174.809999999986,1.0
17482,174.81999999998598,1.0
17483,174.82999999998597,1.0
17484,174.83999999998596,1.0
17485,174.84999999998595,1.0
17486,174.85999999998594,1.0
17487,174.86999999998594,1.0
17488,174.87999999998593,1.0
17489,174.88999999998592,1.0
17490,174.8999999999859,1.0
17491,174.9099999999859,1.0
17492,174.9199999999859,1.0
17493,174.92999999998588,1.0
17494,174.93999999998587,1.0
17495,174.94999999998586,1.0
17496,174.95999999998585,1.0
17497,174.96999999998584,1.0
17498,174.97999999998584,1.0
17499,174.98999999998583,1.0
17500,174.99999999998582,1.0
17501,175.0099999999858,1.0
17502,175.0199999999858,1.0
17503,175.0299999999858,1.0
17504,175.03999999998578,1.0
17505,175.04999999998577,1.0
17506,175.05999999998576,1.0
17507,175.06999999998575,1.0
17508,175.07999999998574,1.0
17509,175.08999999998574,1.0
17510,175.09999999998573,1.0
17511,175.10999999998572,1.0
17512,175.1199999999857,1.0
17513,175.1299999999857,1.0
17514,175.1399999999857,1.0
17515,175.14999999998568,1.0
17516,175.15999999998567,1.0
17517,175.16999999998566,1.0
17518,175.17999999998565,1.0
17519,175.18999999998564,1.0
17520,175.19999999998564,1.0
17521,175.20999999998563,1.0
17522,175.21999999998562,1.0
17523,175.2299999999856,1.0
17524,175.2399999999856,1.0
17525,175.2499999999856,1.0
17526,175.25999999998558,1.0
17527,175.26999999998557,1.0
17528,175.27999999998556,1.0
17529,175.28999999998555,1.0
17530,175.29999999998554,1.0
17531,175.30999999998554,1.0
17532,175.31999999998553,1.0
17533,175.32999999998552,1.0
17534,175.3399999999855,1.0
17535,175.3499999999855,1.0
17536,175.3599999999855,1.0
17537,175.36999999998548,1.0
17538,175.37999999998547,1.0
17539,175.38999999998546,1.0
17540,175.39999999998545,1.0
17541,175.40999999998544,1.0
17542,175.41999999998544,1.0
17543,175.42999999998543,1.0
17544,175.43999999998542,1.0
17545,175.4499999999854,1.0
17546,175.4599999999854,1.0
17547,175.4699999999854,1.0
17548,175.47999999998538,1.0
17549,175.48999999998537,1.0
17550,175.49999999998536,1.0
17551,175.50999999998535,1.0
17552,175.51999999998534,1.0
17553,175.52999999998534,1.0
17554,175.53999999998533,1.0
17555,175.54999999998532,1.0
17556,175.5599999999853,1.0
17557,175.5699999999853,1.0
17558,175.5799999999853,1.0
17559,175.58999999998528,1.0
17560,175.59999999998527,1.0
17561,175.60999999998526,1.0
17562,175.61999999998525,1.0
17563,175.62999999998524,1.0
17564,175.63999999998524,1.0
17565,175.64999999998523,1.0
17566,175.65999999998522,1.0
17567,175.6699999999852,1.0
17568,175.6799999999852,1.0
17569,175.6899999999852,1.0
17570,175.69999999998518,1.0
17571,175.70999999998517,1.0
17572,175.71999999998516,1.0
17573,175.72999999998515,1.0
17574,175.73999999998514,1.0
17575,175.74999999998514,1.0
17576,175.75999999998513,1.0
17577,175.76999999998512,1.0
17578,175.7799999999851,1.0
17579,175.7899999999851,1.0
17580,175.7999999999851,1.0
17581,175.80999999998508,1.0
17582,175.81999999998507,1.0
17583,175.82999999998506,1.0
17584,175.83999999998505,1.0
17585,175.84999999998504,1.0
17586,175.85999999998504,1.0
17587,175.86999999998503,1.0
17588,175.87999999998502,1.0
17589,175.889999999985,1.0
17590,175.899999999985,1.0
17591,175.909999999985,1.0
17592,175.91999999998498,1.0
17593,175.92999999998497,1.0
17594,175.93999999998496,1.0
17595,175.94999999998495,1.0
17596,175.95999999998494,1.0
17597,175.96999999998494,1.0
17598,175.97999999998493,1.0
17599,175.98999999998492,1.0
17600,175.9999999999849,1.0
17601,176.0099999999849,1.0
17602,176.0199999999849,1.0
17603,176.02999999998488,1.0
17604,176.03999999998487,1.0
17605,176.04999999998486,1.0
17606,176.05999999998485,1.0
17607,176.06999999998484,1.0
17608,176.07999999998484,1.0
17609,176.08999999998483,1.0
17610,176.09999999998482,1.0
17611,176.1099999999848,1.0
17612,176.1199999999848,1.0
17613,176.1299999999848,1.0
17614,176.13999999998478,1.0
17615,176.14999999998477,1.0
17616,176.15999999998476,1.0
17617,176.16999999998475,1.0
17618,176.17999999998474,1.0
17619,176.18999999998474,1.0
17620,176.19999999998473,1.0
17621,176.20999999998472,1.0
17622,176.2199999999847,1.0
17623,176.2299999999847,1.0
17624,176.2399999999847,1.0
17625,176.24999999998468,1.0
17626,176.25999999998467,1.0
17627,176.26999999998466,1.0
17628,176.27999999998465,1.0
17629,176.28999999998464,1.0
17630,176.29999999998464,1.0
17631,176.30999999998463,1.0
17632,176.31999999998462,1.0
17633,176.3299999999846,1.0
17634,176.3399999999846,1.0
17635,176.3499999999846,1.0
17636,176.35999999998458,1.0
17637,176.36999999998457,1.0
17638,176.37999999998456,1.0
17639,176.38999999998455,1.0
17640,176.39999999998454,1.0
17641,176.40999999998454,1.0
17642,176.41999999998453,1.0
17643,176.42999999998452,1.0
17644,176.4399999999845,1.0
17645,176.4499999999845,1.0
17646,176.4599999999845,1.0
17647,176.46999999998448,1.0
17648,176.47999999998447,1.0
17649,176.48999999998446,1.0
17650,176.49999999998445,1.0
17651,176.50999999998444,1.0
17652,176.51999999998444,1.0
17653,176.52999999998443,1.0
17654,176.53999999998442,1.0
17655,176.5499999999844,1.0
17656,176.5599999999844,1.0
17657,176.5699999999844,1.0
17658,176.57999999998438,1.0
17659,176.58999999998437,1.0
17660,176.59999999998436,1.0
17661,176.60999999998435,1.0
17662,176.61999999998434,1.0
17663,176.62999999998434,1.0
17664,176.63999999998433,1.0
17665,176.64999999998432,1.0
17666,176.6599999999843,1.0
17667,176.6699999999843,1.0
17668,176.6799999999843,1.0
17669,176.68999999998428,1.0
17670,176.69999999998427,1.0
17671,176.70999999998426,1.0
17672,176.71999999998425,1.0
17673,176.72999999998424,1.0
17674,176.73999999998424,1.0
17675,176.74999999998423,1.0
17676,176.75999999998422,1.0
17677,176.7699999999842,1.0
17678,176.7799999999842,1.0
17679,176.7899999999842,1.0
17680,176.79999999998418,1.0
17681,176.80999999998417,1.0
17682,176.81999999998416,1.0
17683,176.82999999998415,1.0
17684,176.83999999998414,1.0
17685,176.84999999998414,1.0
17686,176.85999999998413,1.0
17687,176.86999999998412,1.0
17688,176.8799999999841,1.0
17689,176.8899999999841,1.0
17690,176.8999999999841,1.0
17691,176.90999999998408,1.0
17692,176.91999999998407,1.0
17693,176.92999999998406,1.0
17694,176.93999999998405,1.0
17695,176.94999999998404,1.0
17696,176.95999999998403,1.0
17697,176.96999999998403,1.0
17698,176.97999999998402,1.0
17699,176.989999999984,1.0
17700,176.999999999984,1.0
17701,177.009999999984,1.0
17702,177.01999999998398,1.0
17703,177.02999999998397,1.0
17704,177.03999999998396,1.0
17705,177.04999999998395,1.0
17706,177.05999999998394,1.0
17707,177.06999999998393,1.0
17708,177.07999999998393,1.0
17709,177.08999999998392,1.0
17710,177.0999999999839,1.0
17711,177.1099999999839,1.0
17712,177.1199999999839,1.0
17713,177.12999999998388,1.0
17714,177.13999999998387,1.0
17715,177.14999999998386,1.0
17716,177.15999999998385,1.0
17717,177.16999999998384,1.0
17718,177.17999999998383,1.0
17719,177.18999999998383,1.0
17720,177.19999999998382,1.0
17721,177.2099999999838,1.0
17722,177.2199999999838,1.0
17723,177.2299999999838,1.0
17724,177.23999999998378,1.0
17725,177.24999999998377,1.0
17726,177.25999999998376,1.0
17727,177.26999999998375,1.0
17728,177.27999999998374,1.0
17729,177.28999999998373,1.0
17730,177.29999999998373,1.0
17731,177.30999999998372,1.0
17732,177.3199999999837,1.0
17733,177.3299999999837,1.0
17734,177.3399999999837,1.0
17735,177.34999999998368,1.0
17736,177.35999999998367,1.0
17737,177.36999999998366,1.0
17738,177.37999999998365,1.0
17739,177.38999999998364,1.0
17740,177.39999999998363,1.0
17741,177.40999999998363,1.0
17742,177.41999999998362,1.0
17743,177.4299999999836,1.0
17744,177.4399999999836,1.0
17745,177.4499999999836,1.0
17746,177.45999999998358,1.0
17747,177.46999999998357,1.0
17748,177.47999999998356,1.0
17749,177.48999999998355,1.0
17750,177.49999999998354,1.0
17751,177.50999999998353,1.0
17752,177.51999999998353,1.0
17753,177.52999999998352,1.0
17754,177.5399999999835,1.0
17755,177.5499999999835,1.0
17756,177.5599999999835,1.0
17757,177.56999999998348,1.0
17758,177.57999999998347,1.0
17759,177.58999999998346,1.0
17760,177.59999999998345,1.0
17761,177.60999999998344,1.0
17762,177.61999999998343,1.0
17763,177.62999999998343,1.0
17764,177.63999999998342,1.0
17765,177.6499999999834,1.0
17766,177.6599999999834,1.0
17767,177.6699999999834,1.0
17768,177.67999999998338,1.0
17769,177.68999999998337,1.0
17770,177.69999999998336,1.0
17771,177.70999999998335,1.0
17772,177.71999999998334,1.0
17773,177.72999999998333,1.0
17774,177.73999999998333,1.0
17775,177.74999999998332,1.0
17776,177.7599999999833,1.0
17777,177.7699999999833,1.0
17778,177.7799999999833,1.0
17779,177.78999999998328,1.0
17780,177.79999999998327,1.0
17781,177.80999999998326,1.0
17782,177.81999999998325,1.0
17783,177.82999999998324,1.0
17784,177.83999999998323,1.0
17785,177.84999999998323,1.0
17786,177.85999999998322,1.0
17787,177.8699999999832,1.0
17788,177.8799999999832,1.0
17789,177.8899999999832,1.0
17790,177.89999999998318,1.0
17791,177.90999999998317,1.0
17792,177.91999999998316,1.0
17793,177.92999999998315,1.0
17794,177.93999999998314,1.0
17795,177.94999999998313,1.0
17796,177.95999999998313,1.0
17797,177.96999999998312,1.0
17798,177.9799999999831,1.0
17799,177.9899999999831,1.0
17800,177.9999999999831,1.0
17801,178.00999999998308,1.0
17802,178.01999999998307,1.0
17803,178.02999999998306,1.0
17804,178.03999999998305,1.0
17805,178.04999999998304,1.0
17806,178.05999999998303,1.0
17807,178.06999999998303,1.0
17808,178.07999999998302,1.0
17809,178.089999999983,1.0
17810,178.099999999983,1.0
17811,178.109999999983,1.0
17812,178.11999999998298,1.0
17813,178.12999999998297,1.0
17814,178.13999999998296,1.0
17815,178.14999999998295,1.0
17816,178.15999999998294,1.0
17817,178.16999999998293,1.0
17818,178.17999999998293,1.0
17819,178.18999999998292,1.0
17820,178.1999999999829,1.0
17821,178.2099999999829,1.0
17822,178.2199999999829,1.0
17823,178.22999999998288,1.0
17824,178.23999999998287,1.0
17825,178.24999999998286,1.0
17826,178.25999999998285,1.0
17827,178.26999999998284,1.0
17828,178.27999999998283,1.0
17829,178.28999999998283,1.0
17830,178.29999999998282,1.0
17831,178.3099999999828,1.0
17832,178.3199999999828,1.0
17833,178.3299999999828,1.0
17834,178.33999999998278,1.0
17835,178.34999999998277,1.0
17836,178.35999999998276,1.0
17837,178.36999999998275,1.0
17838,178.37999999998274,1.0
17839,178.38999999998273,1.0
17840,178.39999999998273,1.0
17841,178.40999999998272,1.0
17842,178.4199999999827,1.0
17843,178.4299999999827,1.0
17844,178.4399999999827,1.0
17845,178.44999999998268,1.0
17846,178.45999999998267,1.0
17847,178.46999999998266,1.0
17848,178.47999999998265,1.0
17849,178.48999999998264,1.0
17850,178.49999999998263,1.0
17851,178.50999999998263,1.0
17852,178.51999999998262,1.0
17853,178.5299999999826,1.0
17854,178.5399999999826,1.0
17855,178.5499999999826,1.0
17856,178.55999999998258,1.0
17857,178.56999999998257,1.0
17858,178.57999999998256,1.0
17859,178.58999999998255,1.0
17860,178.59999999998254,1.0
17861,178.60999999998253,1.0
17862,178.61999999998253,1.0
17863,178.62999999998252,1.0
17864,178.6399999999825,1.0
17865,178.6499999999825,1.0
17866,178.6599999999825,1.0
17867,178.66999999998248,1.0
17868,178.67999999998247,1.0
17869,178.68999999998246,1.0
17870,178.69999999998245,1.0
17871,178.70999999998244,1.0
17872,178.71999999998243,1.0
17873,178.72999999998243,1.0
17874,178.73999999998242,1.0
17875,178.7499999999824,1.0
17876,178.7599999999824,1.0
17877,178.7699999999824,1.0
17878,178.77999999998238,1.0
17879,178.78999999998237,1.0
17880,178.79999999998236,1.0
17881,178.80999999998235,1.0
17882,178.81999999998234,1.0
17883,178.82999999998233,1.0
17884,178.83999999998233,1.0
17885,178.84999999998232,1.0
17886,178.8599999999823,1.0
17887,178.8699999999823,1.0
17888,178.8799999999823,1.0
17889,178.88999999998228,1.0
17890,178.89999999998227,1.0
17891,178.90999999998226,1.0
17892,178.91999999998225,1.0
17893,178.92999999998224,1.0
17894,178.93999999998223,1.0
17895,178.94999999998223,1.0
17896,178.95999999998222,1.0
17897,178.9699999999822,1.0
17898,178.9799999999822,1.0
17899,178.9899999999822,1.0
17900,178.99999999998218,1.0
17901,179.00999999998217,1.0
17902,179.01999999998216,1.0
17903,179.02999999998215,1.0
17904,179.03999999998214,1.0
17905,179.04999999998213,1.0
17906,179.05999999998213,1.0
17907,179.06999999998212,1.0
17908,179.0799999999821,1.0
17909,179.0899999999821,1.0
17910,179.0999999999821,1.0
17911,179.10999999998208,1.0
17912,179.11999999998207,1.0
17913,179.12999999998206,1.0
17914,179.13999999998205,1.0
17915,179.14999999998204,1.0
17916,179.15999999998203,1.0
17917,179.16999999998202,1.0
17918,179.17999999998202,1.0
17919,179.189999999982,1.0
17920,179.199999999982,1.0
17921,179.209999999982,1.0
17922,179.21999999998198,1.0
17923,179.22999999998197,1.0
17924,179.23999999998196,1.0
17925,179.24999999998195,1.0
17926,179.25999999998194,1.0
17927,179.26999999998193,1.0
17928,179.27999999998192,1.0
17929,179.28999999998192,1.0
17930,179.2999999999819,1.0
17931,179.3099999999819,1.0
17932,179.3199999999819,1.0
17933,179.32999999998188,1.0
17934,179.33999999998187,1.0
17935,179.34999999998186,1.0
17936,179.35999999998185,1.0
17937,179.36999999998184,1.0
17938,179.37999999998183,1.0
17939,179.38999999998182,1.0
17940,179.39999999998182,1.0
17941,179.4099999999818,1.0
17942,179.4199999999818,1.0
17943,179.4299999999818,1.0
17944,179.43999999998178,1.0
17945,179.44999999998177,1.0
17946,179.45999999998176,1.0
17947,179.46999999998175,1.0
17948,179.47999999998174,1.0
17949,179.48999999998173,1.0
17950,179.49999999998172,1.0
17951,179.50999999998172,1.0
17952,179.5199999999817,1.0
17953,179.5299999999817,1.0
17954,179.5399999999817,1.0
17955,179.54999999998168,1.0
17956,179.55999999998167,1.0
17957,179.56999999998166,1.0
17958,179.57999999998165,1.0
17959,179.58999999998164,1.0
17960,179.59999999998163,1.0
17961,179.60999999998162,1.0
17962,179.61999999998162,1.0
17963,179.6299999999816,1.0
17964,179.6399999999816,1.0
17965,179.6499999999816,1.0
17966,179.65999999998158,1.0
17967,179.66999999998157,1.0
17968,179.67999999998156,1.0
17969,179.68999999998155,1.0
17970,179.69999999998154,1.0
17971,179.70999999998153,1.0
17972,179.71999999998152,1.0
17973,179.72999999998152,1.0
17974,179.7399999999815,1.0
17975,179.7499999999815,1.0
17976,179.7599999999815,1.0
17977,179.76999999998148,1.0
17978,179.77999999998147,1.0
17979,179.78999999998146,1.0
17980,179.79999999998145,1.0
17981,179.80999999998144,1.0
17982,179.81999999998143,1.0
17983,179.82999999998142,1.0
17984,179.83999999998142,1.0
17985,179.8499999999814,1.0
17986,179.8599999999814,1.0
17987,179.8699999999814,1.0
17988,179.87999999998138,1.0
17989,179.88999999998137,1.0
17990,179.89999999998136,1.0
17991,179.90999999998135,1.0
17992,179.91999999998134,1.0
17993,179.92999999998133,1.0
17994,179.93999999998132,1.0
17995,179.94999999998132,1.0
17996,179.9599999999813,1.0
17997,179.9699999999813,1.0
17998,179.9799999999813,1.0
17999,179.98999999998128,1.0
18000,179.99999999998127,1.0
18001,180.00999999998126,1.0
18002,180.01999999998125,1.0
18003,180.02999999998124,1.0
18004,180.03999999998123,1.0
18005,180.04999999998122,1.0
18006,180.05999999998122,1.0
18007,180.0699999999812,1.0
18008,180.0799999999812,1.0
18009,180.0899999999812,1.0
18010,180.09999999998118,1.0
18011,180.10999999998117,1.0
18012,180.11999999998116,1.0
18013,180.12999999998115,1.0
18014,180.13999999998114,1.0
18015,180.14999999998113,1.0
18016,180.15999999998112,1.0
18017,180.16999999998112,1.0
18018,180.1799999999811,1.0
18019,180.1899999999811,1.0
18020,180.1999999999811,1.0
18021,180.20999999998108,1.0
18022,180.21999999998107,1.0
18023,180.22999999998106,1.0
18024,180.23999999998105,1.0
18025,180.24999999998104,1.0
18026,180.25999999998103,1.0
18027,180.26999999998102,1.0
18028,180.27999999998102,1.0
18029,180.289999999981,1.0
18030,180.299999999981,1.0
18031,180.309999999981,1.0
18032,180.31999999998098,1.0
18033,180.32999999998097,1.0
18034,180.33999999998096,1.0
18035,180.34999999998095,1.0
18036,180.35999999998094,1.0
18037,180.36999999998093,1.0
18038,180.37999999998092,1.0
18039,180.38999999998092,1.0
18040,180.3999999999809,1.0
18041,180.4099999999809,1.0
18042,180.4199999999809,1.0
18043,180.42999999998088,1.0
18044,180.43999999998087,1.0
18045,180.44999999998086,1.0
18046,180.45999999998085,1.0
18047,180.46999999998084,1.0
18048,180.47999999998083,1.0
18049,180.48999999998082,1.0
18050,180.49999999998082,1.0
18051,180.5099999999808,1.0
18052,180.5199999999808,1.0
18053,180.5299999999808,1.0
18054,180.53999999998078,1.0
18055,180.54999999998077,1.0
18056,180.55999999998076,1.0
18057,180.56999999998075,1.0
18058,180.57999999998074,1.0
18059,180.58999999998073,1.0
18060,180.59999999998072,1.0
18061,180.60999999998072,1.0
18062,180.6199999999807,1.0
18063,180.6299999999807,1.0
18064,180.6399999999807,1.0
18065,180.64999999998068,1.0
18066,180.65999999998067,1.0
18067,180.66999999998066,1.0
18068,180.67999999998065,1.0
18069,180.68999999998064,1.0
18070,180.69999999998063,1.0
18071,180.70999999998062,1.0
18072,180.71999999998062,1.0
18073,180.7299999999806,1.0
18074,180.7399999999806,1.0
18075,180.7499999999806,1.0
18076,180.75999999998058,1.0
18077,180.76999999998057,1.0
18078,180.77999999998056,1.0
18079,180.78999999998055,1.0
18080,180.79999999998054,1.0
18081,180.80999999998053,1.0
18082,180.81999999998052,1.0
18083,180.82999999998052,1.0
18084,180.8399999999805,1.0
18085,180.8499999999805,1.0
18086,180.8599999999805,1.0
18087,180.86999999998048,1.0
18088,180.87999999998047,1.0
18089,180.88999999998046,1.0
18090,180.89999999998045,1.0
18091,180.90999999998044,1.0
18092,180.91999999998043,1.0
18093,180.92999999998042,1.0
18094,180.93999999998042,1.0
18095,180.9499999999804,1.0
18096,180.9599999999804,1.0
18097,180.9699999999804,1.0
18098,180.97999999998038,1.0
18099,180.98999999998037,1.0
18100,180.99999999998036,1.0
18101,181.00999999998035,1.0
18102,181.01999999998034,1.0
18103,181.02999999998033,1.0
18104,181.03999999998032,1.0
18105,181.04999999998032,1.0
18106,181.0599999999803,1.0
18107,181.0699999999803,1.0
18108,181.0799999999803,1.0
18109,181.08999999998028,1.0
18110,181.09999999998027,1.0
18111,181.10999999998026,1.0
18112,181.11999999998025,1.0
18113,181.12999999998024,1.0
18114,181.13999999998023,1.0
18115,181.14999999998022,1.0
18116,181.15999999998022,1.0
18117,181.1699999999802,1.0
18118,181.1799999999802,1.0
18119,181.1899999999802,1.0
18120,181.19999999998018,1.0
18121,181.20999999998017,1.0
18122,181.21999999998016,1.0
18123,181.22999999998015,1.0
18124,181.23999999998014,1.0
18125,181.24999999998013,1.0
18126,181.25999999998012,1.0
18127,181.26999999998012,1.0
18128,181.2799999999801,1.0
18129,181.2899999999801,1.0
18130,181.2999999999801,1.0
18131,181.30999999998008,1.0
18132,181.31999999998007,1.0
18133,181.32999999998006,1.0
18134,181.33999999998005,1.0
18135,181.34999999998004,1.0
18136,181.35999999998003,1.0
18137,181.36999999998002,1.0
18138,181.37999999998001,1.0
18139,181.38999999998,1.0
18140,181.39999999998,1.0
18141,181.40999999998,1.0
18142,181.41999999997998,1.0
18143,181.42999999997997,1.0
18144,181.43999999997996,1.0
18145,181.44999999997995,1.0
18146,181.45999999997994,1.0
18147,181.46999999997993,1.0
18148,181.47999999997992,1.0
18149,181.48999999997991,1.0
18150,181.4999999999799,1.0
18151,181.5099999999799,1.0
18152,181.5199999999799,1.0
18153,181.52999999997988,1.0
18154,181.53999999997987,1.0
18155,181.54999999997986,1.0
18156,181.55999999997985,1.0
18157,181.56999999997984,1.0
18158,181.57999999997983,1.0
18159,181.58999999997982,1.0
18160,181.59999999997981,1.0
18161,181.6099999999798,1.0
18162,181.6199999999798,1.0
18163,181.6299999999798,1.0
18164,181.63999999997978,1.0
18165,181.64999999997977,1.0
18166,181.65999999997976,1.0
18167,181.66999999997975,1.0
18168,181.67999999997974,1.0
18169,181.68999999997973,1.0
18170,181.69999999997972,1.0
18171,181.70999999997971,1.0
18172,181.7199999999797,1.0
18173,181.7299999999797,1.0
18174,181.7399999999797,1.0
18175,181.74999999997968,1.0
18176,181.75999999997967,1.0
18177,181.76999999997966,1.0
18178,181.77999999997965,1.0
18179,181.78999999997964,1.0
18180,181.79999999997963,1.0
18181,181.80999999997962,1.0
18182,181.81999999997961,1.0
18183,181.8299999999796,1.0
18184,181.8399999999796,1.0
18185,181.8499999999796,1.0
18186,181.85999999997958,1.0
18187,181.86999999997957,1.0
18188,181.87999999997956,1.0
18189,181.88999999997955,1.0
18190,181.89999999997954,1.0
18191,181.90999999997953,1.0
18192,181.91999999997952,1.0
18193,181.92999999997951,1.0
18194,181.9399999999795,1.0
18195,181.9499999999795,1.0
18196,181.9599999999795,1.0
18197,181.96999999997948,1.0
18198,181.97999999997947,1.0
18199,181.98999999997946,1.0
18200,181.99999999997945,1.0
18201,182.00999999997944,1.0
18202,182.01999999997943,1.0
18203,182.02999999997942,1.0
18204,182.03999999997941,1.0
18205,182.0499999999794,1.0
18206,182.0599999999794,1.0
18207,182.0699999999794,1.0
18208,182.07999999997938,1.0
18209,182.08999999997937,1.0
18210,182.09999999997936,1.0
18211,182.10999999997935,1.0
18212,182.11999999997934,1.0
18213,182.12999999997933,1.0
18214,182.13999999997932,1.0
18215,182.14999999997931,1.0
18216,182.1599999999793,1.0
18217,182.1699999999793,1.0
18218,182.1799999999793,1.0
18219,182.18999999997928,1.0
18220,182.19999999997927,1.0
18221,182.20999999997926,1.0
18222,182.21999999997925,1.0
18223,182.22999999997924,1.0
18224,182.23999999997923,1.0
18225,182.24999999997922,1.0
18226,182.25999999997921,1.0
18227,182.2699999999792,1.0
18228,182.2799999999792,1.0
18229,182.2899999999792,1.0
18230,182.29999999997918,1.0
18231,182.30999999997917,1.0
18232,182.31999999997916,1.0
