,sojourn_time,cdf
0,0.0,0.0
1,0.01,0.007272128445528714
2,0.02,0.014475266865738745
3,0.03,0.021610226899802965
4,0.04,0.028677808995210774
5,0.05,0.035678802580702884
6,0.060000000000000005,0.04261398623631063
7,0.07,0.049484127860535465
8,0.08,0.0562899848347328
9,0.09,0.06303230418475048
10,0.09999999999999999,0.06971182273985621
11,0.10999999999999999,0.07632926728902067
12,0.11999999999999998,0.08288535473458913
13,0.12999999999999998,0.08938079224339968
14,0.13999999999999999,0.09581627739537968
15,0.15,0.10219249832967825
16,0.16,0.10851013388837172
17,0.17,0.11476985375778437
18,0.18000000000000002,0.12097231860747026
19,0.19000000000000003,0.12711818022689458
20,0.20000000000000004,0.13320808165985798
21,0.21000000000000005,0.13924265733669727
22,0.22000000000000006,0.14522253320431122
23,0.23000000000000007,0.1511483268540441
24,0.24000000000000007,0.15702064764745993
25,0.25000000000000006,0.16284009684005674
26,0.26000000000000006,0.16860726770294643
27,0.2700000000000001,0.17432274564253847
28,0.2800000000000001,0.17998710831826625
29,0.2900000000000001,0.18560092575838683
30,0.3000000000000001,0.19116476047388542
31,0.3100000000000001,0.19667916757052573
32,0.3200000000000001,0.20214469485906938
33,0.3300000000000001,0.20756188296370315
34,0.34000000000000014,0.21293126542869922
35,0.35000000000000014,0.21825336882334756
36,0.36000000000000015,0.2235287128451805
37,0.37000000000000016,0.22875781042152732
38,0.38000000000000017,0.23394116780942453
39,0.3900000000000002,0.23907928469390527
40,0.4000000000000002,0.24417265428471158
41,0.4100000000000002,0.24922176341143398
42,0.4200000000000002,0.2542270926171277
43,0.4300000000000002,0.2591891162504172
44,0.4400000000000002,0.26410830255612083
45,0.45000000000000023,0.26898511376441925
46,0.46000000000000024,0.2738200061785975
47,0.47000000000000025,0.2786134302613761
48,0.48000000000000026,0.2833658307198643
49,0.49000000000000027,0.2880776465891547
50,0.5000000000000002,0.2927493113145837
51,0.5100000000000002,0.2973812528326789
52,0.5200000000000002,0.30197389365081895
53,0.5300000000000002,0.30652765092562706
54,0.5400000000000003,0.31104293654011506
55,0.5500000000000003,0.3155201571796097
56,0.5600000000000003,0.31995971440646853
57,0.5700000000000003,0.3243620047336194
58,0.5800000000000003,0.32872741969693364
59,0.5900000000000003,0.33305634592645517
60,0.6000000000000003,0.33734916521651037
61,0.6100000000000003,0.3416062545947114
62,0.6200000000000003,0.34582798638987144
63,0.6300000000000003,0.35001472829885627
64,0.6400000000000003,0.35416684345238614
65,0.6500000000000004,0.3582846904798028
66,0.6600000000000004,0.36236862357282695
67,0.6700000000000004,0.3664189925483148
68,0.6800000000000004,0.3704361429100367
69,0.6900000000000004,0.3744204159094924
70,0.7000000000000004,0.37837214860577606
71,0.7100000000000004,0.3822916739245126
72,0.7200000000000004,0.386179320715877
73,0.7300000000000004,0.3900354138117127
74,0.7400000000000004,0.3938602740817645
75,0.7500000000000004,0.3976542184890418
76,0.7600000000000005,0.4014175601443234
77,0.7700000000000005,0.40515060835982375
78,0.7800000000000005,0.40885366870202766
79,0.7900000000000005,0.41252704304371535
80,0.8000000000000005,0.41617102961518104
81,0.8100000000000005,0.41978592305467166
82,0.8200000000000005,0.42337201445804407
83,0.8300000000000005,0.4269295914276675
84,0.8400000000000005,0.4304589381205731
85,0.8500000000000005,0.43396033529586886
86,0.8600000000000005,0.4374340603614293
87,0.8700000000000006,0.440880387419876
88,0.8800000000000006,0.4442995873138539
89,0.8900000000000006,0.44769192767062127
90,0.9000000000000006,0.45105767294596166
91,0.9100000000000006,0.4543970844674293
92,0.9200000000000006,0.457710420476939
93,0.9300000000000006,0.460997936172713
94,0.9400000000000006,0.4642598837505909
95,0.9500000000000006,0.4674965124447181
96,0.9600000000000006,0.47070806856762126
97,0.9700000000000006,0.47389479554967795
98,0.9800000000000006,0.4770569339779943
99,0.9900000000000007,0.480194721634701
100,1.0000000000000007,0.48330839353466704
101,1.0100000000000007,0.48639818196266094
102,1.0200000000000007,0.4894643165099437
103,1.0300000000000007,0.49250702411032377
104,1.0400000000000007,0.4955265290756684
105,1.0500000000000007,0.4985230531308893
106,1.0600000000000007,0.5014968154484065
107,1.0700000000000007,0.5044480326820999
108,1.0800000000000007,0.5073769190007564
109,1.0900000000000007,0.5102836861210228
110,1.1000000000000008,0.5131685433398683
111,1.1100000000000008,0.5160316975665704
112,1.1200000000000008,0.5188733533542245
113,1.1300000000000008,0.5216937129307941
114,1.1400000000000008,0.5244929762296977
115,1.1500000000000008,0.5272713409199501
116,1.1600000000000008,0.5300290024358602
117,1.1700000000000008,0.5327661540062928
118,1.1800000000000008,0.5354829866835005
119,1.1900000000000008,0.5381796893715367
120,1.2000000000000008,0.5408564488542504
121,1.2100000000000009,0.5435134498228763
122,1.2200000000000009,0.5461508749032172
123,1.2300000000000009,0.5487689046824378
124,1.2400000000000009,0.5513677177354641
125,1.2500000000000009,0.5539474906510007
126,1.260000000000001,0.5565083980571728
127,1.270000000000001,0.5590506126467959
128,1.280000000000001,0.5615743052022786
129,1.290000000000001,0.5640796446201709
130,1.300000000000001,0.5665667979353513
131,1.310000000000001,0.5690359303448733
132,1.320000000000001,0.5714872052314632
133,1.330000000000001,0.5739207841866856
134,1.340000000000001,0.5763368270337713
135,1.350000000000001,0.5787354918501226
136,1.360000000000001,0.5811169349894955
137,1.370000000000001,0.5834813111038658
138,1.380000000000001,0.5858287731649805
139,1.390000000000001,0.5881594724856076
140,1.400000000000001,0.5904735587404777
141,1.410000000000001,0.5927711799869337
142,1.420000000000001,0.5950524826852837
143,1.430000000000001,0.5973176117188672
144,1.440000000000001,0.5995667104138386
145,1.450000000000001,0.6017999205586686
146,1.460000000000001,0.6040173824233732
147,1.470000000000001,0.606219234778471
148,1.480000000000001,0.6084056149136716
149,1.490000000000001,0.6105766586563074
150,1.500000000000001,0.6127325003894983
151,1.5100000000000011,0.6148732730700712
152,1.5200000000000011,0.6169991082462207
153,1.5300000000000011,0.6191101360749298
154,1.5400000000000011,0.6212064853391421
155,1.5500000000000012,0.6232882834646993
156,1.5600000000000012,0.6253556565370391
157,1.5700000000000012,0.6274087293176652
158,1.5800000000000012,0.6294476252603851
159,1.5900000000000012,0.6314724665273257
160,1.6000000000000012,0.6334833740047252
161,1.6100000000000012,0.6354804673185093
162,1.6200000000000012,0.6374638648496508
163,1.6300000000000012,0.6394336837493169
164,1.6400000000000012,0.6413900399538103
165,1.6500000000000012,0.6433330481993036
166,1.6600000000000013,0.6452628220363726
167,1.6700000000000013,0.6471794738443288
168,1.6800000000000013,0.6490831148453581
169,1.6900000000000013,0.6509738551184637
170,1.7000000000000013,0.6528518036132223
171,1.7100000000000013,0.6547170681633486
172,1.7200000000000013,0.6565697555000803
173,1.7300000000000013,0.658409971265375
174,1.7400000000000013,0.6602378200249359
175,1.7500000000000013,0.6620534052810532
176,1.7600000000000013,0.6638568294852777
177,1.7700000000000014,0.6656481940509201
178,1.7800000000000014,0.6674275993653824
179,1.7900000000000014,0.6691951448023239
180,1.8000000000000014,0.670950928733663
181,1.8100000000000014,0.6726950485414169
182,1.8200000000000014,0.674427600629385
183,1.8300000000000014,0.676148680434673
184,1.8400000000000014,0.6778583824390652
185,1.8500000000000014,0.6795568001802423
186,1.8600000000000014,0.6812440262628537
187,1.8700000000000014,0.6829201523694372
188,1.8800000000000014,0.6845852692711973
189,1.8900000000000015,0.6862394668386393
190,1.9000000000000015,0.6878828340520631
191,1.9100000000000015,0.6895154590119146
192,1.9200000000000015,0.6911374289490053
193,1.9300000000000015,0.6927488302345941
194,1.9400000000000015,0.6943497483903351
195,1.9500000000000015,0.6959402680980984
196,1.9600000000000015,0.6975204732096565
197,1.9700000000000015,0.6990904467562483
198,1.9800000000000015,0.7006502709580152
199,1.9900000000000015,0.7022000272333138
200,2.0000000000000013,0.7037397962079077
201,2.010000000000001,0.7052696577240393
202,2.020000000000001,0.7067896908493809
203,2.0300000000000007,0.7082999738858746
204,2.0400000000000005,0.709800584378451
205,2.0500000000000003,0.7112915991236393
206,2.06,0.7127730941780639
207,2.07,0.7142451448668313
208,2.0799999999999996,0.7157078257918091
209,2.0899999999999994,0.7171612108397973
210,2.099999999999999,0.7186053731905947
211,2.109999999999999,0.7200403853249624
212,2.1199999999999988,0.721466319032483
213,2.1299999999999986,0.7228832454193214
214,2.1399999999999983,0.7242912349158832
215,2.149999999999998,0.7256903572843784
216,2.159999999999998,0.727080681626287
217,2.1699999999999977,0.7284622763897268
218,2.1799999999999975,0.7298352093767327
219,2.1899999999999973,0.7311995477504387
220,2.199999999999997,0.7325553580421711
221,2.209999999999997,0.7339027061584509
222,2.2199999999999966,0.7352416573879077
223,2.2299999999999964,0.7365722764081073
224,2.239999999999996,0.7378946272922885
225,2.249999999999996,0.739208773516023
226,2.259999999999996,0.7405147779637833
227,2.2699999999999956,0.741812702935433
228,2.2799999999999954,0.7431026101526341
229,2.289999999999995,0.7443845607651737
230,2.299999999999995,0.7456586153572115
231,2.3099999999999947,0.7469248339534504
232,2.3199999999999945,0.7481832760252283
233,2.3299999999999943,0.749434000496535
234,2.339999999999994,0.7506770657499544
235,2.349999999999994,0.751912529632532
236,2.3599999999999937,0.7531404494615704
237,2.3699999999999934,0.7543608820303525
238,2.3799999999999932,0.7555738836137935
239,2.389999999999993,0.7567795099740242
240,2.399999999999993,0.7579778163659046
241,2.4099999999999926,0.75916885754247
242,2.4199999999999924,0.7603526877603077
243,2.429999999999992,0.7615293607848738
244,2.439999999999992,0.7626989298957362
245,2.4499999999999917,0.7638614478917614
246,2.4599999999999915,0.7650169670962321
247,2.4699999999999913,0.7661655393619057
248,2.479999999999991,0.7673072160760093
249,2.489999999999991,0.7684420481651744
250,2.4999999999999907,0.7695700861003124
251,2.5099999999999905,0.77069137990143
252,2.5199999999999902,0.7718059791423849
253,2.52999999999999,0.7729139329555875
254,2.53999999999999,0.7740152900366419
255,2.5499999999999896,0.7751100986489334
256,2.5599999999999894,0.7761984066281601
257,2.569999999999989,0.7772802613868084
258,2.579999999999989,0.7783557099185776
259,2.5899999999999888,0.779424798802749
260,2.5999999999999885,0.7804875742085027
261,2.6099999999999883,0.7815440818991853
262,2.619999999999988,0.7825943672365228
263,2.629999999999988,0.783638475184786
264,2.6399999999999877,0.7846764503149057
265,2.6499999999999875,0.7857083368085382
266,2.6599999999999873,0.7867341784620826
267,2.669999999999987,0.7877540186906514
268,2.679999999999987,0.7887679005319932
269,2.6899999999999866,0.7897758666503691
270,2.6999999999999864,0.7907779593403833
271,2.709999999999986,0.7917742205307687
272,2.719999999999986,0.7927646917881279
273,2.7299999999999858,0.7937494143206297
274,2.7399999999999856,0.7947284289816636
275,2.7499999999999853,0.795701776273449
276,2.759999999999985,0.796669496350604
277,2.769999999999985,0.7976316290236735
278,2.7799999999999847,0.7985882137626117
279,2.7899999999999845,0.7995392897002297
280,2.7999999999999843,0.8004848956355983
281,2.809999999999984,0.801425070037414
282,2.819999999999984,0.8023598510473249
283,2.8299999999999836,0.8032892764832174
284,2.8399999999999834,0.8042133838424661
285,2.849999999999983,0.8051322103051466
286,2.859999999999983,0.806045792737208
287,2.869999999999983,0.806954167693613
288,2.8799999999999826,0.8078573714214385
289,2.8899999999999824,0.808755439862944
290,2.899999999999982,0.8096484086585995
291,2.909999999999982,0.8105363131500853
292,2.9199999999999817,0.8114191883832521
293,2.9299999999999815,0.8122970691110496
294,2.9399999999999813,0.8131699897964216
295,2.949999999999981,0.8140379846151683
296,2.959999999999981,0.8149010874587748
297,2.9699999999999807,0.8157593319372083
298,2.9799999999999804,0.8166127513816841
299,2.9899999999999802,0.8174613788473998
300,2.99999999999998,0.8183052471162373
301,3.00999999999998,0.8191443886994365
302,3.0199999999999796,0.8199788358402379
303,3.0299999999999794,0.8208086205164942
304,3.039999999999979,0.8216337744432543
305,3.049999999999979,0.822454329075318
306,3.0599999999999787,0.8232703156097612
307,3.0699999999999785,0.8240817649884329
308,3.0799999999999783,0.8248887079004248
309,3.089999999999978,0.8256911747845146
310,3.099999999999978,0.826489195831578
311,3.1099999999999777,0.8272828009869782
312,3.1199999999999775,0.8280720199529273
313,3.1299999999999772,0.8288568821908202
314,3.139999999999977,0.8296374169235439
315,3.149999999999977,0.8304136531377615
316,3.1599999999999766,0.8311856195861701
317,3.1699999999999764,0.8319533447897346
318,3.179999999999976,0.8327168570398952
319,3.189999999999976,0.8334761844007533
320,3.1999999999999758,0.8342313547112309
321,3.2099999999999755,0.8349823955872073
322,3.2199999999999753,0.8357293344236332
323,3.229999999999975,0.8364721983966192
324,3.239999999999975,0.8372110144655046
325,3.2499999999999747,0.8379458093749015
326,3.2599999999999745,0.8386766096567166
327,3.2699999999999743,0.839403441632153
328,3.279999999999974,0.8401263314136871
329,3.289999999999974,0.8408453049070272
330,3.2999999999999736,0.8415603878130491
331,3.3099999999999734,0.8422716056297102
332,3.319999999999973,0.8429789836539451
333,3.329999999999973,0.8436825469835386
334,3.3399999999999728,0.8443823205189798
335,3.3499999999999726,0.8450783289652957
336,3.3599999999999723,0.8457705968338649
337,3.369999999999972,0.8464591484442129
338,3.379999999999972,0.8471440079257863
339,3.3899999999999717,0.8478251992197103
340,3.3999999999999715,0.8485027460805257
341,3.4099999999999713,0.8491766720779071
342,3.419999999999971,0.8498470005983659
343,3.429999999999971,0.8505137548469301
344,3.4399999999999706,0.8511769578488109
345,3.4499999999999704,0.8518366324510489
346,3.45999999999997,0.8524928013241445
347,3.46999999999997,0.8531454869636691
348,3.47999999999997,0.8537947116918612
349,3.4899999999999696,0.8544404976592054
350,3.4999999999999694,0.8550828668459927
351,3.509999999999969,0.8557218410638672
352,3.519999999999969,0.8563574419573552
353,3.5299999999999687,0.8569896910053779
354,3.5399999999999685,0.8576186095227484
355,3.5499999999999683,0.8582442186616545
356,3.559999999999968,0.8588665394131236
357,3.569999999999968,0.8594855926084741
358,3.5799999999999677,0.8601013989207514
359,3.5899999999999674,0.8607139788661482
360,3.5999999999999672,0.8613233528054105
361,3.609999999999967,0.8619295409452296
362,3.619999999999967,0.8625325633396185
363,3.6299999999999666,0.863132439891275
364,3.6399999999999664,0.8637291903529303
365,3.649999999999966,0.8643228343286843
366,3.659999999999966,0.8649133912753253
367,3.6699999999999657,0.8655008805036387
368,3.6799999999999655,0.8660853211797008
369,3.6899999999999653,0.866666732326159
370,3.699999999999965,0.8672451328234996
371,3.709999999999965,0.8678205414113025
372,3.7199999999999647,0.8683929766894833
373,3.7299999999999645,0.868962457119522
374,3.7399999999999642,0.8695290010256798
375,3.749999999999964,0.8700926265962031
376,3.759999999999964,0.8706533518845159
377,3.7699999999999636,0.8712111948103991
378,3.7799999999999634,0.8717661731611592
379,3.789999999999963,0.872318304592784
380,3.799999999999963,0.8728676066310869
381,3.8099999999999627,0.8734140966728394
382,3.8199999999999625,0.8739577919868944
383,3.8299999999999623,0.8744987097152939
384,3.839999999999962,0.8750368668743692
385,3.849999999999962,0.8755722803558299
386,3.8599999999999617,0.8761049669278389
387,3.8699999999999615,0.87663494323608
388,3.8799999999999613,0.8771622258048138
389,3.889999999999961,0.8776868310379216
390,3.899999999999961,0.8782087752199408
391,3.9099999999999606,0.8787280745170896
392,3.9199999999999604,0.8792447449782809
393,3.92999999999996,0.8797588025361257
394,3.93999999999996,0.8802702630079285
395,3.9499999999999598,0.8807791420966713
396,3.9599999999999596,0.881285455391987
397,3.9699999999999593,0.881789218371126
398,3.979999999999959,0.8822904463999109
399,3.989999999999959,0.8827891547336825
400,3.9999999999999587,0.8832853585182365
401,4.009999999999959,0.8837790727907513
402,4.019999999999959,0.8842703124807064
403,4.0299999999999585,0.8847590924107916
404,4.039999999999958,0.8852454272978079
405,4.049999999999958,0.8857293317535587
406,4.059999999999958,0.8862108202857335
407,4.069999999999958,0.8866899072987819
408,4.079999999999957,0.8871666070947798
409,4.089999999999957,0.8876409338742867
410,4.099999999999957,0.8881129017371947
411,4.109999999999957,0.8885825246835705
412,4.119999999999957,0.8890498166144869
413,4.129999999999956,0.8895147913328483
414,4.139999999999956,0.8899774625442074
415,4.149999999999956,0.8904378438575746
416,4.159999999999956,0.8908959487862179
417,4.1699999999999555,0.891351790748458
418,4.179999999999955,0.8918053830684528
419,4.189999999999955,0.8922567389769763
420,4.199999999999955,0.8927058716121895
421,4.209999999999955,0.8931527940204037
422,4.2199999999999545,0.8935975191568369
423,4.229999999999954,0.8940400598863624
424,4.239999999999954,0.894480428984251
425,4.249999999999954,0.8949186391369055
426,4.259999999999954,0.895354702942589
427,4.269999999999953,0.8957886329121454
428,4.279999999999953,0.8962204414697131
429,4.289999999999953,0.8966501409534335
430,4.299999999999953,0.8970777436161502
431,4.3099999999999525,0.8975032616261043
432,4.319999999999952,0.8979267070676207
433,4.329999999999952,0.8983480919417902
434,4.339999999999952,0.8987674281671434
435,4.349999999999952,0.8991847275803191
436,4.3599999999999515,0.8996000019367265
437,4.369999999999951,0.9000132629112009
438,4.379999999999951,0.9004245220986532
439,4.389999999999951,0.9008337910147138
440,4.399999999999951,0.90124108109637
441,4.40999999999995,0.9016464037025977
442,4.41999999999995,0.9020497701149875
443,4.42999999999995,0.9024511915383637
444,4.43999999999995,0.9028506791014003
445,4.4499999999999496,0.9032482438572271
446,4.459999999999949,0.9036438967840348
447,4.469999999999949,0.9040376487856714
448,4.479999999999949,0.9044295106922339
449,4.489999999999949,0.9048194932606545
450,4.4999999999999485,0.9052076071752824
451,4.509999999999948,0.9055938630484586
452,4.519999999999948,0.9059782714210864
453,4.529999999999948,0.9063608427631967
454,4.539999999999948,0.9067415874745078
455,4.549999999999947,0.9071205158849804
456,4.559999999999947,0.9074976382553663
457,4.569999999999947,0.9078729647777553
458,4.579999999999947,0.9082465055761121
459,4.589999999999947,0.9086182707068134
460,4.599999999999946,0.9089882701591772
461,4.609999999999946,0.9093565138559873
462,4.619999999999946,0.9097230116540145
463,4.629999999999946,0.9100877733445318
464,4.6399999999999455,0.9104508086538261
465,4.649999999999945,0.9108121272437035
466,4.659999999999945,0.911171738711992
467,4.669999999999945,0.9115296525930386
468,4.679999999999945,0.9118858783582021
469,4.689999999999944,0.9122404254163414
470,4.699999999999944,0.9125933031142995
471,4.709999999999944,0.9129445207373837
472,4.719999999999944,0.9132940875098403
473,4.729999999999944,0.9136420125953257
474,4.739999999999943,0.9139883050973746
475,4.749999999999943,0.9143329740598607
476,4.759999999999943,0.9146760284674571
477,4.769999999999943,0.9150174772460902
478,4.7799999999999425,0.91535732926339
479,4.789999999999942,0.9156955933291369
480,4.799999999999942,0.9160322781957042
481,4.809999999999942,0.916367392558497
482,4.819999999999942,0.9167009450563864
483,4.8299999999999415,0.9170329442721409
484,4.839999999999941,0.9173633987328533
485,4.849999999999941,0.9176923169103642
486,4.859999999999941,0.9180197072216814
487,4.869999999999941,0.9183455780293963
488,4.87999999999994,0.9186699376420957
489,4.88999999999994,0.9189927943147707
490,4.89999999999994,0.9193141562492216
491,4.90999999999994,0.9196340315944602
492,4.9199999999999395,0.9199524284471068
493,4.929999999999939,0.9202693548517854
494,4.939999999999939,0.920584818801515
495,4.949999999999939,0.9208988282380965
496,4.959999999999939,0.9212113910524984
497,4.9699999999999385,0.9215225150852364
498,4.979999999999938,0.9218322081267522
499,4.989999999999938,0.9221404779177872
500,4.999999999999938,0.9224473321497544
501,5.009999999999938,0.922752778465106
502,5.019999999999937,0.9230568244576983
503,5.029999999999937,0.9233594776731533
504,5.039999999999937,0.9236607456092177
505,5.049999999999937,0.9239606357161176
506,5.0599999999999365,0.9242591553969118
507,5.069999999999936,0.924556312007841
508,5.079999999999936,0.9248521128586735
509,5.089999999999936,0.9251465652130497
510,5.099999999999936,0.9254396762888221
511,5.1099999999999355,0.9257314532583928
512,5.119999999999935,0.9260219032490488
513,5.129999999999935,0.9263110333432929
514,5.139999999999935,0.9265988505791741
515,5.149999999999935,0.9268853619506128
516,5.159999999999934,0.9271705744077247
517,5.169999999999934,0.9274544948571416
518,5.179999999999934,0.9277371301623294
519,5.189999999999934,0.9280184871439033
520,5.199999999999934,0.928298572579941
521,5.209999999999933,0.928577393206292
522,5.219999999999933,0.9288549557168857
523,5.229999999999933,0.929131266764036
524,5.239999999999933,0.9294063329587436
525,5.2499999999999325,0.929680160870996
526,5.259999999999932,0.9299527570300641
527,5.269999999999932,0.9302241279247978
528,5.279999999999932,0.9304942800039177
529,5.289999999999932,0.930763219676305
530,5.299999999999931,0.9310309533112894
531,5.309999999999931,0.9312974872389337
532,5.319999999999931,0.9315628277503165
533,5.329999999999931,0.9318269810978127
534,5.339999999999931,0.9320899534953713
535,5.34999999999993,0.9323517511187913
536,5.35999999999993,0.9326123801059946
537,5.36999999999993,0.9328718465572978
538,5.37999999999993,0.9331301565356809
539,5.3899999999999295,0.9333873160670535
540,5.399999999999929,0.9336433311405198
541,5.409999999999929,0.9338982077086406
542,5.419999999999929,0.9341519516876938
543,5.429999999999929,0.9344045689579318
544,5.4399999999999284,0.934656065363838
545,5.449999999999928,0.9349064467143801
546,5.459999999999928,0.935155718783262
547,5.469999999999928,0.9354038873091737
548,5.479999999999928,0.9356509579960383
549,5.489999999999927,0.9358969365132579
550,5.499999999999927,0.9361418284959575
551,5.509999999999927,0.9363856395452261
552,5.519999999999927,0.9366283752283565
553,5.5299999999999265,0.936870041079083
554,5.539999999999926,0.9371106425978171
555,5.549999999999926,0.9373501852518815
556,5.559999999999926,0.9375886744757418
557,5.569999999999926,0.9378261156712367
558,5.5799999999999255,0.9380625142078062
559,5.589999999999925,0.9382978754227183
560,5.599999999999925,0.9385322046212925
561,5.609999999999925,0.9387655070771241
562,5.619999999999925,0.9389977880323037
563,5.629999999999924,0.9392290526976371
564,5.639999999999924,0.9394593062528629
565,5.649999999999924,0.9396885538468671
566,5.659999999999924,0.9399168005978988
567,5.6699999999999235,0.9401440515937807
568,5.679999999999923,0.9403703118921205
569,5.689999999999923,0.9405955865205196
570,5.699999999999923,0.9408198804767804
571,5.709999999999923,0.9410431987291117
572,5.7199999999999225,0.9412655462163325
573,5.729999999999922,0.9414869278480749
574,5.739999999999922,0.9417073485049835
575,5.749999999999922,0.941926813038916
576,5.759999999999922,0.9421453262731396
577,5.769999999999921,0.9423628930025276
578,5.779999999999921,0.9425795179937533
579,5.789999999999921,0.9427952059854835
580,5.799999999999921,0.9430099616885691
581,5.809999999999921,0.9432237897862354
582,5.81999999999992,0.9434366949342706
583,5.82999999999992,0.9436486817612121
584,5.83999999999992,0.9438597548685324
585,5.84999999999992,0.9440699188308226
586,5.8599999999999195,0.9442791781959757
587,5.869999999999919,0.944487537485367
588,5.879999999999919,0.9446950011940334
589,5.889999999999919,0.9449015737908527
590,5.899999999999919,0.94510725971872
591,5.909999999999918,0.9453120633947226
592,5.919999999999918,0.9455159892103155
593,5.929999999999918,0.9457190415314926
594,5.939999999999918,0.9459212246989592
595,5.949999999999918,0.9461225430283019
596,5.959999999999917,0.946323000810157
597,5.969999999999917,0.9465226023103782
598,5.979999999999917,0.9467213517702033
599,5.989999999999917,0.9469192534064185
600,5.9999999999999165,0.9471163114115215
601,6.009999999999916,0.9473125299538857
602,6.019999999999916,0.947507913177919
603,6.029999999999916,0.9477024652042257
604,6.039999999999916,0.9478961901297638
605,6.0499999999999154,0.9480890920280031
606,6.059999999999915,0.9482811749490814
607,6.069999999999915,0.948472442919959
608,6.079999999999915,0.9486628999445735
609,6.089999999999915,0.9488525500039913
610,6.099999999999914,0.9490413970565601
611,6.109999999999914,0.9492294450380587
612,6.119999999999914,0.9494166978618468
613,6.129999999999914,0.9496031594190119
614,6.1399999999999135,0.9497888335785176
615,6.149999999999913,0.9499737241873486
616,6.159999999999913,0.9501578350706557
617,6.169999999999913,0.9503411700318993
618,6.179999999999913,0.9505237328529921
619,6.1899999999999125,0.9507055272944406
620,6.199999999999912,0.9508865570954852
621,6.209999999999912,0.9510668259742397
622,6.219999999999912,0.9512463376278298
623,6.229999999999912,0.9514250957325302
624,6.239999999999911,0.9516031039439002
625,6.249999999999911,0.9517803658969205
626,6.259999999999911,0.9519568852061253
627,6.269999999999911,0.9521326654657372
628,6.2799999999999105,0.9523077102497983
629,6.28999999999991,0.952482023112302
630,6.29999999999991,0.9526556075873229
631,6.30999999999991,0.952828467189146
632,6.31999999999991,0.9530006054123953
633,6.3299999999999095,0.9531720257321608
634,6.339999999999909,0.9533427316041247
635,6.349999999999909,0.9535127264646878
636,6.359999999999909,0.9536820137310924
637,6.369999999999909,0.9538505968015473
638,6.379999999999908,0.9540184790553495
639,6.389999999999908,0.9541856638530072
640,6.399999999999908,0.9543521545363587
641,6.409999999999908,0.9545179544286942
642,6.419999999999908,0.954683066834874
643,6.429999999999907,0.9548474950414466
644,6.439999999999907,0.9550112423167663
645,6.449999999999907,0.9551743119111098
646,6.459999999999907,0.9553367070567913
647,6.4699999999999065,0.9554984309682779
648,6.479999999999906,0.9556594868423028
649,6.489999999999906,0.955819877857979
650,6.499999999999906,0.955979607176911
651,6.509999999999906,0.9561386779433066
652,6.519999999999905,0.9562970932840879
653,6.529999999999905,0.9564548563089997
654,6.539999999999905,0.9566119701107203
655,6.549999999999905,0.9567684377649683
656,6.559999999999905,0.9569242623306109
657,6.569999999999904,0.9570794468497698
658,6.579999999999904,0.9572339943479277
659,6.589999999999904,0.9573879078340333
660,6.599999999999904,0.9575411903006052
661,6.6099999999999035,0.9576938447238362
662,6.619999999999903,0.9578458740636953
663,6.629999999999903,0.9579972812640303
664,6.639999999999903,0.958148069252669
665,6.649999999999903,0.9582982409415204
666,6.659999999999902,0.9584477992266734
667,6.669999999999902,0.958596746988497
668,6.679999999999902,0.9587450870917382
669,6.689999999999902,0.9588928223856203
670,6.699999999999902,0.9590399557039393
671,6.709999999999901,0.9591864898651608
672,6.719999999999901,0.9593324276725154
673,6.729999999999901,0.9594777719140937
674,6.739999999999901,0.9596225253629405
675,6.7499999999999005,0.9597666907771489
676,6.7599999999999,0.9599102708999528
677,6.7699999999999,0.9600532684598192
678,6.7799999999999,0.9601956861705402
679,6.7899999999999,0.9603375267313236
680,6.7999999999998995,0.9604787928268835
681,6.809999999999899,0.96061948712753
682,6.819999999999899,0.960759612289258
683,6.829999999999899,0.960899170953836
684,6.839999999999899,0.9610381657488938
685,6.849999999999898,0.9611765992880092
686,6.859999999999898,0.9613144741707957
687,6.869999999999898,0.9614517929829871
688,6.879999999999898,0.9615885582965239
689,6.8899999999998975,0.9617247726696375
690,6.899999999999897,0.9618604386469347
691,6.909999999999897,0.9619955587594808
692,6.919999999999897,0.9621301355248835
693,6.929999999999897,0.9622641714473739
694,6.9399999999998965,0.9623976690178894
695,6.949999999999896,0.9625306307141549
696,6.959999999999896,0.9626630590007629
697,6.969999999999896,0.962794956329254
698,6.979999999999896,0.9629263251381964
699,6.989999999999895,0.9630571678532651
700,6.999999999999895,0.9631874868873197
701,7.009999999999895,0.963317284640483
702,7.019999999999895,0.9634465635002182
703,7.0299999999998946,0.9635753258414053
704,7.039999999999894,0.9637035740264177
705,7.049999999999894,0.9638313104051984
706,7.059999999999894,0.9639585373153344
707,7.069999999999894,0.964085257082132
708,7.0799999999998935,0.9642114720186905
709,7.089999999999893,0.9643371844259767
710,7.099999999999893,0.9644623965928969
711,7.109999999999893,0.9645871107963708
712,7.119999999999893,0.9647113293014028
713,7.129999999999892,0.964835054361154
714,7.139999999999892,0.9649582882170135
715,7.149999999999892,0.9650810330986687
716,7.159999999999892,0.9652032912241757
717,7.169999999999892,0.9653250648000294
718,7.179999999999891,0.9654463560212321
719,7.189999999999891,0.9655671670713626
720,7.199999999999891,0.9656875001226446
721,7.209999999999891,0.9658073573360143
722,7.2199999999998905,0.9659267408611879
723,7.22999999999989,0.9660456528367283
724,7.23999999999989,0.9661640953901119
725,7.24999999999989,0.9662820706377946
726,7.25999999999989,0.9663995806852768
727,7.269999999999889,0.9665166276271692
728,7.279999999999889,0.9666332135472568
729,7.289999999999889,0.9667493405185639
730,7.299999999999889,0.9668650106034171
731,7.309999999999889,0.9669802258535092
732,7.319999999999888,0.967094988309962
733,7.329999999999888,0.9672093000033885
734,7.339999999999888,0.9673231629539554
735,7.349999999999888,0.9674365791714445
736,7.3599999999998875,0.9675495506553143
737,7.369999999999887,0.9676620793947603
738,7.379999999999887,0.9677741673687756
739,7.389999999999887,0.9678858165462114
740,7.399999999999887,0.9679970288858359
741,7.4099999999998865,0.9681078063363939
742,7.419999999999886,0.9682181508366656
743,7.429999999999886,0.968328064315525
744,7.439999999999886,0.9684375486919978
745,7.449999999999886,0.9685466058753193
746,7.459999999999885,0.9686552377649914
747,7.469999999999885,0.9687634462508397
748,7.479999999999885,0.9688712332130697
749,7.489999999999885,0.9689786005223232
750,7.4999999999998845,0.9690855500397342
751,7.509999999999884,0.9691920836169834
752,7.519999999999884,0.9692982030963546
753,7.529999999999884,0.969403910310788
754,7.539999999999884,0.9695092070839354
755,7.5499999999998835,0.9696140952302136
756,7.559999999999883,0.969718576554858
757,7.569999999999883,0.9698226528539764
758,7.579999999999883,0.969926325914601
759,7.589999999999883,0.9700295975147415
760,7.599999999999882,0.970132469423437
761,7.609999999999882,0.970234943400808
762,7.619999999999882,0.9703370211981075
763,7.629999999999882,0.9704387045577728
764,7.6399999999998816,0.9705399952134756
765,7.649999999999881,0.9706408948901729
766,7.659999999999881,0.970741405304157
767,7.669999999999881,0.9708415281631052
768,7.679999999999881,0.9709412651661297
769,7.6899999999998805,0.971040618003826
770,7.69999999999988,0.9711395883583226
771,7.70999999999988,0.9712381779033289
772,7.71999999999988,0.9713363883041837
773,7.72999999999988,0.9714342212179027
774,7.739999999999879,0.9715316782932268
775,7.749999999999879,0.9716287611706687
776,7.759999999999879,0.9717254714825599
777,7.769999999999879,0.9718218108530979
778,7.779999999999879,0.9719177808983918
779,7.789999999999878,0.972013383226509
780,7.799999999999878,0.9721086194375206
781,7.809999999999878,0.9722034911235468
782,7.819999999999878,0.972297999868802
783,7.8299999999998775,0.9723921472496405
784,7.839999999999877,0.9724859348345997
785,7.849999999999877,0.9725793641844453
786,7.859999999999877,0.9726724368522154
787,7.869999999999877,0.9727651543832635
788,7.879999999999876,0.9728575183153026
789,7.889999999999876,0.972949530178448
790,7.899999999999876,0.9730411914952601
791,7.909999999999876,0.9731325037807876
792,7.919999999999876,0.9732234685426091
793,7.929999999999875,0.9733140872808755
794,7.939999999999875,0.9734043614883521
795,7.949999999999875,0.9734942926504591
796,7.959999999999875,0.973583882245314
797,7.9699999999998745,0.9736731317437721
798,7.979999999999874,0.9737620426094672
799,7.989999999999874,0.9738506162988521
800,7.999999999999874,0.9739388542612387
801,8.009999999999874,0.9740267579388385
802,8.019999999999873,0.9741143287668014
803,8.029999999999873,0.9742015681732559
804,8.039999999999873,0.9742884775793478
805,8.049999999999873,0.9743750583992798
806,8.059999999999873,0.9744613120403496
807,8.069999999999872,0.9745472399029883
808,8.079999999999872,0.974632843380799
809,8.089999999999872,0.9747181238605948
810,8.099999999999872,0.9748030827224361
811,8.109999999999872,0.9748877213396684
812,8.119999999999871,0.9749720410789596
813,8.129999999999871,0.975056043300337
814,8.139999999999871,0.9751397293572238
815,8.14999999999987,0.975223100596476
816,8.15999999999987,0.9753061583584183
817,8.16999999999987,0.9753889039768809
818,8.17999999999987,0.9754713387792348
819,8.18999999999987,0.9755534640864274
820,8.19999999999987,0.9756352812130186
821,8.20999999999987,0.9757167914672149
822,8.21999999999987,0.9757979961509055
823,8.229999999999869,0.9758788965596963
824,8.239999999999869,0.9759594939829447
825,8.249999999999869,0.9760397897037942
826,8.259999999999868,0.9761197849992082
827,8.269999999999868,0.9761994811400034
828,8.279999999999868,0.9762788793908849
829,8.289999999999868,0.976357981010478
830,8.299999999999867,0.9764367872513627
831,8.309999999999867,0.9765152993601065
832,8.319999999999867,0.9765935185772968
833,8.329999999999867,0.976671446137574
834,8.339999999999867,0.9767490832696637
835,8.349999999999866,0.9768264311964092
836,8.359999999999866,0.9769034911348035
837,8.369999999999866,0.9769802642960206
838,8.379999999999866,0.9770567518854484
839,8.389999999999866,0.9771329551027188
840,8.399999999999865,0.9772088751417397
841,8.409999999999865,0.9772845131907261
842,8.419999999999865,0.9773598704322305
843,8.429999999999865,0.9774349480431741
844,8.439999999999864,0.9775097471948773
845,8.449999999999864,0.9775842690530894
846,8.459999999999864,0.9776585147780195
847,8.469999999999864,0.977732485524366
848,8.479999999999864,0.9778061824413464
849,8.489999999999863,0.9778796066727271
850,8.499999999999863,0.9779527593568524
851,8.509999999999863,0.9780256416266743
852,8.519999999999863,0.978098254609781
853,8.529999999999863,0.9781705994284257
854,8.539999999999862,0.9782426771995559
855,8.549999999999862,0.9783144890348419
856,8.559999999999862,0.9783860360407038
857,8.569999999999862,0.9784573193183416
858,8.579999999999862,0.9785283399637619
859,8.589999999999861,0.9785990990678058
860,8.599999999999861,0.9786695977161776
861,8.60999999999986,0.9787398369894705
862,8.61999999999986,0.978809817963196
863,8.62999999999986,0.9788795417078092
864,8.63999999999986,0.9789490092887368
865,8.64999999999986,0.9790182217664041
866,8.65999999999986,0.9790871801962606
867,8.66999999999986,0.9791558856288078
868,8.67999999999986,0.9792243391096246
869,8.68999999999986,0.9792925416793938
870,8.699999999999859,0.9793604943739285
871,8.709999999999859,0.9794281982241969
872,8.719999999999859,0.9794956542563494
873,8.729999999999858,0.9795628634917434
874,8.739999999999858,0.9796298269469682
875,8.749999999999858,0.9796965456338715
876,8.759999999999858,0.9797630205595836
877,8.769999999999857,0.9798292527265426
878,8.779999999999857,0.9798952431325192
879,8.789999999999857,0.9799609927706412
880,8.799999999999857,0.9800265026294184
881,8.809999999999857,0.9800917736927665
882,8.819999999999856,0.9801568069400317
883,8.829999999999856,0.9802216033460147
884,8.839999999999856,0.9802861638809941
885,8.849999999999856,0.980350489510751
886,8.859999999999856,0.9804145811965922
887,8.869999999999855,0.9804784398953735
888,8.879999999999855,0.9805420665595237
889,8.889999999999855,0.980605462137067
890,8.899999999999855,0.980668627571647
891,8.909999999999854,0.9807315638025487
892,8.919999999999854,0.980794271764722
893,8.929999999999854,0.9808567523888043
894,8.939999999999854,0.9809190066011428
895,8.949999999999854,0.9809810353238169
896,8.959999999999853,0.9810428394746606
897,8.969999999999853,0.9811044199672849
898,8.979999999999853,0.9811657777110991
899,8.989999999999853,0.9812269136113335
900,8.999999999999853,0.9812878285690608
901,9.009999999999852,0.9813485234812175
902,9.019999999999852,0.9814089992406255
903,9.029999999999852,0.9814692567360143
904,9.039999999999852,0.9815292968520405
905,9.049999999999851,0.9815891204693109
906,9.059999999999851,0.981648728464402
907,9.069999999999851,0.9817081217098818
908,9.07999999999985,0.9817673010743299
909,9.08999999999985,0.9818262674223585
910,9.09999999999985,0.9818850216146331
911,9.10999999999985,0.9819435645078922
912,9.11999999999985,0.9820018969549685
913,9.12999999999985,0.9820600198048083
914,9.13999999999985,0.9821179339024917
915,9.14999999999985,0.9821756400892527
916,9.15999999999985,0.9822331392024992
917,9.169999999999849,0.9822904320758321
918,9.179999999999849,0.9823475195390654
919,9.189999999999849,0.9824044024182452
920,9.199999999999848,0.9824610815356697
921,9.209999999999848,0.9825175577099077
922,9.219999999999848,0.982573831755818
923,9.229999999999848,0.982629904484569
924,9.239999999999847,0.9826857767036566
925,9.249999999999847,0.9827414492169236
926,9.259999999999847,0.9827969228245785
927,9.269999999999847,0.9828521983232136
928,9.279999999999847,0.9829072765058237
929,9.289999999999846,0.9829621581618245
930,9.299999999999846,0.9830168440770711
931,9.309999999999846,0.9830713350338757
932,9.319999999999846,0.9831256318110256
933,9.329999999999846,0.983179735183802
934,9.339999999999845,0.9832336459239965
935,9.349999999999845,0.9832873647999303
936,9.359999999999845,0.9833408925764704
937,9.369999999999845,0.9833942300150484
938,9.379999999999844,0.9834473778736773
939,9.389999999999844,0.9835003369069686
940,9.399999999999844,0.9835531078661501
941,9.409999999999844,0.9836056914990828
942,9.419999999999844,0.9836580885502779
943,9.429999999999843,0.9837102997609137
944,9.439999999999843,0.9837623258688526
945,9.449999999999843,0.9838141676086578
946,9.459999999999843,0.98386582571161
947,9.469999999999843,0.9839173009057235
948,9.479999999999842,0.9839685939157636
949,9.489999999999842,0.9840197054632622
950,9.499999999999842,0.9840706362665342
951,9.509999999999842,0.984121387040694
952,9.519999999999841,0.984171958497671
953,9.529999999999841,0.9842223513462266
954,9.539999999999841,0.984272566291969
955,9.54999999999984,0.9843226040373698
956,9.55999999999984,0.9843724652817795
957,9.56999999999984,0.9844221507214427
958,9.57999999999984,0.9844716610495147
959,9.58999999999984,0.9845209969560758
960,9.59999999999984,0.9845701591281474
961,9.60999999999984,0.9846191482497072
962,9.61999999999984,0.9846679650017044
963,9.62999999999984,0.9847166100620743
964,9.639999999999839,0.9847650841057544
965,9.649999999999839,0.9848133878046982
966,9.659999999999838,0.9848615218278908
967,9.669999999999838,0.9849094868413636
968,9.679999999999838,0.9849572835082089
969,9.689999999999838,0.9850049124885941
970,9.699999999999838,0.9850523744397772
971,9.709999999999837,0.9850996700161204
972,9.719999999999837,0.9851467998691049
973,9.729999999999837,0.9851937646473449
974,9.739999999999837,0.9852405649966022
975,9.749999999999837,0.9852872015598001
976,9.759999999999836,0.9853336749770373
977,9.769999999999836,0.9853799858856022
978,9.779999999999836,0.9854261349199868
979,9.789999999999836,0.9854721227119001
980,9.799999999999836,0.9855179498902824
981,9.809999999999835,0.9855636170813187
982,9.819999999999835,0.985609124908452
983,9.829999999999835,0.9856544739923974
984,9.839999999999835,0.9856996649511551
985,9.849999999999834,0.9857446984000243
986,9.859999999999834,0.9857895749516157
987,9.869999999999834,0.9858342952158653
988,9.879999999999834,0.9858788598000474
989,9.889999999999834,0.9859232693087877
990,9.899999999999833,0.9859675243440763
991,9.909999999999833,0.9860116255052804
992,9.919999999999833,0.9860555733891578
993,9.929999999999833,0.986099368589869
994,9.939999999999833,0.98614301169899
995,9.949999999999832,0.9861865033055254
996,9.959999999999832,0.9862298439959206
997,9.969999999999832,0.9862730343540744
998,9.979999999999832,0.9863160749613517
999,9.989999999999831,0.986358966396595
1000,9.999999999999831,0.9864017092361382
1001,10.009999999999831,0.9864443040538174
1002,10.01999999999983,0.9864867514209837
1003,10.02999999999983,0.9865290519065154
1004,10.03999999999983,0.9865712060768297
1005,10.04999999999983,0.986613214495895
1006,10.05999999999983,0.9866550777252427
1007,10.06999999999983,0.9866967963239789
1008,10.07999999999983,0.9867383708487962
1009,10.08999999999983,0.9867798018539856
1010,10.09999999999983,0.9868210898914481
1011,10.109999999999829,0.9868622355107062
1012,10.119999999999829,0.9869032392589153
1013,10.129999999999828,0.9869441016808754
1014,10.139999999999828,0.9869848233190425
1015,10.149999999999828,0.9870254047135395
1016,10.159999999999828,0.9870658464021682
1017,10.169999999999828,0.98710614892042
1018,10.179999999999827,0.987146312801487
1019,10.189999999999827,0.9871863385762735
1020,10.199999999999827,0.9872262267734065
1021,10.209999999999827,0.9872659779192473
1022,10.219999999999827,0.987305592537902
1023,10.229999999999826,0.9873450711512319
1024,10.239999999999826,0.9873844142788656
1025,10.249999999999826,0.9874236224382086
1026,10.259999999999826,0.9874626961444541
1027,10.269999999999825,0.9875016359105943
1028,10.279999999999825,0.9875404422474302
1029,10.289999999999825,0.9875791156635825
1030,10.299999999999825,0.9876176566655019
1031,10.309999999999825,0.9876560657574798
1032,10.319999999999824,0.9876943434416581
1033,10.329999999999824,0.98773249021804
1034,10.339999999999824,0.9877705065844998
1035,10.349999999999824,0.9878083930367936
1036,10.359999999999824,0.9878461500685686
1037,10.369999999999823,0.9878837781713741
1038,10.379999999999823,0.9879212778346709
1039,10.389999999999823,0.9879586495458413
1040,10.399999999999823,0.9879958937901995
1041,10.409999999999823,0.9880330110510006
1042,10.419999999999822,0.988070001809451
1043,10.429999999999822,0.9881068665447184
1044,10.439999999999822,0.9881436057339406
1045,10.449999999999822,0.9881802198522357
1046,10.459999999999821,0.988216709372712
1047,10.469999999999821,0.9882530747664768
1048,10.479999999999821,0.9882893165026464
1049,10.48999999999982,0.9883254350483556
1050,10.49999999999982,0.9883614308687663
1051,10.50999999999982,0.9883973044270781
1052,10.51999999999982,0.9884330561845364
1053,10.52999999999982,0.9884686866004424
1054,10.53999999999982,0.988504196132162
1055,10.54999999999982,0.9885395852351349
1056,10.55999999999982,0.9885748543628837
1057,10.569999999999819,0.9886100039670234
1058,10.579999999999819,0.9886450344972694
1059,10.589999999999819,0.9886799464014475
1060,10.599999999999818,0.9887147401255023
1061,10.609999999999818,0.9887494161135059
1062,10.619999999999818,0.988783974807667
1063,10.629999999999818,0.9888184166483397
1064,10.639999999999818,0.988852742074032
1065,10.649999999999817,0.9888869515214145
1066,10.659999999999817,0.9889210454253292
1067,10.669999999999817,0.988955024218798
1068,10.679999999999817,0.988988888333031
1069,10.689999999999817,0.9890226381974353
1070,10.699999999999816,0.9890562742396233
1071,10.709999999999816,0.9890897968854211
1072,10.719999999999816,0.989123206558877
1073,10.729999999999816,0.9891565036822696
1074,10.739999999999815,0.9891896886761161
1075,10.749999999999815,0.9892227619591808
1076,10.759999999999815,0.9892557239484827
1077,10.769999999999815,0.9892885750593045
1078,10.779999999999815,0.9893213157051997
1079,10.789999999999814,0.9893539462980013
1080,10.799999999999814,0.9893864672478301
1081,10.809999999999814,0.9894188789631017
1082,10.819999999999814,0.9894511818505352
1083,10.829999999999814,0.9894833763151606
1084,10.839999999999813,0.9895154627603274
1085,10.849999999999813,0.9895474415877116
1086,10.859999999999813,0.9895793131973236
1087,10.869999999999813,0.9896110779875166
1088,10.879999999999812,0.9896427363549931
1089,10.889999999999812,0.9896742886948139
1090,10.899999999999812,0.9897057354004046
1091,10.909999999999812,0.9897370768635638
1092,10.919999999999812,0.9897683134744705
1093,10.929999999999811,0.989799445621691
1094,10.939999999999811,0.9898304736921876
1095,10.949999999999811,0.9898613980713247
1096,10.95999999999981,0.989892219142877
1097,10.96999999999981,0.9899229372890365
1098,10.97999999999981,0.9899535528904201
1099,10.98999999999981,0.9899840663260762
1100,10.99999999999981,0.9900144779734927
1101,11.00999999999981,0.9900447882086039
1102,11.01999999999981,0.9900749974057971
1103,11.02999999999981,0.9901051059379208
1104,11.039999999999809,0.9901351141762907
1105,11.049999999999809,0.9901650224906975
1106,11.059999999999809,0.9901948312494135
1107,11.069999999999808,0.9902245408191997
1108,11.079999999999808,0.9902541515653127
1109,11.089999999999808,0.9902836638515115
1110,11.099999999999808,0.9903130780400646
1111,11.109999999999808,0.9903423944917567
1112,11.119999999999807,0.9903716135658952
1113,11.129999999999807,0.9904007356203175
1114,11.139999999999807,0.9904297610113976
1115,11.149999999999807,0.9904586900940521
1116,11.159999999999807,0.9904875232217477
1117,11.169999999999806,0.9905162607465077
1118,11.179999999999806,0.9905449030189178
1119,11.189999999999806,0.9905734503881339
1120,11.199999999999806,0.9906019032018876
1121,11.209999999999805,0.9906302618064928
1122,11.219999999999805,0.9906585265468529
1123,11.229999999999805,0.9906866977664665
1124,11.239999999999805,0.9907147758074335
1125,11.249999999999805,0.9907427610104628
1126,11.259999999999804,0.9907706537148772
1127,11.269999999999804,0.9907984542586202
1128,11.279999999999804,0.9908261629782626
1129,11.289999999999804,0.9908537802090084
1130,11.299999999999804,0.9908813062847006
1131,11.309999999999803,0.9909087415378285
1132,11.319999999999803,0.9909360862995323
1133,11.329999999999803,0.9909633408996107
1134,11.339999999999803,0.9909905056665258
1135,11.349999999999802,0.99101758092741
1136,11.359999999999802,0.9910445670080713
1137,11.369999999999802,0.9910714642329999
1138,11.379999999999802,0.9910982729253736
1139,11.389999999999802,0.9911249934070641
1140,11.399999999999801,0.9911516259986425
1141,11.409999999999801,0.9911781710193861
1142,11.419999999999801,0.9912046287872827
1143,11.4299999999998,0.9912309996190378
1144,11.4399999999998,0.9912572838300796
1145,11.4499999999998,0.991283481734565
1146,11.4599999999998,0.9913095936453854
1147,11.4699999999998,0.991335619874172
1148,11.4799999999998,0.9913615607313017
1149,11.4899999999998,0.991387416525903
1150,11.4999999999998,0.9914131875658613
1151,11.509999999999799,0.9914388741578242
1152,11.519999999999799,0.9914644766072076
1153,11.529999999999799,0.9914899952182009
1154,11.539999999999798,0.9915154302937726
1155,11.549999999999798,0.9915407821356758
1156,11.559999999999798,0.991566051044453
1157,11.569999999999798,0.9915912373194428
1158,11.579999999999798,0.9916163412587841
1159,11.589999999999797,0.991641363159422
1160,11.599999999999797,0.9916663033171128
1161,11.609999999999797,0.9916911620264298
1162,11.619999999999797,0.9917159395807683
1163,11.629999999999797,0.9917406362723504
1164,11.639999999999796,0.9917652523922311
1165,11.649999999999796,0.991789788230303
1166,11.659999999999796,0.991814244075301
1167,11.669999999999796,0.9918386202148086
1168,11.679999999999795,0.9918629169352622
1169,11.689999999999795,0.991887134521956
1170,11.699999999999795,0.9919112732590478
1171,11.709999999999795,0.9919353334295636
1172,11.719999999999795,0.9919593153154028
1173,11.729999999999794,0.9919832191973427
1174,11.739999999999794,0.9920070453550442
1175,11.749999999999794,0.9920307940670564
1176,11.759999999999794,0.9920544656108212
1177,11.769999999999794,0.992078060262679
1178,11.779999999999793,0.9921015782978725
1179,11.789999999999793,0.9921250199905526
1180,11.799999999999793,0.9921483856137825
1181,11.809999999999793,0.9921716754395429
1182,11.819999999999792,0.9921948897387365
1183,11.829999999999792,0.9922180287811928
1184,11.839999999999792,0.9922410928356733
1185,11.849999999999792,0.9922640821698753
1186,11.859999999999792,0.9922869970504374
1187,11.869999999999791,0.9923098377429439
1188,11.879999999999791,0.9923326045119291
1189,11.889999999999791,0.9923552976208825
1190,11.89999999999979,0.9923779173322529
1191,11.90999999999979,0.9924004639074532
1192,11.91999999999979,0.9924229376068651
1193,11.92999999999979,0.992445338689843
1194,11.93999999999979,0.9924676674147195
1195,11.94999999999979,0.992489924038809
1196,11.95999999999979,0.9925121088184122
1197,11.96999999999979,0.9925342220088217
1198,11.979999999999789,0.9925562638643244
1199,11.989999999999789,0.9925782346382078
1200,11.999999999999789,0.9926001345827634
1201,12.009999999999788,0.9926219639492911
1202,12.019999999999788,0.992643722988104
1203,12.029999999999788,0.9926654119485319
1204,12.039999999999788,0.9926870310789265
1205,12.049999999999788,0.9927085806266651
1206,12.059999999999787,0.9927300608381548
1207,12.069999999999787,0.9927514719588373
1208,12.079999999999787,0.9927728142331924
1209,12.089999999999787,0.9927940879047426
1210,12.099999999999786,0.9928152932160571
1211,12.109999999999786,0.9928364304087561
1212,12.119999999999786,0.9928574997235149
1213,12.129999999999786,0.9928785014000677
1214,12.139999999999786,0.9928994356772123
1215,12.149999999999785,0.9929203027928133
1216,12.159999999999785,0.9929411029838071
1217,12.169999999999785,0.9929618364862051
1218,12.179999999999785,0.9929825035350983
1219,12.189999999999785,0.993003104364661
1220,12.199999999999784,0.9930236392081547
1221,12.209999999999784,0.9930441082979324
1222,12.219999999999784,0.9930645118654422
1223,12.229999999999784,0.9930848501412312
1224,12.239999999999783,0.9931051233549495
1225,12.249999999999783,0.9931253317353543
1226,12.259999999999783,0.9931454755103135
1227,12.269999999999783,0.9931655549068092
1228,12.279999999999783,0.9931855701509426
1229,12.289999999999782,0.9932055214679362
1230,12.299999999999782,0.9932254090821391
1231,12.309999999999782,0.9932452332170298
1232,12.319999999999782,0.9932649940952208
1233,12.329999999999782,0.9932846919384611
1234,12.339999999999781,0.9933043269676413
1235,12.349999999999781,0.9933238994027958
1236,12.359999999999781,0.9933434094631081
1237,12.36999999999978,0.993362857366913
1238,12.37999999999978,0.9933822433317014
1239,12.38999999999978,0.9934015675741232
1240,12.39999999999978,0.9934208303099908
1241,12.40999999999978,0.9934400317542835
1242,12.41999999999978,0.9934591721211503
1243,12.42999999999978,0.9934782516239136
1244,12.43999999999978,0.9934972704750731
1245,12.449999999999779,0.993516228886309
1246,12.459999999999779,0.9935351270684855
1247,12.469999999999779,0.9935539652316543
1248,12.479999999999778,0.9935727435850584
1249,12.489999999999778,0.9935914623371351
1250,12.499999999999778,0.9936101216955198
1251,12.509999999999778,0.9936287218670488
1252,12.519999999999778,0.9936472630577636
1253,12.529999999999777,0.9936657454729139
1254,12.539999999999777,0.9936841693169604
1255,12.549999999999777,0.9937025347935791
1256,12.559999999999777,0.9937208421056641
1257,12.569999999999776,0.993739091455331
1258,12.579999999999776,0.9937572830439203
1259,12.589999999999776,0.9937754170720006
1260,12.599999999999776,0.9937934937393719
1261,12.609999999999776,0.9938115132450688
1262,12.619999999999775,0.993829475787364
1263,12.629999999999775,0.9938473815637714
1264,12.639999999999775,0.9938652307710489
1265,12.649999999999775,0.9938830236052025
1266,12.659999999999775,0.9939007602614887
1267,12.669999999999774,0.9939184409344176
1268,12.679999999999774,0.9939360658177571
1269,12.689999999999774,0.9939536351045346
1270,12.699999999999774,0.9939711489870415
1271,12.709999999999773,0.9939886076568354
1272,12.719999999999773,0.9940060113047433
1273,12.729999999999773,0.994023360120865
1274,12.739999999999773,0.9940406542945763
1275,12.749999999999773,0.9940578940145313
1276,12.759999999999772,0.9940750794686662
1277,12.769999999999772,0.9940922108442021
1278,12.779999999999772,0.9941092883276477
1279,12.789999999999772,0.9941263121048027
1280,12.799999999999772,0.9941432823607609
1281,12.809999999999771,0.9941601992799123
1282,12.819999999999771,0.9941770630459473
1283,12.829999999999771,0.9941938738418586
1284,12.83999999999977,0.9942106318499448
1285,12.84999999999977,0.9942273372518129
1286,12.85999999999977,0.9942439902283814
1287,12.86999999999977,0.994260590959883
1288,12.87999999999977,0.9942771396258677
1289,12.88999999999977,0.9942936364052058
1290,12.89999999999977,0.9943100814760905
1291,12.90999999999977,0.9943264750160402
1292,12.919999999999769,0.9943428172019027
1293,12.929999999999769,0.9943591082098565
1294,12.939999999999769,0.9943753482154148
1295,12.949999999999768,0.9943915373934276
1296,12.959999999999768,0.9944076759180842
1297,12.969999999999768,0.9944237639629172
1298,12.979999999999768,0.994439801700804
1299,12.989999999999768,0.9944557893039698
1300,12.999999999999767,0.9944717269439909
1301,13.009999999999767,0.9944876147917966
1302,13.019999999999767,0.9945034530176727
1303,13.029999999999767,0.9945192417912635
1304,13.039999999999766,0.9945349812815748
1305,13.049999999999766,0.9945506716569766
1306,13.059999999999766,0.9945663130852054
1307,13.069999999999766,0.9945819057333674
1308,13.079999999999766,0.9945974497679404
1309,13.089999999999765,0.9946129453547773
1310,13.099999999999765,0.9946283926591079
1311,13.109999999999765,0.9946437918455416
1312,13.119999999999765,0.9946591430780708
1313,13.129999999999765,0.994674446520072
1314,13.139999999999764,0.9946897023343096
1315,13.149999999999764,0.9947049106829383
1316,13.159999999999764,0.9947200717275048
1317,13.169999999999764,0.994735185628951
1318,13.179999999999763,0.9947502525476165
1319,13.189999999999763,0.9947652726432409
1320,13.199999999999763,0.9947802460749661
1321,13.209999999999763,0.9947951730013391
1322,13.219999999999763,0.9948100535803146
1323,13.229999999999762,0.9948248879692568
1324,13.239999999999762,0.9948396763249426
1325,13.249999999999762,0.9948544188035632
1326,13.259999999999762,0.9948691155607273
1327,13.269999999999762,0.9948837667514631
1328,13.279999999999761,0.9948983725302206
1329,13.289999999999761,0.9949129330508744
1330,13.299999999999761,0.9949274484667254
1331,13.30999999999976,0.9949419189305041
1332,13.31999999999976,0.9949563445943719
1333,13.32999999999976,0.9949707256099243
1334,13.33999999999976,0.9949850621281925
1335,13.34999999999976,0.9949993542996465
1336,13.35999999999976,0.9950136022741966
1337,13.36999999999976,0.9950278062011964
1338,13.37999999999976,0.9950419662294445
1339,13.389999999999759,0.9950560825071872
1340,13.399999999999759,0.9950701551821207
1341,13.409999999999759,0.995084184401393
1342,13.419999999999758,0.9950981703116066
1343,13.429999999999758,0.9951121130588204
1344,13.439999999999758,0.9951260127885521
1345,13.449999999999758,0.9951398696457804
1346,13.459999999999757,0.9951536837749471
1347,13.469999999999757,0.9951674553199594
1348,13.479999999999757,0.9951811844241921
1349,13.489999999999757,0.9951948712304897
1350,13.499999999999757,0.9952085158811684
1351,13.509999999999756,0.9952221185180188
1352,13.519999999999756,0.9952356792823073
1353,13.529999999999756,0.9952491983147789
1354,13.539999999999756,0.9952626757556586
1355,13.549999999999756,0.9952761117446547
1356,13.559999999999755,0.9952895064209594
1357,13.569999999999755,0.995302859923252
1358,13.579999999999755,0.9953161723897007
1359,13.589999999999755,0.9953294439579645
1360,13.599999999999755,0.9953426747651953
1361,13.609999999999754,0.9953558649480404
1362,13.619999999999754,0.9953690146426437
1363,13.629999999999754,0.9953821239846484
1364,13.639999999999754,0.9953951931091993
1365,13.649999999999753,0.9954082221509437
1366,13.659999999999753,0.9954212112440345
1367,13.669999999999753,0.9954341605221316
1368,13.679999999999753,0.9954470701184045
1369,13.689999999999753,0.9954599401655333
1370,13.699999999999752,0.9954727707957117
1371,13.709999999999752,0.9954855621406483
1372,13.719999999999752,0.995498314331569
1373,13.729999999999752,0.9955110274992184
1374,13.739999999999752,0.9955237017738625
1375,13.749999999999751,0.9955363372852898
1376,13.759999999999751,0.9955489341628139
1377,13.76999999999975,0.995561492535275
1378,13.77999999999975,0.9955740125310423
1379,13.78999999999975,0.9955864942780149
1380,13.79999999999975,0.9955989379036251
1381,13.80999999999975,0.995611343534839
1382,13.81999999999975,0.9956237112981593
1383,13.82999999999975,0.9956360413196262
1384,13.83999999999975,0.9956483337248206
1385,13.84999999999975,0.9956605886388645
1386,13.859999999999749,0.995672806186424
1387,13.869999999999749,0.9956849864917101
1388,13.879999999999749,0.9956971296784818
1389,13.889999999999748,0.9957092358700467
1390,13.899999999999748,0.9957213051892633
1391,13.909999999999748,0.995733337758543
1392,13.919999999999748,0.9957453336998516
1393,13.929999999999747,0.9957572931347113
1394,13.939999999999747,0.9957692161842021
1395,13.949999999999747,0.9957811029689642
1396,13.959999999999747,0.995792953609199
1397,13.969999999999747,0.9958047682246712
1398,13.979999999999746,0.9958165469347112
1399,13.989999999999746,0.9958282898582157
1400,13.999999999999746,0.9958399971136499
1401,14.009999999999746,0.9958516688190496
1402,14.019999999999746,0.9958633050920224
1403,14.029999999999745,0.9958749060497495
1404,14.039999999999745,0.9958864718089879
1405,14.049999999999745,0.9958980024860712
1406,14.059999999999745,0.9959094981969121
1407,14.069999999999744,0.9959209590570036
1408,14.079999999999744,0.995932385181421
1409,14.089999999999744,0.9959437766848231
1410,14.099999999999744,0.9959551336814544
1411,14.109999999999744,0.9959664562851465
1412,14.119999999999743,0.9959777446093193
1413,14.129999999999743,0.9959889987669838
1414,14.139999999999743,0.9960002188707423
1415,14.149999999999743,0.9960114050327912
1416,14.159999999999743,0.9960225573649218
1417,14.169999999999742,0.9960336759785224
1418,14.179999999999742,0.9960447609845797
1419,14.189999999999742,0.9960558124936804
1420,14.199999999999742,0.9960668306160129
1421,14.209999999999742,0.9960778154613685
1422,14.219999999999741,0.9960887671391436
1423,14.229999999999741,0.9960996857583408
1424,14.23999999999974,0.9961105714275705
1425,14.24999999999974,0.9961214242550526
1426,14.25999999999974,0.9961322443486179
1427,14.26999999999974,0.9961430318157097
1428,14.27999999999974,0.9961537867633856
1429,14.28999999999974,0.9961645092983183
1430,14.29999999999974,0.996175199526798
1431,14.30999999999974,0.9961858575547333
1432,14.31999999999974,0.9961964834876528
1433,14.329999999999739,0.9962070774307069
1434,14.339999999999739,0.9962176394886689
1435,14.349999999999739,0.9962281697659368
1436,14.359999999999738,0.9962386683665344
1437,14.369999999999738,0.9962491353941135
1438,14.379999999999738,0.9962595709519544
1439,14.389999999999738,0.9962699751429679
1440,14.399999999999737,0.996280348069697
1441,14.409999999999737,0.9962906898343177
1442,14.419999999999737,0.9963010005386409
1443,14.429999999999737,0.9963112802841139
1444,14.439999999999737,0.9963215291718212
1445,14.449999999999736,0.9963317473024867
1446,14.459999999999736,0.9963419347764748
1447,14.469999999999736,0.9963520916937916
1448,14.479999999999736,0.9963622181540864
1449,14.489999999999736,0.9963723142566536
1450,14.499999999999735,0.9963823801004332
1451,14.509999999999735,0.9963924157840129
1452,14.519999999999735,0.9964024214056294
1453,14.529999999999735,0.9964123970631691
1454,14.539999999999734,0.9964223428541704
1455,14.549999999999734,0.9964322588758247
1456,14.559999999999734,0.9964421452249773
1457,14.569999999999734,0.9964520019981294
1458,14.579999999999734,0.9964618292914393
1459,14.589999999999733,0.9964716272007234
1460,14.599999999999733,0.9964813958214576
1461,14.609999999999733,0.9964911352487794
1462,14.619999999999733,0.996500845577488
1463,14.629999999999733,0.9965105269020464
1464,14.639999999999732,0.9965201793165828
1465,14.649999999999732,0.9965298029148911
1466,14.659999999999732,0.9965393977904334
1467,14.669999999999732,0.99654896403634
1468,14.679999999999731,0.9965585017454116
1469,14.689999999999731,0.9965680110101203
1470,14.699999999999731,0.9965774919226109
1471,14.70999999999973,0.996586944574702
1472,14.71999999999973,0.9965963690578875
1473,14.72999999999973,0.9966057654633379
1474,14.73999999999973,0.996615133881901
1475,14.74999999999973,0.9966244744041041
1476,14.75999999999973,0.9966337871201543
1477,14.76999999999973,0.9966430721199404
1478,14.77999999999973,0.9966523294930337
1479,14.78999999999973,0.9966615593286897
1480,14.799999999999729,0.9966707617158488
1481,14.809999999999729,0.9966799367431377
1482,14.819999999999729,0.9966890844988708
1483,14.829999999999728,0.9966982050710513
1484,14.839999999999728,0.9967072985473724
1485,14.849999999999728,0.9967163650152183
1486,14.859999999999728,0.9967254045616658
1487,14.869999999999727,0.996734417273485
1488,14.879999999999727,0.996743403237141
1489,14.889999999999727,0.9967523625387945
1490,14.899999999999727,0.9967612952643037
1491,14.909999999999727,0.9967702014992247
1492,14.919999999999726,0.996779081328813
1493,14.929999999999726,0.9967879348380251
1494,14.939999999999726,0.9967967621115188
1495,14.949999999999726,0.9968055632336549
1496,14.959999999999726,0.9968143382884981
1497,14.969999999999725,0.9968230873598186
1498,14.979999999999725,0.9968318105310926
1499,14.989999999999725,0.9968405078855036
1500,14.999999999999725,0.9968491795059441
1501,15.009999999999724,0.9968578254750158
1502,15.019999999999724,0.9968664458750313
1503,15.029999999999724,0.9968750407880151
1504,15.039999999999724,0.9968836102957049
1505,15.049999999999724,0.9968921544795522
1506,15.059999999999723,0.9969006734207236
1507,15.069999999999723,0.9969091672001024
1508,15.079999999999723,0.9969176358982887
1509,15.089999999999723,0.9969260795956016
1510,15.099999999999723,0.9969344983720794
1511,15.109999999999722,0.9969428923074808
1512,15.119999999999722,0.9969512614812867
1513,15.129999999999722,0.9969596059727002
1514,15.139999999999722,0.9969679258606484
1515,15.149999999999721,0.9969762212237833
1516,15.159999999999721,0.9969844921404827
1517,15.169999999999721,0.9969927386888512
1518,15.17999999999972,0.9970009609467216
1519,15.18999999999972,0.9970091589916557
1520,15.19999999999972,0.9970173329009451
1521,15.20999999999972,0.9970254827516126
1522,15.21999999999972,0.9970336086204133
1523,15.22999999999972,0.9970417105838351
1524,15.23999999999972,0.9970497887181
1525,15.24999999999972,0.9970578430991656
1526,15.25999999999972,0.997065873802725
1527,15.269999999999719,0.9970738809042091
1528,15.279999999999719,0.9970818644787864
1529,15.289999999999718,0.997089824601365
1530,15.299999999999718,0.9970977613465928
1531,15.309999999999718,0.9971056747888588
1532,15.319999999999718,0.9971135650022944
1533,15.329999999999718,0.9971214320607739
1534,15.339999999999717,0.9971292760379156
1535,15.349999999999717,0.997137097007083
1536,15.359999999999717,0.9971448950413853
1537,15.369999999999717,0.997152670213679
1538,15.379999999999717,0.9971604225965683
1539,15.389999999999716,0.9971681522624063
1540,15.399999999999716,0.997175859283296
1541,15.409999999999716,0.997183543731091
1542,15.419999999999716,0.9971912056773966
1543,15.429999999999715,0.997198845193571
1544,15.439999999999715,0.9972064623507257
1545,15.449999999999715,0.997214057219727
1546,15.459999999999715,0.9972216298711961
1547,15.469999999999715,0.9972291803755112
1548,15.479999999999714,0.9972367088028073
1549,15.489999999999714,0.9972442152229779
1550,15.499999999999714,0.9972516997056754
1551,15.509999999999714,0.9972591623203122
1552,15.519999999999714,0.9972666031360617
1553,15.529999999999713,0.9972740222218592
1554,15.539999999999713,0.9972814196464026
1555,15.549999999999713,0.9972887954781534
1556,15.559999999999713,0.9972961497853374
1557,15.569999999999713,0.9973034826359463
1558,15.579999999999712,0.9973107940977375
1559,15.589999999999712,0.9973180842382358
1560,15.599999999999712,0.997325353124734
1561,15.609999999999712,0.997332600824294
1562,15.619999999999711,0.9973398274037468
1563,15.629999999999711,0.9973470329296947
1564,15.639999999999711,0.9973542174685112
1565,15.64999999999971,0.997361381086342
1566,15.65999999999971,0.9973685238491062
1567,15.66999999999971,0.9973756458224969
1568,15.67999999999971,0.9973827470719819
1569,15.68999999999971,0.9973898276628049
1570,15.69999999999971,0.9973968876599862
1571,15.70999999999971,0.9974039271283234
1572,15.71999999999971,0.9974109461323921
1573,15.729999999999709,0.9974179447365475
1574,15.739999999999709,0.9974249230049242
1575,15.749999999999709,0.9974318810014378
1576,15.759999999999708,0.9974388187897852
1577,15.769999999999708,0.9974457364334459
1578,15.779999999999708,0.9974526339956823
1579,15.789999999999708,0.9974595115395408
1580,15.799999999999708,0.9974663691278528
1581,15.809999999999707,0.997473206823235
1582,15.819999999999707,0.9974800246880907
1583,15.829999999999707,0.9974868227846102
1584,15.839999999999707,0.9974936011747716
1585,15.849999999999707,0.9975003599203422
1586,15.859999999999706,0.9975070990828785
1587,15.869999999999706,0.9975138187237274
1588,15.879999999999706,0.9975205189040267
1589,15.889999999999706,0.9975271996847066
1590,15.899999999999705,0.9975338611264893
1591,15.909999999999705,0.997540503289891
1592,15.919999999999705,0.9975471262352215
1593,15.929999999999705,0.9975537300225861
1594,15.939999999999705,0.9975603147118853
1595,15.949999999999704,0.9975668803628166
1596,15.959999999999704,0.9975734270348743
1597,15.969999999999704,0.9975799547873508
1598,15.979999999999704,0.9975864636793373
1599,15.989999999999704,0.9975929537697243
1600,15.999999999999703,0.9975994251172028
1601,16.009999999999703,0.9976058777802643
1602,16.019999999999705,0.9976123118172023
1603,16.029999999999706,0.9976187272861129
1604,16.039999999999708,0.9976251242448947
1605,16.04999999999971,0.9976315027512508
1606,16.05999999999971,0.9976378628626887
1607,16.069999999999713,0.9976442046365211
1608,16.079999999999714,0.997650528129867
1609,16.089999999999716,0.9976568333996518
1610,16.099999999999717,0.9976631205026086
1611,16.10999999999972,0.9976693894952788
1612,16.11999999999972,0.9976756404340124
1613,16.129999999999722,0.9976818733749692
1614,16.139999999999723,0.997688088374119
1615,16.149999999999725,0.9976942854872431
1616,16.159999999999727,0.9977004647699341
1617,16.169999999999728,0.9977066262775971
1618,16.17999999999973,0.9977127700654501
1619,16.18999999999973,0.9977188961885252
1620,16.199999999999733,0.9977250047016686
1621,16.209999999999734,0.9977310956595419
1622,16.219999999999736,0.9977371691166224
1623,16.229999999999738,0.9977432251272037
1624,16.23999999999974,0.997749263745397
1625,16.24999999999974,0.9977552850251307
1626,16.259999999999742,0.9977612890201523
1627,16.269999999999744,0.9977672757840281
1628,16.279999999999745,0.9977732453701444
1629,16.289999999999747,0.997779197831708
1630,16.29999999999975,0.9977851332217466
1631,16.30999999999975,0.9977910515931099
1632,16.31999999999975,0.99779695299847
1633,16.329999999999753,0.9978028374903222
1634,16.339999999999755,0.9978087051209853
1635,16.349999999999756,0.9978145559426028
1636,16.359999999999758,0.9978203900071431
1637,16.36999999999976,0.9978262073664
1638,16.37999999999976,0.9978320080719943
1639,16.389999999999763,0.997837792175373
1640,16.399999999999764,0.9978435597278111
1641,16.409999999999766,0.9978493107804117
1642,16.419999999999767,0.9978550453841067
1643,16.42999999999977,0.9978607635896577
1644,16.43999999999977,0.9978664654476559
1645,16.449999999999772,0.9978721510085237
1646,16.459999999999773,0.9978778203225144
1647,16.469999999999775,0.9978834734397136
1648,16.479999999999777,0.9978891104100392
1649,16.489999999999778,0.9978947312832425
1650,16.49999999999978,0.9979003361089082
1651,16.50999999999978,0.9979059249364556
1652,16.519999999999783,0.9979114978151389
1653,16.529999999999784,0.997917054794048
1654,16.539999999999786,0.9979225959221089
1655,16.549999999999788,0.9979281212480842
1656,16.55999999999979,0.9979336308205741
1657,16.56999999999979,0.9979391246880165
1658,16.579999999999792,0.997944602898688
1659,16.589999999999794,0.9979500655007044
1660,16.599999999999795,0.9979555125420211
1661,16.609999999999797,0.9979609440704336
1662,16.6199999999998,0.9979663601335785
1663,16.6299999999998,0.9979717607789339
1664,16.6399999999998,0.9979771460538196
1665,16.649999999999803,0.9979825160053983
1666,16.659999999999805,0.9979878706806758
1667,16.669999999999806,0.9979932101265016
1668,16.679999999999808,0.9979985343895692
1669,16.68999999999981,0.9980038435164174
1670,16.69999999999981,0.9980091375534301
1671,16.709999999999813,0.9980144165468374
1672,16.719999999999814,0.9980196805427158
1673,16.729999999999816,0.9980249295869891
1674,16.739999999999817,0.9980301637254282
1675,16.74999999999982,0.9980353830036527
1676,16.75999999999982,0.9980405874671308
1677,16.769999999999822,0.9980457771611798
1678,16.779999999999824,0.9980509521309671
1679,16.789999999999825,0.9980561124215104
1680,16.799999999999827,0.998061258077678
1681,16.809999999999828,0.9980663891441901
1682,16.81999999999983,0.9980715056656186
1683,16.82999999999983,0.9980766076863881
1684,16.839999999999833,0.9980816952507757
1685,16.849999999999834,0.9980867684029128
1686,16.859999999999836,0.9980918271867846
1687,16.869999999999838,0.9980968716462306
1688,16.87999999999984,0.9981019018249461
1689,16.88999999999984,0.9981069177664814
1690,16.899999999999842,0.9981119195142434
1691,16.909999999999844,0.9981169071114955
1692,16.919999999999845,0.9981218806013584
1693,16.929999999999847,0.9981268400268107
1694,16.93999999999985,0.9981317854306888
1695,16.94999999999985,0.9981367168556882
1696,16.95999999999985,0.9981416343443635
1697,16.969999999999853,0.9981465379391291
1698,16.979999999999855,0.9981514276822597
1699,16.989999999999856,0.9981563036158906
1700,16.999999999999858,0.9981611657820185
1701,17.00999999999986,0.998166014222502
1702,17.01999999999986,0.9981708489790614
1703,17.029999999999863,0.9981756700932803
1704,17.039999999999864,0.9981804776066054
1705,17.049999999999866,0.998185271560347
1706,17.059999999999867,0.9981900519956796
1707,17.06999999999987,0.9981948189536425
1708,17.07999999999987,0.99819957247514
1709,17.089999999999872,0.9982043126009423
1710,17.099999999999874,0.9982090393716857
1711,17.109999999999875,0.9982137528278728
1712,17.119999999999877,0.9982184530098737
1713,17.129999999999878,0.9982231399579258
1714,17.13999999999988,0.9982278137121345
1715,17.14999999999988,0.9982324743124741
1716,17.159999999999883,0.9982371217987873
1717,17.169999999999884,0.9982417562107868
1718,17.179999999999886,0.9982463775880547
1719,17.189999999999888,0.9982509859700438
1720,17.19999999999989,0.9982555813960776
1721,17.20999999999989,0.998260163905351
1722,17.219999999999892,0.9982647335369305
1723,17.229999999999894,0.9982692903297549
1724,17.239999999999895,0.9982738343226355
1725,17.249999999999897,0.998278365554257
1726,17.2599999999999,0.9982828840631774
1727,17.2699999999999,0.9982873898878288
1728,17.2799999999999,0.9982918830665178
1729,17.289999999999903,0.9982963636374258
1730,17.299999999999905,0.9983008316386095
1731,17.309999999999906,0.9983052871080017
1732,17.319999999999908,0.9983097300834111
1733,17.32999999999991,0.998314160602523
1734,17.33999999999991,0.9983185787029002
1735,17.349999999999913,0.9983229844219826
1736,17.359999999999914,0.9983273777970885
1737,17.369999999999916,0.9983317588654143
1738,17.379999999999917,0.9983361276640351
1739,17.38999999999992,0.9983404842299057
1740,17.39999999999992,0.9983448285998603
1741,17.409999999999922,0.9983491608106132
1742,17.419999999999924,0.9983534808987594
1743,17.429999999999925,0.9983577889007746
1744,17.439999999999927,0.9983620848530163
1745,17.44999999999993,0.9983663687917231
1746,17.45999999999993,0.9983706407530166
1747,17.46999999999993,0.9983749007729006
1748,17.479999999999933,0.9983791488872619
1749,17.489999999999934,0.9983833851318709
1750,17.499999999999936,0.9983876095423818
1751,17.509999999999938,0.9983918221543333
1752,17.51999999999994,0.9983960230031484
1753,17.52999999999994,0.9984002121241354
1754,17.539999999999942,0.9984043895524882
1755,17.549999999999944,0.9984085553232863
1756,17.559999999999945,0.9984127094714957
1757,17.569999999999947,0.9984168520319691
1758,17.57999999999995,0.9984209830394462
1759,17.58999999999995,0.9984251025285543
1760,17.59999999999995,0.9984292105338085
1761,17.609999999999953,0.9984333070896122
1762,17.619999999999955,0.9984373922302574
1763,17.629999999999956,0.9984414659899254
1764,17.639999999999958,0.9984455284026869
1765,17.64999999999996,0.998449579502502
1766,17.65999999999996,0.9984536193232215
1767,17.669999999999963,0.9984576478985869
1768,17.679999999999964,0.9984616652622302
1769,17.689999999999966,0.9984656714476752
1770,17.699999999999967,0.9984696664883371
1771,17.70999999999997,0.9984736504175238
1772,17.71999999999997,0.998477623268435
1773,17.729999999999972,0.9984815850741638
1774,17.739999999999974,0.9984855358676965
1775,17.749999999999975,0.9984894756819128
1776,17.759999999999977,0.9984934045495867
1777,17.76999999999998,0.9984973225033862
1778,17.77999999999998,0.9985012295758746
1779,17.78999999999998,0.9985051257995098
1780,17.799999999999983,0.9985090112066454
1781,17.809999999999985,0.9985128858295308
1782,17.819999999999986,0.9985167497003118
1783,17.829999999999988,0.9985206028510304
1784,17.83999999999999,0.998524445313626
1785,17.84999999999999,0.9985282771199349
1786,17.859999999999992,0.9985320983016912
1787,17.869999999999994,0.998535908890527
1788,17.879999999999995,0.9985397089179727
1789,17.889999999999997,0.9985434984154578
1790,17.9,0.99854727741431
1791,17.91,0.9985510459457575
1792,17.92,0.9985548040409274
1793,17.930000000000003,0.9985585517308475
1794,17.940000000000005,0.9985622890464456
1795,17.950000000000006,0.9985660160185507
1796,17.960000000000008,0.9985697326778927
1797,17.97000000000001,0.9985734390551032
1798,17.98000000000001,0.9985771351807153
1799,17.990000000000013,0.9985808210851649
1800,18.000000000000014,0.9985844967987897
1801,18.010000000000016,0.9985881623518308
1802,18.020000000000017,0.9985918177744322
1803,18.03000000000002,0.9985954630966415
1804,18.04000000000002,0.9985990983484103
1805,18.050000000000022,0.9986027235595942
1806,18.060000000000024,0.9986063387599536
1807,18.070000000000025,0.9986099439791535
1808,18.080000000000027,0.9986135392467641
1809,18.09000000000003,0.9986171245922613
1810,18.10000000000003,0.9986207000450267
1811,18.11000000000003,0.9986242656343481
1812,18.120000000000033,0.9986278213894201
1813,18.130000000000035,0.9986313673393434
1814,18.140000000000036,0.9986349035131267
1815,18.150000000000038,0.9986384299396854
1816,18.16000000000004,0.9986419466478433
1817,18.17000000000004,0.998645453666332
1818,18.180000000000042,0.9986489510237914
1819,18.190000000000044,0.9986524387487704
1820,18.200000000000045,0.9986559168697268
1821,18.210000000000047,0.9986593854150279
1822,18.22000000000005,0.9986628444129504
1823,18.23000000000005,0.9986662938916814
1824,18.24000000000005,0.9986697338793178
1825,18.250000000000053,0.9986731644038676
1826,18.260000000000055,0.9986765854932492
1827,18.270000000000056,0.9986799971752929
1828,18.280000000000058,0.9986833994777398
1829,18.29000000000006,0.9986867924282432
1830,18.30000000000006,0.9986901760543687
1831,18.310000000000063,0.9986935503835939
1832,18.320000000000064,0.9986969154433095
1833,18.330000000000066,0.9987002712608191
1834,18.340000000000067,0.9987036178633395
1835,18.35000000000007,0.9987069552780014
1836,18.36000000000007,0.9987102835318492
1837,18.370000000000072,0.9987136026518418
1838,18.380000000000074,0.9987169126648523
1839,18.390000000000075,0.9987202135976688
1840,18.400000000000077,0.9987235054769945
1841,18.41000000000008,0.9987267883294478
1842,18.42000000000008,0.9987300621815632
1843,18.43000000000008,0.9987333270597907
1844,18.440000000000083,0.998736582990497
1845,18.450000000000085,0.9987398299999648
1846,18.460000000000086,0.9987430681143943
1847,18.470000000000088,0.9987462973599023
1848,18.48000000000009,0.9987495177625232
1849,18.49000000000009,0.9987527293482092
1850,18.500000000000092,0.9987559321428302
1851,18.510000000000094,0.9987591261721747
1852,18.520000000000095,0.9987623114619492
1853,18.530000000000097,0.9987654880377795
1854,18.5400000000001,0.9987686559252104
1855,18.5500000000001,0.9987718151497057
1856,18.5600000000001,0.9987749657366494
1857,18.570000000000103,0.9987781077113449
1858,18.580000000000105,0.9987812410990161
1859,18.590000000000106,0.9987843659248071
1860,18.600000000000108,0.9987874822137831
1861,18.61000000000011,0.9987905899909298
1862,18.62000000000011,0.9987936892811548
1863,18.630000000000113,0.9987967801092864
1864,18.640000000000114,0.9987998625000754
1865,18.650000000000116,0.9988029364781944
1866,18.660000000000117,0.9988060020682384
1867,18.67000000000012,0.998809059294725
1868,18.68000000000012,0.9988121081820944
1869,18.690000000000122,0.9988151487547103
1870,18.700000000000124,0.9988181810368596
1871,18.710000000000125,0.9988212050527528
1872,18.720000000000127,0.9988242208265246
1873,18.73000000000013,0.9988272283822333
1874,18.74000000000013,0.9988302277438621
1875,18.75000000000013,0.9988332189353186
1876,18.760000000000133,0.9988362019804357
1877,18.770000000000135,0.998839176902971
1878,18.780000000000136,0.9988421437266078
1879,18.790000000000138,0.9988451024749553
1880,18.80000000000014,0.9988480531715481
1881,18.81000000000014,0.9988509958398475
1882,18.820000000000142,0.998853930503241
1883,18.830000000000144,0.9988568571850428
1884,18.840000000000146,0.9988597759084942
1885,18.850000000000147,0.9988626866967635
1886,18.86000000000015,0.9988655895729465
1887,18.87000000000015,0.9988684845600667
1888,18.88000000000015,0.9988713716810755
1889,18.890000000000153,0.9988742509588526
1890,18.900000000000155,0.998877122416206
1891,18.910000000000156,0.9988799860758723
1892,18.920000000000158,0.9988828419605169
1893,18.93000000000016,0.9988856900927348
1894,18.94000000000016,0.9988885304950499
1895,18.950000000000163,0.9988913631899158
1896,18.960000000000164,0.9988941881997162
1897,18.970000000000166,0.9988970055467647
1898,18.980000000000167,0.9988998152533052
1899,18.99000000000017,0.9989026173415121
1900,19.00000000000017,0.9989054118334909
1901,19.010000000000172,0.9989081987512778
1902,19.020000000000174,0.9989109781168404
1903,19.030000000000175,0.9989137499520778
1904,19.040000000000177,0.9989165142788207
1905,19.05000000000018,0.9989192711188319
1906,19.06000000000018,0.9989220204938064
1907,19.07000000000018,0.9989247624253714
1908,19.080000000000183,0.998927496935087
1909,19.090000000000185,0.9989302240444459
1910,19.100000000000186,0.998932943774874
1911,19.110000000000188,0.9989356561477306
1912,19.12000000000019,0.9989383611843085
1913,19.13000000000019,0.9989410589058341
1914,19.140000000000192,0.998943749333468
1915,19.150000000000194,0.9989464324883047
1916,19.160000000000196,0.9989491083913736
1917,19.170000000000197,0.9989517770636385
1918,19.1800000000002,0.9989544385259977
1919,19.1900000000002,0.9989570927992852
1920,19.200000000000202,0.9989597399042699
1921,19.210000000000203,0.9989623798616564
1922,19.220000000000205,0.9989650126920849
1923,19.230000000000206,0.9989676384161317
1924,19.240000000000208,0.998970257054309
1925,19.25000000000021,0.9989728686270657
1926,19.26000000000021,0.9989754731547872
1927,19.270000000000213,0.9989780706577954
1928,19.280000000000214,0.9989806611563498
1929,19.290000000000216,0.9989832446706464
1930,19.300000000000217,0.9989858212208191
1931,19.31000000000022,0.9989883908269396
1932,19.32000000000022,0.9989909535090169
1933,19.330000000000222,0.9989935092869986
1934,19.340000000000224,0.9989960581807701
1935,19.350000000000225,0.9989986002101556
1936,19.360000000000227,0.9990011353949179
1937,19.37000000000023,0.9990036637547586
1938,19.38000000000023,0.9990061853093184
1939,19.39000000000023,0.9990087000781773
1940,19.400000000000233,0.999011208080855
1941,19.410000000000235,0.9990137093368104
1942,19.420000000000236,0.9990162038654429
1943,19.430000000000238,0.9990186916860915
1944,19.44000000000024,0.9990211728180357
1945,19.45000000000024,0.9990236472804955
1946,19.460000000000242,0.9990261150926315
1947,19.470000000000244,0.9990285762735454
1948,19.480000000000246,0.9990310308422796
1949,19.490000000000247,0.9990334788178182
1950,19.50000000000025,0.9990359202190866
1951,19.51000000000025,0.9990383550649516
1952,19.520000000000252,0.9990407833742224
1953,19.530000000000253,0.9990432051656498
1954,19.540000000000255,0.999045620457927
1955,19.550000000000257,0.9990480292696897
1956,19.560000000000258,0.9990504316195163
1957,19.57000000000026,0.9990528275259278
1958,19.58000000000026,0.9990552170073883
1959,19.590000000000263,0.9990576000823052
1960,19.600000000000264,0.999059976769029
1961,19.610000000000266,0.9990623470858543
1962,19.620000000000267,0.9990647110510189
1963,19.63000000000027,0.999067068682705
1964,19.64000000000027,0.9990694199990385
1965,19.650000000000272,0.99907176501809
1966,19.660000000000274,0.9990741037578745
1967,19.670000000000275,0.9990764362363515
1968,19.680000000000277,0.9990787624714256
1969,19.69000000000028,0.9990810824809463
1970,19.70000000000028,0.9990833962827086
1971,19.71000000000028,0.9990857038944524
1972,19.720000000000283,0.9990880053338638
1973,19.730000000000285,0.9990903006185743
1974,19.740000000000286,0.9990925897661613
1975,19.750000000000288,0.9990948727941487
1976,19.76000000000029,0.9990971497200064
1977,19.77000000000029,0.9990994205611509
1978,19.780000000000292,0.9991016853349453
1979,19.790000000000294,0.9991039440586995
1980,19.800000000000296,0.9991061967496708
1981,19.810000000000297,0.9991084434250631
1982,19.8200000000003,0.9991106841020282
1983,19.8300000000003,0.999112918797665
1984,19.840000000000302,0.9991151475290204
1985,19.850000000000303,0.9991173703130891
1986,19.860000000000305,0.9991195871668138
1987,19.870000000000307,0.9991217981070856
1988,19.880000000000308,0.9991240031507437
1989,19.89000000000031,0.9991262023145762
1990,19.90000000000031,0.9991283956153196
1991,19.910000000000313,0.9991305830696597
1992,19.920000000000314,0.999132764694231
1993,19.930000000000316,0.9991349405056175
1994,19.940000000000317,0.9991371105203524
1995,19.95000000000032,0.9991392747549186
1996,19.96000000000032,0.9991414332257487
1997,19.970000000000322,0.9991435859492253
1998,19.980000000000324,0.9991457329416809
1999,19.990000000000325,0.9991478742193982
2000,20.000000000000327,0.9991500097986107
2001,20.01000000000033,0.999152139695502
2002,20.02000000000033,0.9991542639262067
2003,20.03000000000033,0.9991563825068098
2004,20.040000000000333,0.9991584954533482
2005,20.050000000000335,0.9991606027818092
2006,20.060000000000336,0.9991627045081319
2007,20.070000000000338,0.9991648006482068
2008,20.08000000000034,0.9991668912178759
2009,20.09000000000034,0.9991689762329334
2010,20.100000000000342,0.9991710557091253
2011,20.110000000000344,0.9991731296621498
2012,20.120000000000346,0.9991751981076573
2013,20.130000000000347,0.9991772610612507
2014,20.14000000000035,0.9991793185384856
2015,20.15000000000035,0.9991813705548703
2016,20.160000000000352,0.9991834171258662
2017,20.170000000000353,0.9991854582668875
2018,20.180000000000355,0.999187493993302
2019,20.190000000000357,0.9991895243204304
2020,20.200000000000358,0.9991915492635474
2021,20.21000000000036,0.999193568837881
2022,20.22000000000036,0.9991955830586137
2023,20.230000000000363,0.9991975919408811
2024,20.240000000000364,0.9991995954997736
2025,20.250000000000366,0.9992015937503356
2026,20.260000000000367,0.9992035867075661
2027,20.27000000000037,0.9992055743864187
2028,20.28000000000037,0.9992075568018015
2029,20.290000000000372,0.9992095339685778
2030,20.300000000000374,0.9992115059015657
2031,20.310000000000375,0.9992134726155386
2032,20.320000000000377,0.9992154341252252
2033,20.33000000000038,0.9992173904453097
2034,20.34000000000038,0.9992193415904317
2035,20.35000000000038,0.9992212875751869
2036,20.360000000000383,0.9992232284141267
2037,20.370000000000385,0.9992251641217585
2038,20.380000000000386,0.9992270947125462
2039,20.390000000000388,0.9992290202009096
2040,20.40000000000039,0.9992309406012254
2041,20.41000000000039,0.9992328559278264
2042,20.420000000000393,0.9992347661950027
2043,20.430000000000394,0.9992366714170011
2044,20.440000000000396,0.9992385716080252
2045,20.450000000000397,0.999240466782236
2046,20.4600000000004,0.9992423569537519
2047,20.4700000000004,0.9992442421366484
2048,20.480000000000402,0.9992461223449591
2049,20.490000000000403,0.9992479975926749
2050,20.500000000000405,0.9992498678937448
2051,20.510000000000407,0.9992517332620756
2052,20.520000000000408,0.9992535937115326
2053,20.53000000000041,0.9992554492559388
2054,20.54000000000041,0.9992572999090761
2055,20.550000000000413,0.9992591456846847
2056,20.560000000000414,0.9992609865964637
2057,20.570000000000416,0.9992628226580708
2058,20.580000000000418,0.9992646538831226
2059,20.59000000000042,0.999266480285195
2060,20.60000000000042,0.999268301877823
2061,20.610000000000422,0.9992701186745009
2062,20.620000000000424,0.9992719306886825
2063,20.630000000000425,0.9992737379337812
2064,20.640000000000427,0.99927554042317
2065,20.65000000000043,0.9992773381701822
2066,20.66000000000043,0.9992791311881105
2067,20.67000000000043,0.9992809194902081
2068,20.680000000000433,0.9992827030896885
2069,20.690000000000435,0.9992844819997252
2070,20.700000000000436,0.9992862562334526
2071,20.710000000000438,0.9992880258039655
2072,20.72000000000044,0.9992897907243194
2073,20.73000000000044,0.9992915510075311
2074,20.740000000000443,0.999293306666578
2075,20.750000000000444,0.9992950577143987
2076,20.760000000000446,0.9992968041638932
2077,20.770000000000447,0.9992985460279228
2078,20.78000000000045,0.9993002833193102
2079,20.79000000000045,0.99930201605084
2080,20.800000000000452,0.9993037442352584
2081,20.810000000000453,0.9993054678852733
2082,20.820000000000455,0.999307187013555
2083,20.830000000000457,0.9993089016327358
2084,20.840000000000458,0.9993106117554098
2085,20.85000000000046,0.9993123173941342
2086,20.86000000000046,0.9993140185614281
2087,20.870000000000463,0.9993157152697736
2088,20.880000000000464,0.9993174075316151
2089,20.890000000000466,0.9993190953593603
2090,20.900000000000468,0.9993207787653796
2091,20.91000000000047,0.9993224577620067
2092,20.92000000000047,0.9993241323615382
2093,20.930000000000472,0.999325802576234
2094,20.940000000000474,0.9993274684183181
2095,20.950000000000475,0.9993291298999772
2096,20.960000000000477,0.9993307870333623
2097,20.97000000000048,0.9993324398305877
2098,20.98000000000048,0.999334088303732
2099,20.99000000000048,0.9993357324648376
2100,21.000000000000483,0.9993373723259112
2101,21.010000000000485,0.9993390078989236
2102,21.020000000000486,0.99934063919581
2103,21.030000000000488,0.99934226622847
2104,21.04000000000049,0.999343889008768
2105,21.05000000000049,0.9993455075485331
2106,21.060000000000493,0.999347121859559
2107,21.070000000000494,0.9993487319536043
2108,21.080000000000496,0.999350337842393
2109,21.090000000000497,0.9993519395376139
2110,21.1000000000005,0.9993535370509213
2111,21.1100000000005,0.9993551303939348
2112,21.120000000000502,0.9993567195782393
2113,21.130000000000503,0.9993583046153857
2114,21.140000000000505,0.99935988551689
2115,21.150000000000507,0.9993614622942348
2116,21.160000000000508,0.999363034958868
2117,21.17000000000051,0.9993646035222037
2118,21.18000000000051,0.9993661679956223
2119,21.190000000000513,0.9993677283904702
2120,21.200000000000514,0.9993692847180604
2121,21.210000000000516,0.9993708369896721
2122,21.220000000000518,0.9993723852165514
2123,21.23000000000052,0.9993739294099108
2124,21.24000000000052,0.9993754695809295
2125,21.250000000000522,0.999377005740754
2126,21.260000000000524,0.9993785379004976
2127,21.270000000000525,0.9993800660712404
2128,21.280000000000527,0.9993815902640301
2129,21.29000000000053,0.9993831104898816
2130,21.30000000000053,0.999384626759777
2131,21.31000000000053,0.9993861390846662
2132,21.320000000000533,0.9993876474754666
2133,21.330000000000535,0.9993891519430633
2134,21.340000000000536,0.9993906524983093
2135,21.350000000000538,0.9993921491520252
2136,21.36000000000054,0.9993936419150002
2137,21.37000000000054,0.9993951307979912
2138,21.380000000000543,0.9993966158117235
2139,21.390000000000544,0.9993980969668905
2140,21.400000000000546,0.9993995742741544
2141,21.410000000000547,0.9994010477441455
2142,21.42000000000055,0.9994025173874631
2143,21.43000000000055,0.999403983214675
2144,21.440000000000552,0.9994054452363181
2145,21.450000000000554,0.9994069034628978
2146,21.460000000000555,0.999408357904889
2147,21.470000000000557,0.9994098085727352
2148,21.480000000000558,0.9994112554768496
2149,21.49000000000056,0.9994126986276144
2150,21.50000000000056,0.9994141380353814
2151,21.510000000000563,0.9994155737104717
2152,21.520000000000564,0.9994170056631763
2153,21.530000000000566,0.9994184339037557
2154,21.540000000000568,0.9994198584424402
2155,21.55000000000057,0.99942127928943
2156,21.56000000000057,0.9994226964548955
2157,21.570000000000572,0.9994241099489767
2158,21.580000000000574,0.9994255197817843
2159,21.590000000000575,0.999426925963399
2160,21.600000000000577,0.999428328503872
2161,21.61000000000058,0.9994297274132247
2162,21.62000000000058,0.9994311227014493
2163,21.63000000000058,0.9994325143785086
2164,21.640000000000583,0.999433902454336
2165,21.650000000000585,0.999435286938836
2166,21.660000000000586,0.9994366678418838
2167,21.670000000000588,0.9994380451733255
2168,21.68000000000059,0.9994394189429786
2169,21.69000000000059,0.9994407891606317
2170,21.700000000000593,0.9994421558360446
2171,21.710000000000594,0.9994435189789485
2172,21.720000000000596,0.999444878599046
2173,21.730000000000597,0.9994462347060115
2174,21.7400000000006,0.9994475873094908
2175,21.7500000000006,0.9994489364191015
2176,21.760000000000602,0.999450282044433
2177,21.770000000000604,0.9994516241950467
2178,21.780000000000605,0.999452962880476
2179,21.790000000000607,0.9994542981102262
2180,21.80000000000061,0.9994556298937751
2181,21.81000000000061,0.9994569582405723
2182,21.82000000000061,0.9994582831600402
2183,21.830000000000613,0.9994596046615732
2184,21.840000000000614,0.9994609227545389
2185,21.850000000000616,0.9994622374482767
2186,21.860000000000618,0.9994635487520991
2187,21.87000000000062,0.9994648566752914
2188,21.88000000000062,0.9994661612271118
2189,21.890000000000622,0.9994674624167913
2190,21.900000000000624,0.9994687602535338
2191,21.910000000000625,0.9994700547465168
2192,21.920000000000627,0.9994713459048905
2193,21.93000000000063,0.9994726337377787
2194,21.94000000000063,0.9994739182542784
2195,21.95000000000063,0.9994751994634602
2196,21.960000000000633,0.999476477374368
2197,21.970000000000635,0.9994777519960195
2198,21.980000000000636,0.9994790233374061
2199,21.990000000000638,0.999480291407493
2200,22.00000000000064,0.9994815562152192
2201,22.01000000000064,0.9994828177694974
2202,22.020000000000643,0.999484076079215
2203,22.030000000000644,0.9994853311532328
2204,22.040000000000646,0.9994865830003862
2205,22.050000000000647,0.9994878316294846
2206,22.06000000000065,0.9994890770493122
2207,22.07000000000065,0.9994903192686271
2208,22.080000000000652,0.9994915582961621
2209,22.090000000000654,0.9994927941406246
2210,22.100000000000655,0.999494026810697
2211,22.110000000000657,0.9994952563150359
2212,22.12000000000066,0.9994964826622729
2213,22.13000000000066,0.9994977058610147
2214,22.14000000000066,0.9994989259198429
2215,22.150000000000663,0.999500142847314
2216,22.160000000000664,0.9995013566519598
2217,22.170000000000666,0.9995025673422873
2218,22.180000000000668,0.9995037749267786
2219,22.19000000000067,0.9995049794138914
2220,22.20000000000067,0.9995061808120589
2221,22.210000000000672,0.9995073791296895
2222,22.220000000000674,0.9995085743751675
2223,22.230000000000675,0.9995097665568526
2224,22.240000000000677,0.9995109556830808
2225,22.25000000000068,0.9995121417621631
2226,22.26000000000068,0.999513324802387
2227,22.27000000000068,0.9995145048120159
2228,22.280000000000683,0.999515681799289
2229,22.290000000000685,0.9995168557724218
2230,22.300000000000686,0.999518026739606
2231,22.310000000000688,0.9995191947090095
2232,22.32000000000069,0.9995203596887767
2233,22.33000000000069,0.9995215216870283
2234,22.340000000000693,0.9995226807118615
2235,22.350000000000694,0.9995238367713498
2236,22.360000000000696,0.9995249898735439
2237,22.370000000000697,0.9995261400264708
2238,22.3800000000007,0.9995272872381343
2239,22.3900000000007,0.9995284315165153
2240,22.400000000000702,0.9995295728695713
2241,22.410000000000704,0.999530711305237
2242,22.420000000000705,0.9995318468314242
2243,22.430000000000707,0.9995329794560216
2244,22.44000000000071,0.9995341091868954
2245,22.45000000000071,0.999535236031889
2246,22.46000000000071,0.9995363599988228
2247,22.470000000000713,0.9995374810954952
2248,22.480000000000715,0.9995385993296817
2249,22.490000000000716,0.9995397147091355
2250,22.500000000000718,0.9995408272415872
2251,22.51000000000072,0.9995419369347455
2252,22.52000000000072,0.9995430437962965
2253,22.530000000000722,0.9995441478339043
2254,22.540000000000724,0.999545249055211
2255,22.550000000000725,0.9995463474678364
2256,22.560000000000727,0.9995474430793785
2257,22.57000000000073,0.9995485358974134
2258,22.58000000000073,0.9995496259294955
2259,22.59000000000073,0.9995507131831571
2260,22.600000000000733,0.9995517976659091
2261,22.610000000000735,0.9995528793852407
2262,22.620000000000736,0.9995539583486195
2263,22.630000000000738,0.9995550345634916
2264,22.64000000000074,0.9995561080372818
2265,22.65000000000074,0.9995571787773934
2266,22.660000000000743,0.9995582467912084
2267,22.670000000000744,0.9995593120860876
2268,22.680000000000746,0.9995603746693709
2269,22.690000000000747,0.9995614345483764
2270,22.70000000000075,0.9995624917304021
2271,22.71000000000075,0.9995635462227243
2272,22.720000000000752,0.9995645980325986
2273,22.730000000000754,0.9995656471672598
2274,22.740000000000755,0.9995666936339221
2275,22.750000000000757,0.9995677374397788
2276,22.76000000000076,0.9995687785920023
2277,22.77000000000076,0.999569817097745
2278,22.78000000000076,0.9995708529641382
2279,22.790000000000763,0.9995718861982931
2280,22.800000000000765,0.9995729168073004
2281,22.810000000000766,0.9995739447982305
2282,22.820000000000768,0.9995749701781333
2283,22.83000000000077,0.9995759929540389
2284,22.84000000000077,0.9995770131329569
2285,22.850000000000772,0.9995780307218769
2286,22.860000000000774,0.9995790457277686
2287,22.870000000000775,0.9995800581575816
2288,22.880000000000777,0.9995810680182456
2289,22.89000000000078,0.9995820753166706
2290,22.90000000000078,0.9995830800597467
2291,22.91000000000078,0.9995840822543444
2292,22.920000000000783,0.9995850819073141
2293,22.930000000000785,0.9995860790254872
2294,22.940000000000786,0.9995870736156752
2295,22.950000000000788,0.9995880656846704
2296,22.96000000000079,0.9995890552392452
2297,22.97000000000079,0.9995900422861531
2298,22.980000000000793,0.9995910268321282
2299,22.990000000000794,0.999592008883885
2300,23.000000000000796,0.9995929884481194
2301,23.010000000000797,0.9995939655315077
2302,23.0200000000008,0.9995949401407074
2303,23.0300000000008,0.9995959122823568
2304,23.040000000000802,0.9995968819630753
2305,23.050000000000804,0.9995978491894636
2306,23.060000000000805,0.9995988139681032
2307,23.070000000000807,0.9995997763055573
2308,23.08000000000081,0.99960073620837
2309,23.09000000000081,0.9996016936830666
2310,23.10000000000081,0.9996026487361543
2311,23.110000000000813,0.9996036013741214
2312,23.120000000000815,0.9996045516034378
2313,23.130000000000816,0.9996054994305549
2314,23.140000000000818,0.9996064448619058
2315,23.15000000000082,0.9996073879039052
2316,23.16000000000082,0.9996083285629496
2317,23.170000000000822,0.9996092668454172
2318,23.180000000000824,0.9996102027576681
2319,23.190000000000826,0.9996111363060444
2320,23.200000000000827,0.9996120674968698
2321,23.21000000000083,0.9996129963364504
2322,23.22000000000083,0.9996139228310742
2323,23.23000000000083,0.9996148469870112
2324,23.240000000000833,0.9996157688105138
2325,23.250000000000835,0.9996166883078165
2326,23.260000000000836,0.9996176054851359
2327,23.270000000000838,0.9996185203486714
2328,23.28000000000084,0.9996194329046041
2329,23.29000000000084,0.9996203431590983
2330,23.300000000000843,0.9996212511183002
2331,23.310000000000844,0.9996221567883389
2332,23.320000000000846,0.9996230601753259
2333,23.330000000000847,0.9996239612853552
2334,23.34000000000085,0.9996248601245041
2335,23.35000000000085,0.999625756698832
2336,23.360000000000852,0.9996266510143814
2337,23.370000000000854,0.9996275430771778
2338,23.380000000000855,0.9996284328932292
2339,23.390000000000857,0.9996293204685269
2340,23.40000000000086,0.9996302058090452
2341,23.41000000000086,0.9996310889207413
2342,23.42000000000086,0.9996319698095555
2343,23.430000000000863,0.9996328484814115
2344,23.440000000000865,0.9996337249422161
2345,23.450000000000866,0.9996345991978592
2346,23.460000000000868,0.9996354712542144
2347,23.47000000000087,0.9996363411171383
2348,23.48000000000087,0.999637208792471
2349,23.490000000000872,0.9996380742860362
2350,23.500000000000874,0.9996389376036411
2351,23.510000000000876,0.9996397987510763
2352,23.520000000000877,0.9996406577341164
2353,23.53000000000088,0.999641514558519
2354,23.54000000000088,0.9996423692300263
2355,23.550000000000882,0.9996432217543634
2356,23.560000000000883,0.9996440721372397
2357,23.570000000000885,0.9996449203843486
2358,23.580000000000886,0.999645766501367
2359,23.590000000000888,0.999646610493956
2360,23.60000000000089,0.9996474523677606
2361,23.61000000000089,0.9996482921284101
2362,23.620000000000893,0.9996491297815175
2363,23.630000000000894,0.9996499653326804
2364,23.640000000000896,0.9996507987874802
2365,23.650000000000897,0.9996516301514828
2366,23.6600000000009,0.9996524594302385
2367,23.6700000000009,0.9996532866292815
2368,23.680000000000902,0.999654111754131
2369,23.690000000000904,0.99965493481029
2370,23.700000000000905,0.9996557558032464
2371,23.710000000000907,0.9996565747384726
2372,23.72000000000091,0.9996573916214255
2373,23.73000000000091,0.9996582064575465
2374,23.74000000000091,0.999659019252262
2375,23.750000000000913,0.9996598300109827
2376,23.760000000000915,0.9996606387391045
2377,23.770000000000916,0.9996614454420077
2378,23.780000000000918,0.9996622501250577
2379,23.79000000000092,0.9996630527936049
2380,23.80000000000092,0.9996638534529844
2381,23.810000000000922,0.9996646521085163
2382,23.820000000000924,0.9996654487655058
2383,23.830000000000926,0.9996662434292434
2384,23.840000000000927,0.9996670361050043
2385,23.85000000000093,0.9996678267980492
2386,23.86000000000093,0.999668615513624
2387,23.870000000000932,0.9996694022569595
2388,23.880000000000933,0.9996701870332725
2389,23.890000000000935,0.9996709698477643
2390,23.900000000000936,0.9996717507056221
2391,23.910000000000938,0.9996725296120185
2392,23.92000000000094,0.9996733065721115
2393,23.93000000000094,0.9996740815910448
2394,23.940000000000943,0.9996748546739471
2395,23.950000000000944,0.9996756258259336
2396,23.960000000000946,0.9996763950521044
2397,23.970000000000947,0.9996771623575454
2398,23.98000000000095,0.9996779277473288
2399,23.99000000000095,0.9996786912265118
2400,24.000000000000952,0.9996794528001379
2401,24.010000000000954,0.9996802124732365
2402,24.020000000000955,0.9996809702508226
2403,24.030000000000957,0.9996817261378974
2404,24.04000000000096,0.9996824801394479
2405,24.05000000000096,0.9996832322604474
2406,24.06000000000096,0.999683982505855
2407,24.070000000000963,0.999684730880616
2408,24.080000000000965,0.999685477389662
2409,24.090000000000966,0.9996862220379105
2410,24.100000000000968,0.9996869648302655
2411,24.11000000000097,0.9996877057716173
2412,24.12000000000097,0.9996884448668423
2413,24.130000000000972,0.9996891821208034
2414,24.140000000000974,0.9996899175383498
2415,24.150000000000976,0.9996906511243174
2416,24.160000000000977,0.9996913828835283
2417,24.17000000000098,0.9996921128207913
2418,24.18000000000098,0.9996928409409016
2419,24.190000000000982,0.9996935672486412
2420,24.200000000000983,0.9996942917487786
2421,24.210000000000985,0.999695014446069
2422,24.220000000000987,0.9996957353452544
2423,24.230000000000988,0.9996964544510635
2424,24.24000000000099,0.9996971717682118
2425,24.25000000000099,0.9996978873014016
2426,24.260000000000993,0.9996986010553224
2427,24.270000000000994,0.99969931303465
2428,24.280000000000996,0.9997000232440477
2429,24.290000000000997,0.9997007316881655
2430,24.300000000001,0.9997014383716408
2431,24.310000000001,0.9997021432990976
2432,24.320000000001002,0.9997028464751472
2433,24.330000000001004,0.9997035479043883
2434,24.340000000001005,0.9997042475914063
2435,24.350000000001007,0.9997049455407744
2436,24.36000000000101,0.9997056417570525
2437,24.37000000000101,0.9997063362447881
2438,24.38000000000101,0.9997070290085163
2439,24.390000000001013,0.9997077200527589
2440,24.400000000001015,0.9997084093820257
2441,24.410000000001016,0.9997090970008136
2442,24.420000000001018,0.9997097829136073
2443,24.43000000000102,0.9997104671248789
2444,24.44000000000102,0.9997111496390879
2445,24.450000000001022,0.9997118304606816
2446,24.460000000001024,0.9997125095940949
2447,24.470000000001026,0.9997131870437501
2448,24.480000000001027,0.9997138628140578
2449,24.49000000000103,0.9997145369094158
2450,24.50000000000103,0.99971520933421
2451,24.510000000001032,0.9997158800928138
2452,24.520000000001033,0.9997165491895887
2453,24.530000000001035,0.9997172166288844
2454,24.540000000001037,0.9997178824150376
2455,24.550000000001038,0.9997185465523739
2456,24.56000000000104,0.9997192090452065
2457,24.57000000000104,0.9997198698978367
2458,24.580000000001043,0.9997205291145536
2459,24.590000000001044,0.9997211866996348
2460,24.600000000001046,0.9997218426573459
2461,24.610000000001047,0.9997224969919406
2462,24.62000000000105,0.999723149707661
2463,24.63000000000105,0.999723800808737
2464,24.640000000001052,0.9997244502993873
2465,24.650000000001054,0.9997250981838187
2466,24.660000000001055,0.9997257444662262
2467,24.670000000001057,0.9997263891507935
2468,24.68000000000106,0.9997270322416925
2469,24.69000000000106,0.9997276737430834
2470,24.70000000000106,0.9997283136591153
2471,24.710000000001063,0.9997289519939254
2472,24.720000000001065,0.9997295887516399
2473,24.730000000001066,0.999730223936373
2474,24.740000000001068,0.9997308575522281
2475,24.75000000000107,0.9997314896032969
2476,24.76000000000107,0.99973212009366
2477,24.770000000001072,0.9997327490273864
2478,24.780000000001074,0.9997333764085342
2479,24.790000000001076,0.99973400224115
2480,24.800000000001077,0.9997346265292697
2481,24.81000000000108,0.9997352492769174
2482,24.82000000000108,0.9997358704881064
2483,24.830000000001082,0.999736490166839
2484,24.840000000001083,0.9997371083171064
2485,24.850000000001085,0.9997377249428887
2486,24.860000000001087,0.999738340048155
2487,24.870000000001088,0.9997389536368636
2488,24.88000000000109,0.9997395657129617
2489,24.89000000000109,0.9997401762803859
2490,24.900000000001093,0.9997407853430614
2491,24.910000000001094,0.9997413929049033
2492,24.920000000001096,0.9997419989698151
2493,24.930000000001098,0.9997426035416903
2494,24.9400000000011,0.9997432066244112
2495,24.9500000000011,0.9997438082218494
2496,24.960000000001102,0.9997444083378662
2497,24.970000000001104,0.9997450069763119
2498,24.980000000001105,0.9997456041410262
2499,24.990000000001107,0.9997461998358386
2500,25.00000000000111,0.9997467940645676
2501,25.01000000000111,0.9997473868310214
2502,25.02000000000111,0.9997479781389979
2503,25.030000000001113,0.9997485679922841
2504,25.040000000001115,0.9997491563946569
2505,25.050000000001116,0.9997497433498829
2506,25.060000000001118,0.999750328861718
2507,25.07000000000112,0.999750912933908
2508,25.08000000000112,0.9997514955701885
2509,25.090000000001123,0.9997520767742845
2510,25.100000000001124,0.999752656549911
2511,25.110000000001126,0.9997532349007728
2512,25.120000000001127,0.9997538118305644
2513,25.13000000000113,0.9997543873429703
2514,25.14000000000113,0.9997549614416646
2515,25.150000000001132,0.9997555341303118
2516,25.160000000001133,0.9997561054125658
2517,25.170000000001135,0.9997566752920708
2518,25.180000000001137,0.9997572437724608
2519,25.190000000001138,0.99975781085736
2520,25.20000000000114,0.9997583765503828
2521,25.21000000000114,0.9997589408551332
2522,25.220000000001143,0.9997595037752056
2523,25.230000000001144,0.9997600653141847
2524,25.240000000001146,0.9997606254756451
2525,25.250000000001148,0.9997611842631519
2526,25.26000000000115,0.9997617416802598
2527,25.27000000000115,0.9997622977305146
2528,25.280000000001152,0.9997628524174518
2529,25.290000000001154,0.9997634057445974
2530,25.300000000001155,0.9997639577154678
2531,25.310000000001157,0.9997645083335696
2532,25.32000000000116,0.9997650576024
2533,25.33000000000116,0.9997656055254465
2534,25.34000000000116,0.999766152106187
2535,25.350000000001163,0.9997666973480902
2536,25.360000000001165,0.9997672412546148
2537,25.370000000001166,0.9997677838292104
2538,25.380000000001168,0.9997683250753172
2539,25.39000000000117,0.9997688649963657
2540,25.40000000000117,0.9997694035957774
2541,25.410000000001173,0.9997699408769639
2542,25.420000000001174,0.9997704768433281
2543,25.430000000001176,0.9997710114982633
2544,25.440000000001177,0.9997715448451533
2545,25.45000000000118,0.9997720768873731
2546,25.46000000000118,0.9997726076282883
2547,25.470000000001182,0.9997731370712551
2548,25.480000000001183,0.999773665219621
2549,25.490000000001185,0.9997741920767237
2550,25.500000000001187,0.9997747176458924
2551,25.510000000001188,0.9997752419304471
2552,25.52000000000119,0.9997757649336984
2553,25.53000000000119,0.9997762866589481
2554,25.540000000001193,0.9997768071094892
2555,25.550000000001194,0.9997773262886053
2556,25.560000000001196,0.9997778441995713
2557,25.570000000001198,0.9997783608456532
2558,25.5800000000012,0.9997788762301079
2559,25.5900000000012,0.9997793903561836
2560,25.600000000001202,0.9997799032271195
2561,25.610000000001204,0.9997804148461463
2562,25.620000000001205,0.9997809252164854
2563,25.630000000001207,0.9997814343413499
2564,25.64000000000121,0.9997819422239439
2565,25.65000000000121,0.9997824488674627
2566,25.66000000000121,0.9997829542750931
2567,25.670000000001213,0.9997834584500132
2568,25.680000000001215,0.9997839613953923
2569,25.690000000001216,0.9997844631143912
2570,25.700000000001218,0.999784963610162
2571,25.71000000000122,0.9997854628858485
2572,25.72000000000122,0.9997859609445856
2573,25.730000000001223,0.9997864577894999
2574,25.740000000001224,0.9997869534237095
2575,25.750000000001226,0.9997874478503237
2576,25.760000000001227,0.9997879410724438
2577,25.77000000000123,0.9997884330931626
2578,25.78000000000123,0.9997889239155641
2579,25.790000000001232,0.9997894135427243
2580,25.800000000001234,0.9997899019777109
2581,25.810000000001235,0.9997903892235829
2582,25.820000000001237,0.9997908752833913
2583,25.830000000001238,0.9997913601601787
2584,25.84000000000124,0.9997918438569795
2585,25.85000000000124,0.9997923263768198
2586,25.860000000001243,0.9997928077227176
2587,25.870000000001244,0.9997932878976826
2588,25.880000000001246,0.9997937669047164
2589,25.890000000001248,0.9997942447468124
2590,25.90000000000125,0.999794721426956
2591,25.91000000000125,0.9997951969481245
2592,25.920000000001252,0.9997956713132867
2593,25.930000000001254,0.9997961445254041
2594,25.940000000001255,0.9997966165874296
2595,25.950000000001257,0.9997970875023083
2596,25.96000000000126,0.9997975572729775
2597,25.97000000000126,0.9997980259023661
2598,25.98000000000126,0.9997984933933955
2599,25.990000000001263,0.999798959748979
2600,26.000000000001265,0.999799424972022
2601,26.010000000001266,0.999799889065422
2602,26.020000000001268,0.999800352032069
2603,26.03000000000127,0.9998008138748447
2604,26.04000000000127,0.9998012745966232
2605,26.050000000001273,0.999801734200271
2606,26.060000000001274,0.9998021926886466
2607,26.070000000001276,0.9998026500646008
2608,26.080000000001277,0.9998031063309769
2609,26.09000000000128,0.9998035614906103
2610,26.10000000000128,0.9998040155463289
2611,26.110000000001282,0.9998044685009528
2612,26.120000000001284,0.9998049203572946
2613,26.130000000001285,0.9998053711181594
2614,26.140000000001287,0.9998058207863442
2615,26.150000000001288,0.9998062693646392
2616,26.16000000000129,0.9998067168558266
2617,26.17000000000129,0.999807163262681
2618,26.180000000001293,0.99980760858797
2619,26.190000000001294,0.9998080528344534
2620,26.200000000001296,0.9998084960048834
2621,26.210000000001298,0.9998089381020052
2622,26.2200000000013,0.9998093791285562
2623,26.2300000000013,0.9998098190872666
2624,26.240000000001302,0.9998102579808593
2625,26.250000000001304,0.9998106958120497
2626,26.260000000001305,0.9998111325835461
2627,26.270000000001307,0.9998115682980493
2628,26.28000000000131,0.9998120029582529
2629,26.29000000000131,0.9998124365668432
2630,26.30000000000131,0.9998128691264994
2631,26.310000000001313,0.9998133006398932
2632,26.320000000001315,0.9998137311096894
2633,26.330000000001316,0.9998141605385457
2634,26.340000000001318,0.9998145889291121
2635,26.35000000000132,0.9998150162840321
2636,26.36000000000132,0.9998154426059419
2637,26.370000000001323,0.9998158678974702
2638,26.380000000001324,0.9998162921612394
2639,26.390000000001326,0.9998167153998639
2640,26.400000000001327,0.999817137615952
2641,26.41000000000133,0.9998175588121044
2642,26.42000000000133,0.999817978990915
2643,26.430000000001332,0.9998183981549706
2644,26.440000000001334,0.9998188163068514
2645,26.450000000001335,0.9998192334491302
2646,26.460000000001337,0.9998196495843731
2647,26.47000000000134,0.9998200647151395
2648,26.48000000000134,0.9998204788439816
2649,26.49000000000134,0.9998208919734449
2650,26.500000000001343,0.9998213041060682
2651,26.510000000001344,0.9998217152443831
2652,26.520000000001346,0.999822125390915
2653,26.530000000001348,0.9998225345481818
2654,26.54000000000135,0.9998229427186952
2655,26.55000000000135,0.99982334990496
2656,26.560000000001352,0.9998237561094742
2657,26.570000000001354,0.9998241613347292
2658,26.580000000001355,0.9998245655832098
2659,26.590000000001357,0.9998249688573937
2660,26.60000000000136,0.9998253711597527
2661,26.61000000000136,0.9998257724927512
2662,26.62000000000136,0.9998261728588476
2663,26.630000000001363,0.9998265722604933
2664,26.640000000001365,0.9998269707001335
2665,26.650000000001366,0.9998273681802066
2666,26.660000000001368,0.9998277647031444
2667,26.67000000000137,0.9998281602713723
2668,26.68000000000137,0.9998285548873095
2669,26.690000000001373,0.9998289485533682
2670,26.700000000001374,0.9998293412719546
2671,26.710000000001376,0.999829733045468
2672,26.720000000001377,0.9998301238763018
2673,26.73000000000138,0.9998305137668425
2674,26.74000000000138,0.9998309027194706
2675,26.750000000001382,0.9998312907365602
2676,26.760000000001384,0.9998316778204788
2677,26.770000000001385,0.9998320639735877
2678,26.780000000001387,0.999832449198242
2679,26.79000000000139,0.9998328334967903
2680,26.80000000000139,0.9998332168715752
2681,26.81000000000139,0.9998335993249328
2682,26.820000000001393,0.999833980859193
2683,26.830000000001395,0.9998343614766796
2684,26.840000000001396,0.99983474117971
2685,26.850000000001398,0.9998351199705957
2686,26.8600000000014,0.9998354978516418
2687,26.8700000000014,0.9998358748251474
2688,26.880000000001402,0.9998362508934051
2689,26.890000000001404,0.9998366260587019
2690,26.900000000001405,0.9998370003233185
2691,26.910000000001407,0.9998373736895293
2692,26.92000000000141,0.999837746159603
2693,26.93000000000141,0.9998381177358019
2694,26.94000000000141,0.9998384884203825
2695,26.950000000001413,0.9998388582155953
2696,26.960000000001415,0.9998392271236846
2697,26.970000000001416,0.9998395951468888
2698,26.980000000001418,0.9998399622874407
2699,26.99000000000142,0.9998403285475664
2700,27.00000000000142,0.9998406939294869
2701,27.010000000001423,0.9998410584354167
2702,27.020000000001424,0.9998414220675647
2703,27.030000000001426,0.9998417848281336
2704,27.040000000001427,0.9998421467193206
2705,27.05000000000143,0.999842507743317
2706,27.06000000000143,0.999842867902308
2707,27.070000000001432,0.9998432271984734
2708,27.080000000001434,0.9998435856339867
2709,27.090000000001435,0.9998439432110161
2710,27.100000000001437,0.9998442999317236
2711,27.11000000000144,0.999844655798266
2712,27.12000000000144,0.9998450108127939
2713,27.13000000000144,0.9998453649774521
2714,27.140000000001443,0.9998457182943803
2715,27.150000000001445,0.9998460707657119
2716,27.160000000001446,0.9998464223935749
2717,27.170000000001448,0.9998467731800917
2718,27.18000000000145,0.999847123127379
2719,27.19000000000145,0.9998474722375478
2720,27.200000000001452,0.9998478205127036
2721,27.210000000001454,0.9998481679549464
2722,27.220000000001455,0.9998485145663703
2723,27.230000000001457,0.9998488603490641
2724,27.24000000000146,0.999849205305111
2725,27.25000000000146,0.9998495494365888
2726,27.26000000000146,0.9998498927455696
2727,27.270000000001463,0.99985023523412
2728,27.280000000001465,0.9998505769043013
2729,27.290000000001466,0.9998509177581691
2730,27.300000000001468,0.999851257797774
2731,27.31000000000147,0.9998515970251605
2732,27.32000000000147,0.9998519354423681
2733,27.330000000001473,0.9998522730514309
2734,27.340000000001474,0.9998526098543776
2735,27.350000000001476,0.9998529458532314
2736,27.360000000001477,0.99985328105001
2737,27.37000000000148,0.9998536154467264
2738,27.38000000000148,0.9998539490453875
2739,27.390000000001482,0.9998542818479953
2740,27.400000000001484,0.9998546138565466
2741,27.410000000001485,0.9998549450730325
2742,27.420000000001487,0.9998552754994392
2743,27.43000000000149,0.9998556051377475
2744,27.44000000000149,0.999855933989933
2745,27.45000000000149,0.9998562620579661
2746,27.460000000001493,0.9998565893438118
2747,27.470000000001495,0.9998569158494303
2748,27.480000000001496,0.9998572415767761
2749,27.490000000001498,0.9998575665277991
2750,27.5000000000015,0.9998578907044435
2751,27.5100000000015,0.9998582141086487
2752,27.520000000001502,0.999858536742349
2753,27.530000000001504,0.9998588586074735
2754,27.540000000001505,0.999859179705946
2755,27.550000000001507,0.9998595000396855
2756,27.56000000000151,0.9998598196106059
2757,27.57000000000151,0.999860138420616
2758,27.58000000000151,0.9998604564716196
2759,27.590000000001513,0.9998607737655153
2760,27.600000000001515,0.999861090304197
2761,27.610000000001516,0.9998614060895533
2762,27.620000000001518,0.9998617211234679
2763,27.63000000000152,0.9998620354078198
2764,27.64000000000152,0.9998623489444828
2765,27.650000000001523,0.9998626617353256
2766,27.660000000001524,0.9998629737822122
2767,27.670000000001526,0.9998632850870018
2768,27.680000000001527,0.9998635956515486
2769,27.69000000000153,0.9998639054777017
2770,27.70000000000153,0.9998642145673055
2771,27.710000000001532,0.9998645229221995
2772,27.720000000001534,0.9998648305442186
2773,27.730000000001535,0.9998651374351926
2774,27.740000000001537,0.9998654435969464
2775,27.75000000000154,0.9998657490313004
2776,27.76000000000154,0.99986605374007
2777,27.77000000000154,0.9998663577250659
2778,27.780000000001543,0.999866660988094
2779,27.790000000001545,0.9998669635309554
2780,27.800000000001546,0.9998672653554467
2781,27.810000000001548,0.9998675664633594
2782,27.82000000000155,0.9998678668564807
2783,27.83000000000155,0.9998681665365926
2784,27.840000000001552,0.9998684655054729
2785,27.850000000001554,0.9998687637648946
2786,27.860000000001556,0.9998690613166259
2787,27.870000000001557,0.9998693581624304
2788,27.88000000000156,0.9998696543040672
2789,27.89000000000156,0.9998699497432905
2790,27.90000000000156,0.9998702444818502
2791,27.910000000001563,0.9998705385214914
2792,27.920000000001565,0.9998708318639549
2793,27.930000000001566,0.9998711245109765
2794,27.940000000001568,0.9998714164642877
2795,27.95000000000157,0.9998717077256155
2796,27.96000000000157,0.9998719982966823
2797,27.970000000001573,0.9998722881792059
2798,27.980000000001574,0.9998725773748998
2799,27.990000000001576,0.9998728658854726
2800,28.000000000001577,0.999873153712629
2801,28.01000000000158,0.9998734408580688
2802,28.02000000000158,0.9998737273234876
2803,28.030000000001582,0.9998740131105761
2804,28.040000000001584,0.9998742982210213
2805,28.050000000001585,0.9998745826565051
2806,28.060000000001587,0.9998748664187054
2807,28.07000000000159,0.9998751495092955
2808,28.08000000000159,0.9998754319299443
2809,28.09000000000159,0.9998757136823168
2810,28.100000000001593,0.9998759947680728
2811,28.110000000001595,0.9998762751888686
2812,28.120000000001596,0.9998765549463554
2813,28.130000000001598,0.9998768340421809
2814,28.1400000000016,0.9998771124779877
2815,28.1500000000016,0.9998773902554146
2816,28.160000000001602,0.999877667376096
2817,28.170000000001604,0.9998779438416617
2818,28.180000000001606,0.999878219653738
2819,28.190000000001607,0.9998784948139462
2820,28.20000000000161,0.9998787693239036
2821,28.21000000000161,0.9998790431852235
2822,28.220000000001612,0.9998793163995147
2823,28.230000000001613,0.9998795889683817
2824,28.240000000001615,0.9998798608934253
2825,28.250000000001616,0.9998801321762417
2826,28.260000000001618,0.9998804028184229
2827,28.27000000000162,0.9998806728215572
2828,28.28000000000162,0.9998809421872282
2829,28.290000000001623,0.9998812109170157
2830,28.300000000001624,0.9998814790124952
2831,28.310000000001626,0.9998817464752383
2832,28.320000000001627,0.9998820133068123
2833,28.33000000000163,0.9998822795087804
2834,28.34000000000163,0.9998825450827019
2835,28.350000000001632,0.9998828100301319
2836,28.360000000001634,0.9998830743526216
2837,28.370000000001635,0.9998833380517178
2838,28.380000000001637,0.9998836011289638
2839,28.39000000000164,0.9998838635858983
2840,28.40000000000164,0.9998841254240565
2841,28.41000000000164,0.999884386644969
2842,28.420000000001643,0.9998846472501632
2843,28.430000000001645,0.999884907241162
2844,28.440000000001646,0.9998851666194842
2845,28.450000000001648,0.9998854253866452
2846,28.46000000000165,0.9998856835441559
2847,28.47000000000165,0.9998859410935236
2848,28.480000000001652,0.9998861980362515
2849,28.490000000001654,0.9998864543738388
2850,28.500000000001656,0.9998867101077814
2851,28.510000000001657,0.9998869652395705
2852,28.52000000000166,0.999887219770694
2853,28.53000000000166,0.9998874737026354
2854,28.540000000001662,0.999887727036875
2855,28.550000000001663,0.9998879797748887
2856,28.560000000001665,0.999888231918149
2857,28.570000000001667,0.999888483468124
2858,28.580000000001668,0.9998887344262786
2859,28.59000000000167,0.9998889847940734
2860,28.60000000000167,0.9998892345729656
2861,28.610000000001673,0.9998894837644083
2862,28.620000000001674,0.999889732369851
2863,28.630000000001676,0.9998899803907395
2864,28.640000000001677,0.9998902278285156
2865,28.65000000000168,0.9998904746846176
2866,28.66000000000168,0.9998907209604797
2867,28.670000000001682,0.999890966657533
2868,28.680000000001684,0.9998912117772042
2869,28.690000000001685,0.9998914563209168
2870,28.700000000001687,0.9998917002900903
2871,28.71000000000169,0.9998919436861409
2872,28.72000000000169,0.9998921865104805
2873,28.73000000000169,0.999892428764518
2874,28.740000000001693,0.9998926704496582
2875,28.750000000001695,0.9998929115673024
2876,28.760000000001696,0.9998931521188483
2877,28.770000000001698,0.9998933921056901
2878,28.7800000000017,0.999893631529218
2879,28.7900000000017,0.9998938703908188
2880,28.800000000001702,0.999894108691876
2881,28.810000000001704,0.9998943464337691
2882,28.820000000001706,0.9998945836178741
2883,28.830000000001707,0.9998948202455636
2884,28.84000000000171,0.9998950563182067
2885,28.85000000000171,0.9998952918371686
2886,28.860000000001712,0.9998955268038113
2887,28.870000000001713,0.9998957612194932
2888,28.880000000001715,0.999895995085569
2889,28.890000000001717,0.9998962284033901
2890,28.900000000001718,0.9998964611743043
2891,28.91000000000172,0.9998966933996561
2892,28.92000000000172,0.9998969250807862
2893,28.930000000001723,0.9998971562190321
2894,28.940000000001724,0.9998973868157277
2895,28.950000000001726,0.9998976168722035
2896,28.960000000001727,0.9998978463897866
2897,28.97000000000173,0.9998980753698006
2898,28.98000000000173,0.9998983038135657
2899,28.990000000001732,0.9998985317223986
2900,29.000000000001734,0.9998987590976129
2901,29.010000000001735,0.9998989859405185
2902,29.020000000001737,0.9998992122524221
2903,29.03000000000174,0.9998994380346268
2904,29.04000000000174,0.9998996632884324
2905,29.05000000000174,0.9998998880151357
2906,29.060000000001743,0.9999001122160297
2907,29.070000000001745,0.9999003358924042
2908,29.080000000001746,0.9999005590455459
2909,29.090000000001748,0.9999007816767377
2910,29.10000000000175,0.9999010037872597
2911,29.11000000000175,0.9999012253783884
2912,29.120000000001752,0.9999014464513971
2913,29.130000000001754,0.9999016670075558
2914,29.140000000001756,0.9999018870481312
2915,29.150000000001757,0.9999021065743867
2916,29.16000000000176,0.9999023255875827
2917,29.17000000000176,0.9999025440889759
2918,29.180000000001762,0.9999027620798202
2919,29.190000000001763,0.9999029795613661
2920,29.200000000001765,0.9999031965348607
2921,29.210000000001767,0.9999034130015481
2922,29.220000000001768,0.9999036289626692
2923,29.23000000000177,0.9999038444194616
2924,29.24000000000177,0.9999040593731598
2925,29.250000000001773,0.999904273824995
2926,29.260000000001774,0.9999044877761956
2927,29.270000000001776,0.9999047012279861
2928,29.280000000001777,0.9999049141815887
2929,29.29000000000178,0.9999051266382217
2930,29.30000000000178,0.9999053385991009
2931,29.310000000001782,0.9999055500654387
2932,29.320000000001784,0.9999057610384442
2933,29.330000000001785,0.9999059715193237
2934,29.340000000001787,0.9999061815092802
2935,29.35000000000179,0.9999063910095137
2936,29.36000000000179,0.9999066000212211
2937,29.37000000000179,0.9999068085455961
2938,29.380000000001793,0.9999070165838296
2939,29.390000000001795,0.9999072241371093
2940,29.400000000001796,0.9999074312066197
2941,29.410000000001798,0.9999076377935424
2942,29.4200000000018,0.9999078438990562
2943,29.4300000000018,0.9999080495243362
2944,29.440000000001803,0.9999082546705552
2945,29.450000000001804,0.9999084593388827
2946,29.460000000001806,0.9999086635304852
2947,29.470000000001807,0.9999088672465261
2948,29.48000000000181,0.999909070488166
2949,29.49000000000181,0.9999092732565624
2950,29.500000000001812,0.9999094755528699
2951,29.510000000001813,0.9999096773782401
2952,29.520000000001815,0.9999098787338216
2953,29.530000000001817,0.9999100796207603
2954,29.540000000001818,0.9999102800401988
2955,29.55000000000182,0.9999104799932769
2956,29.56000000000182,0.9999106794811317
2957,29.570000000001823,0.9999108785048971
2958,29.580000000001824,0.9999110770657043
2959,29.590000000001826,0.9999112751646814
2960,29.600000000001828,0.9999114728029537
2961,29.61000000000183,0.9999116699816437
2962,29.62000000000183,0.9999118667018709
2963,29.630000000001832,0.9999120629647522
2964,29.640000000001834,0.9999122587714011
2965,29.650000000001835,0.9999124541229288
2966,29.660000000001837,0.9999126490204435
2967,29.67000000000184,0.9999128434650503
2968,29.68000000000184,0.9999130374578518
2969,29.69000000000184,0.9999132309999476
2970,29.700000000001843,0.9999134240924344
2971,29.710000000001845,0.9999136167364066
2972,29.720000000001846,0.9999138089329551
2973,29.730000000001848,0.9999140006831685
2974,29.74000000000185,0.9999141919881325
2975,29.75000000000185,0.9999143828489298
2976,29.760000000001853,0.9999145732666407
2977,29.770000000001854,0.9999147632423424
2978,29.780000000001856,0.9999149527771097
2979,29.790000000001857,0.9999151418720144
2980,29.80000000000186,0.9999153305281255
2981,29.81000000000186,0.9999155187465095
2982,29.820000000001862,0.99991570652823
2983,29.830000000001863,0.999915893874348
2984,29.840000000001865,0.9999160807859218
2985,29.850000000001867,0.9999162672640068
2986,29.860000000001868,0.999916453309656
2987,29.87000000000187,0.9999166389239194
2988,29.88000000000187,0.9999168241078445
2989,29.890000000001873,0.9999170088624763
2990,29.900000000001874,0.9999171931888567
2991,29.910000000001876,0.9999173770880253
2992,29.920000000001878,0.999917560561019
2993,29.93000000000188,0.9999177436088719
2994,29.94000000000188,0.9999179262326154
2995,29.950000000001882,0.9999181084332788
2996,29.960000000001884,0.999918290211888
2997,29.970000000001885,0.999918471569467
2998,29.980000000001887,0.9999186525070367
2999,29.99000000000189,0.9999188330256156
3000,30.00000000000189,0.9999190131262196
3001,30.01000000000189,0.999919192809862
3002,30.020000000001893,0.9999193720775534
3003,30.030000000001895,0.9999195509303022
3004,30.040000000001896,0.9999197293691136
3005,30.050000000001898,0.9999199073949909
3006,30.0600000000019,0.9999200850089344
3007,30.0700000000019,0.9999202622119422
3008,30.080000000001903,0.9999204390050094
3009,30.090000000001904,0.999920615389129
3010,30.100000000001906,0.9999207913652913
3011,30.110000000001907,0.9999209669344842
3012,30.12000000000191,0.9999211420976928
3013,30.13000000000191,0.9999213168558999
3014,30.140000000001912,0.9999214912100858
3015,30.150000000001913,0.9999216651612283
3016,30.160000000001915,0.9999218387103027
3017,30.170000000001917,0.9999220118582819
3018,30.180000000001918,0.999922184606136
3019,30.19000000000192,0.9999223569548332
3020,30.20000000000192,0.9999225289053387
3021,30.210000000001923,0.9999227004586155
3022,30.220000000001924,0.9999228716156242
3023,30.230000000001926,0.9999230423773229
3024,30.240000000001928,0.9999232127446671
3025,30.25000000000193,0.9999233827186103
3026,30.26000000000193,0.9999235523001029
3027,30.270000000001932,0.9999237214900937
3028,30.280000000001934,0.9999238902895284
3029,30.290000000001935,0.9999240586993507
3030,30.300000000001937,0.9999242267205019
3031,30.31000000000194,0.9999243943539206
3032,30.32000000000194,0.9999245616005432
3033,30.33000000000194,0.999924728461304
3034,30.340000000001943,0.9999248949371345
3035,30.350000000001945,0.9999250610289642
3036,30.360000000001946,0.9999252267377197
3037,30.370000000001948,0.999925392064326
3038,30.38000000000195,0.9999255570097051
3039,30.39000000000195,0.999925721574777
3040,30.400000000001953,0.9999258857604594
3041,30.410000000001954,0.9999260495676675
3042,30.420000000001956,0.9999262129973142
3043,30.430000000001957,0.9999263760503103
3044,30.44000000000196,0.999926538727564
3045,30.45000000000196,0.9999267010299814
3046,30.460000000001962,0.9999268629584662
3047,30.470000000001964,0.9999270245139199
3048,30.480000000001965,0.9999271856972417
3049,30.490000000001967,0.9999273465093285
3050,30.500000000001968,0.9999275069510748
3051,30.51000000000197,0.9999276670233731
3052,30.52000000000197,0.9999278267271134
3053,30.530000000001973,0.9999279860631838
3054,30.540000000001974,0.9999281450324696
3055,30.550000000001976,0.9999283036358545
3056,30.560000000001978,0.9999284618742194
3057,30.57000000000198,0.9999286197484433
3058,30.58000000000198,0.9999287772594028
3059,30.590000000001982,0.9999289344079725
3060,30.600000000001984,0.9999290911950245
3061,30.610000000001985,0.9999292476214291
3062,30.620000000001987,0.999929403688054
3063,30.63000000000199,0.999929559395765
3064,30.64000000000199,0.9999297147454255
3065,30.65000000000199,0.9999298697378968
3066,30.660000000001993,0.999930024374038
3067,30.670000000001995,0.9999301786547061
3068,30.680000000001996,0.9999303325807559
3069,30.690000000001998,0.9999304861530401
3070,30.700000000002,0.9999306393724092
3071,30.710000000002,0.9999307922397115
3072,30.720000000002003,0.999930944755793
3073,30.730000000002004,0.9999310969214982
3074,30.740000000002006,0.9999312487376687
3075,30.750000000002007,0.9999314002051444
3076,30.76000000000201,0.9999315513247631
3077,30.77000000000201,0.9999317020973602
3078,30.780000000002012,0.9999318525237694
3079,30.790000000002014,0.9999320026048218
3080,30.800000000002015,0.9999321523413471
3081,30.810000000002017,0.9999323017341721
3082,30.82000000000202,0.9999324507841222
3083,30.83000000000202,0.9999325994920203
3084,30.84000000000202,0.9999327478586872
3085,30.850000000002023,0.9999328958849422
3086,30.860000000002024,0.9999330435716017
3087,30.870000000002026,0.9999331909194807
3088,30.880000000002028,0.999933337929392
3089,30.89000000000203,0.9999334846021461
3090,30.90000000000203,0.9999336309385517
3091,30.910000000002032,0.9999337769394154
3092,30.920000000002034,0.9999339226055419
3093,30.930000000002035,0.9999340679377335
3094,30.940000000002037,0.999934212936791
3095,30.95000000000204,0.9999343576035127
3096,30.96000000000204,0.9999345019386952
3097,30.97000000000204,0.999934645943133
3098,30.980000000002043,0.9999347896176186
3099,30.990000000002045,0.9999349329629426
3100,31.000000000002046,0.9999350759798933
3101,31.010000000002048,0.9999352186692575
3102,31.02000000000205,0.9999353610318197
3103,31.03000000000205,0.9999355030683624
3104,31.040000000002053,0.9999356447796663
3105,31.050000000002054,0.9999357861665102
3106,31.060000000002056,0.9999359272296706
3107,31.070000000002057,0.9999360679699224
3108,31.08000000000206,0.9999362083880384
3109,31.09000000000206,0.9999363484847895
3110,31.100000000002062,0.9999364882609445
3111,31.110000000002064,0.9999366277172707
3112,31.120000000002065,0.9999367668545329
3113,31.130000000002067,0.9999369056734945
3114,31.14000000000207,0.9999370441749166
3115,31.15000000000207,0.9999371823595585
3116,31.16000000000207,0.9999373202281779
3117,31.170000000002073,0.9999374577815302
3118,31.180000000002075,0.9999375950203689
3119,31.190000000002076,0.9999377319454461
3120,31.200000000002078,0.9999378685575113
3121,31.21000000000208,0.9999380048573129
3122,31.22000000000208,0.9999381408455966
3123,31.230000000002082,0.999938276523107
3124,31.240000000002084,0.9999384118905862
3125,31.250000000002085,0.9999385469487749
3126,31.260000000002087,0.9999386816984117
3127,31.27000000000209,0.9999388161402335
3128,31.28000000000209,0.9999389502749753
3129,31.29000000000209,0.9999390841033701
3130,31.300000000002093,0.9999392176261493
3131,31.310000000002095,0.9999393508440424
3132,31.320000000002096,0.9999394837577769
3133,31.330000000002098,0.9999396163680787
3134,31.3400000000021,0.9999397486756719
3135,31.3500000000021,0.9999398806812786
3136,31.360000000002103,0.9999400123856191
3137,31.370000000002104,0.9999401437894122
3138,31.380000000002106,0.9999402748933746
3139,31.390000000002107,0.9999404056982212
3140,31.40000000000211,0.9999405362046653
3141,31.41000000000211,0.9999406664134184
3142,31.420000000002112,0.99994079632519
3143,31.430000000002114,0.9999409259406881
3144,31.440000000002115,0.9999410552606186
3145,31.450000000002117,0.9999411842856861
3146,31.46000000000212,0.9999413130165932
3147,31.47000000000212,0.9999414414540404
3148,31.48000000000212,0.999941569598727
3149,31.490000000002123,0.9999416974513504
3150,31.500000000002125,0.999941825012606
3151,31.510000000002126,0.9999419522831878
3152,31.520000000002128,0.9999420792637879
3153,31.53000000000213,0.9999422059550966
3154,31.54000000000213,0.9999423323578026
3155,31.550000000002132,0.999942458472593
3156,31.560000000002134,0.9999425843001528
3157,31.570000000002135,0.9999427098411657
3158,31.580000000002137,0.9999428350963135
3159,31.59000000000214,0.9999429600662763
3160,31.60000000000214,0.9999430847517324
3161,31.61000000000214,0.9999432091533588
3162,31.620000000002143,0.9999433332718304
3163,31.630000000002145,0.9999434571078204
3164,31.640000000002146,0.9999435806620007
3165,31.650000000002148,0.9999437039350414
3166,31.66000000000215,0.9999438269276105
3167,31.67000000000215,0.999943949640375
3168,31.680000000002153,0.9999440720739998
3169,31.690000000002154,0.9999441942291483
3170,31.700000000002156,0.9999443161064819
3171,31.710000000002157,0.9999444377066612
3172,31.72000000000216,0.9999445590303442
3173,31.73000000000216,0.9999446800781878
3174,31.740000000002162,0.9999448008508472
3175,31.750000000002164,0.9999449213489758
3176,31.760000000002165,0.9999450415732256
3177,31.770000000002167,0.9999451615242468
3178,31.78000000000217,0.9999452812026881
3179,31.79000000000217,0.9999454006091965
3180,31.80000000000217,0.9999455197444173
3181,31.810000000002173,0.9999456386089943
3182,31.820000000002175,0.99994575720357
3183,31.830000000002176,0.9999458755287849
3184,31.840000000002178,0.9999459935852779
3185,31.85000000000218,0.9999461113736865
3186,31.86000000000218,0.9999462288946466
3187,31.870000000002182,0.9999463461487923
3188,31.880000000002184,0.9999464631367565
3189,31.890000000002185,0.9999465798591703
3190,31.900000000002187,0.9999466963166632
3191,31.91000000000219,0.9999468125098632
3192,31.92000000000219,0.9999469284393967
3193,31.93000000000219,0.9999470441058886
3194,31.940000000002193,0.9999471595099623
3195,31.950000000002195,0.9999472746522394
3196,31.960000000002196,0.9999473895333403
3197,31.970000000002198,0.9999475041538837
3198,31.9800000000022,0.9999476185144865
3199,31.9900000000022,0.9999477326157648
3200,32.0000000000022,0.9999478464583322
3201,32.0100000000022,0.9999479600428015
3202,32.0200000000022,0.9999480733697839
3203,32.0300000000022,0.9999481864398887
3204,32.040000000002195,0.999948299253724
3205,32.05000000000219,0.9999484118118964
3206,32.06000000000219,0.9999485241150108
3207,32.07000000000219,0.9999486361636708
3208,32.08000000000219,0.9999487479584784
3209,32.090000000002185,0.9999488595000342
3210,32.10000000000218,0.9999489707889372
3211,32.11000000000218,0.9999490818257848
3212,32.12000000000218,0.9999491926111733
3213,32.13000000000218,0.9999493031456972
3214,32.140000000002175,0.9999494134299496
3215,32.15000000000217,0.9999495234645221
3216,32.16000000000217,0.9999496332500052
3217,32.17000000000217,0.9999497427869873
3218,32.18000000000217,0.9999498520760558
3219,32.190000000002165,0.9999499611177965
3220,32.20000000000216,0.9999500699127939
3221,32.21000000000216,0.9999501784616308
3222,32.22000000000216,0.9999502867648886
3223,32.23000000000216,0.9999503948231475
3224,32.240000000002155,0.9999505026369861
3225,32.25000000000215,0.9999506102069815
3226,32.26000000000215,0.9999507175337095
3227,32.27000000000215,0.9999508246177444
3228,32.28000000000215,0.9999509314596591
3229,32.290000000002145,0.9999510380600252
3230,32.30000000000214,0.9999511444194126
3231,32.31000000000214,0.9999512505383901
3232,32.32000000000214,0.9999513564175249
3233,32.33000000000214,0.9999514620573828
3234,32.340000000002135,0.9999515674585285
3235,32.35000000000213,0.9999516726215248
3236,32.36000000000213,0.9999517775469337
3237,32.37000000000213,0.9999518822353152
3238,32.38000000000213,0.9999519866872282
3239,32.390000000002125,0.9999520909032305
3240,32.40000000000212,0.9999521948838779
3241,32.41000000000212,0.9999522986297255
3242,32.42000000000212,0.9999524021413265
3243,32.43000000000212,0.9999525054192331
3244,32.440000000002115,0.9999526084639958
3245,32.45000000000211,0.999952711276164
3246,32.46000000000211,0.9999528138562859
3247,32.47000000000211,0.9999529162049078
3248,32.48000000000211,0.999953018322575
3249,32.490000000002105,0.9999531202098315
3250,32.5000000000021,0.99995322186722
3251,32.5100000000021,0.9999533232952816
3252,32.5200000000021,0.9999534244945563
3253,32.5300000000021,0.9999535254655825
3254,32.540000000002095,0.9999536262088976
3255,32.55000000000209,0.9999537267250376
3256,32.56000000000209,0.9999538270145368
3257,32.57000000000209,0.999953927077929
3258,32.58000000000209,0.9999540269157456
3259,32.590000000002085,0.9999541265285178
3260,32.60000000000208,0.9999542259167745
3261,32.61000000000208,0.9999543250810441
3262,32.62000000000208,0.9999544240218532
3263,32.63000000000208,0.9999545227397273
3264,32.640000000002075,0.9999546212351905
3265,32.65000000000207,0.9999547195087658
3266,32.66000000000207,0.9999548175609746
3267,32.67000000000207,0.9999549153923374
3268,32.68000000000207,0.9999550130033732
3269,32.690000000002065,0.9999551103945997
3270,32.70000000000206,0.9999552075665333
3271,32.71000000000206,0.9999553045196894
3272,32.72000000000206,0.9999554012545817
3273,32.73000000000206,0.9999554977717231
3274,32.740000000002055,0.9999555940716249
3275,32.75000000000205,0.9999556901547972
3276,32.76000000000205,0.9999557860217491
3277,32.77000000000205,0.9999558816729881
3278,32.78000000000205,0.9999559771090206
3279,32.790000000002046,0.9999560723303518
3280,32.80000000000204,0.9999561673374857
3281,32.81000000000204,0.9999562621309248
3282,32.82000000000204,0.9999563567111708
3283,32.83000000000204,0.9999564510787237
3284,32.840000000002036,0.9999565452340825
3285,32.850000000002034,0.9999566391777451
3286,32.86000000000203,0.999956732910208
3287,32.87000000000203,0.9999568264319665
3288,32.88000000000203,0.9999569197435146
3289,32.890000000002026,0.9999570128453453
3290,32.900000000002024,0.9999571057379504
3291,32.91000000000202,0.9999571984218202
3292,32.92000000000202,0.999957290897444
3293,32.93000000000202,0.99995738316531
3294,32.940000000002016,0.999957475225905
3295,32.950000000002014,0.9999575670797146
3296,32.96000000000201,0.9999576587272234
3297,32.97000000000201,0.9999577501689147
3298,32.98000000000201,0.9999578414052707
3299,32.990000000002006,0.9999579324367721
3300,33.000000000002004,0.9999580232638988
3301,33.010000000002,0.9999581138871295
3302,33.020000000002,0.9999582043069415
3303,33.030000000002,0.999958294523811
3304,33.040000000001996,0.9999583845382131
3305,33.050000000001994,0.9999584743506218
3306,33.06000000000199,0.9999585639615098
3307,33.07000000000199,0.9999586533713487
3308,33.08000000000199,0.9999587425806089
3309,33.090000000001986,0.9999588315897597
3310,33.100000000001984,0.9999589203992694
3311,33.11000000000198,0.9999590090096048
3312,33.12000000000198,0.9999590974212318
3313,33.13000000000198,0.9999591856346152
3314,33.140000000001976,0.9999592736502183
3315,33.150000000001974,0.999959361468504
3316,33.16000000000197,0.9999594490899332
3317,33.17000000000197,0.9999595365149663
3318,33.18000000000197,0.9999596237440622
3319,33.190000000001966,0.9999597107776791
3320,33.200000000001964,0.9999597976162736
3321,33.21000000000196,0.9999598842603014
3322,33.22000000000196,0.9999599707102171
3323,33.23000000000196,0.9999600569664743
3324,33.240000000001956,0.9999601430295253
3325,33.250000000001954,0.9999602288998213
3326,33.26000000000195,0.9999603145778124
3327,33.27000000000195,0.9999604000639478
3328,33.28000000000195,0.9999604853586755
3329,33.290000000001946,0.9999605704624422
3330,33.300000000001944,0.9999606553756938
3331,33.31000000000194,0.9999607400988749
3332,33.32000000000194,0.9999608246324293
3333,33.33000000000194,0.9999609089767992
3334,33.340000000001936,0.9999609931324263
3335,33.350000000001934,0.9999610770997508
3336,33.36000000000193,0.9999611608792122
3337,33.37000000000193,0.9999612444712485
3338,33.38000000000193,0.9999613278762969
3339,33.390000000001926,0.9999614110947935
3340,33.400000000001924,0.9999614941271734
3341,33.41000000000192,0.9999615769738704
3342,33.42000000000192,0.9999616596353176
3343,33.43000000000192,0.9999617421119467
3344,33.440000000001916,0.9999618244041885
3345,33.450000000001914,0.9999619065124727
3346,33.46000000000191,0.9999619884372282
3347,33.47000000000191,0.9999620701788824
3348,33.48000000000191,0.999962151737862
3349,33.490000000001906,0.9999622331145925
3350,33.500000000001904,0.9999623143094987
3351,33.5100000000019,0.9999623953230038
3352,33.5200000000019,0.9999624761555304
3353,33.5300000000019,0.9999625568074999
3354,33.540000000001896,0.9999626372793327
3355,33.550000000001894,0.9999627175714482
3356,33.56000000000189,0.9999627976842648
3357,33.57000000000189,0.9999628776181998
3358,33.58000000000189,0.9999629573736696
3359,33.590000000001886,0.9999630369510895
3360,33.600000000001884,0.9999631163508736
3361,33.61000000000188,0.9999631955734355
3362,33.62000000000188,0.9999632746191874
3363,33.63000000000188,0.9999633534885406
3364,33.640000000001876,0.9999634321819053
3365,33.650000000001874,0.9999635106996908
3366,33.66000000000187,0.9999635890423055
3367,33.67000000000187,0.9999636672101567
3368,33.68000000000187,0.9999637452036507
3369,33.69000000000187,0.9999638230231929
3370,33.700000000001864,0.9999639006691874
3371,33.71000000000186,0.9999639781420377
3372,33.72000000000186,0.9999640554421463
3373,33.73000000000186,0.9999641325699145
3374,33.74000000000186,0.9999642095257426
3375,33.750000000001855,0.9999642863100303
3376,33.76000000000185,0.999964362923176
3377,33.77000000000185,0.9999644393655772
3378,33.78000000000185,0.9999645156376304
3379,33.79000000000185,0.9999645917397313
3380,33.800000000001845,0.9999646676722743
3381,33.81000000000184,0.9999647434356534
3382,33.82000000000184,0.9999648190302611
3383,33.83000000000184,0.9999648944564894
3384,33.84000000000184,0.9999649697147288
3385,33.850000000001835,0.9999650448053693
3386,33.86000000000183,0.9999651197287999
3387,33.87000000000183,0.9999651944854084
3388,33.88000000000183,0.999965269075582
3389,33.89000000000183,0.9999653434997068
3390,33.900000000001825,0.9999654177581678
3391,33.91000000000182,0.9999654918513494
3392,33.92000000000182,0.9999655657796348
3393,33.93000000000182,0.9999656395434064
3394,33.94000000000182,0.9999657131430457
3395,33.950000000001815,0.9999657865789331
3396,33.96000000000181,0.9999658598514483
3397,33.97000000000181,0.9999659329609699
3398,33.98000000000181,0.9999660059078757
3399,33.99000000000181,0.9999660786925425
3400,34.000000000001805,0.9999661513153463
3401,34.0100000000018,0.999966223776662
3402,34.0200000000018,0.9999662960768638
3403,34.0300000000018,0.999966368216325
3404,34.0400000000018,0.9999664401954178
3405,34.050000000001795,0.9999665120145136
3406,34.06000000000179,0.9999665836739828
3407,34.07000000000179,0.9999666551741953
3408,34.08000000000179,0.9999667265155194
3409,34.09000000000179,0.9999667976983234
3410,34.100000000001785,0.9999668687229739
3411,34.11000000000178,0.999966939589837
3412,34.12000000000178,0.9999670102992779
3413,34.13000000000178,0.9999670808516609
3414,34.14000000000178,0.9999671512473493
3415,34.150000000001775,0.9999672214867057
3416,34.16000000000177,0.9999672915700917
3417,34.17000000000177,0.9999673614978681
3418,34.18000000000177,0.9999674312703948
3419,34.19000000000177,0.9999675008880308
3420,34.200000000001765,0.9999675703511341
3421,34.21000000000176,0.9999676396600624
3422,34.22000000000176,0.9999677088151717
3423,34.23000000000176,0.9999677778168179
3424,34.24000000000176,0.9999678466653555
3425,34.250000000001755,0.9999679153611384
3426,34.26000000000175,0.9999679839045196
3427,34.27000000000175,0.9999680522958513
3428,34.28000000000175,0.9999681205354848
3429,34.29000000000175,0.9999681886237703
3430,34.300000000001745,0.9999682565610578
3431,34.31000000000174,0.9999683243476959
3432,34.32000000000174,0.9999683919840323
3433,34.33000000000174,0.9999684594704145
3434,34.34000000000174,0.9999685268071883
3435,34.350000000001735,0.9999685939946994
3436,34.36000000000173,0.9999686610332923
3437,34.37000000000173,0.9999687279233107
3438,34.38000000000173,0.9999687946650975
3439,34.39000000000173,0.9999688612589949
3440,34.400000000001725,0.9999689277053441
3441,34.41000000000172,0.9999689940044855
3442,34.42000000000172,0.9999690601567587
3443,34.43000000000172,0.9999691261625027
3444,34.44000000000172,0.9999691920220553
3445,34.450000000001715,0.9999692577357535
3446,34.46000000000171,0.9999693233039341
3447,34.47000000000171,0.9999693887269323
3448,34.48000000000171,0.9999694540050831
3449,34.49000000000171,0.9999695191387201
3450,34.500000000001705,0.9999695841281768
3451,34.5100000000017,0.9999696489737853
3452,34.5200000000017,0.9999697136758771
3453,34.5300000000017,0.9999697782347831
3454,34.5400000000017,0.9999698426508331
3455,34.550000000001695,0.9999699069243563
3456,34.56000000000169,0.999969971055681
3457,34.57000000000169,0.9999700350451348
3458,34.58000000000169,0.9999700988930444
3459,34.59000000000169,0.9999701625997359
3460,34.600000000001685,0.9999702261655345
3461,34.61000000000168,0.9999702895907646
3462,34.62000000000168,0.9999703528757498
3463,34.63000000000168,0.9999704160208128
3464,34.64000000000168,0.999970479026276
3465,34.650000000001675,0.9999705418924605
3466,34.66000000000167,0.9999706046196869
3467,34.67000000000167,0.999970667208275
3468,34.68000000000167,0.9999707296585437
3469,34.69000000000167,0.9999707919708114
3470,34.700000000001666,0.9999708541453954
3471,34.71000000000166,0.9999709161826125
3472,34.72000000000166,0.9999709780827786
3473,34.73000000000166,0.9999710398462089
3474,34.74000000000166,0.9999711014732179
3475,34.750000000001656,0.9999711629641191
3476,34.760000000001654,0.9999712243192256
3477,34.77000000000165,0.9999712855388495
3478,34.78000000000165,0.9999713466233022
3479,34.79000000000165,0.9999714075728945
3480,34.800000000001646,0.9999714683879362
3481,34.810000000001644,0.9999715290687364
3482,34.82000000000164,0.9999715896156037
3483,34.83000000000164,0.9999716500288458
3484,34.84000000000164,0.9999717103087696
3485,34.850000000001636,0.9999717704556814
3486,34.860000000001634,0.9999718304698866
3487,34.87000000000163,0.99997189035169
3488,34.88000000000163,0.9999719501013957
3489,34.89000000000163,0.9999720097193069
3490,34.900000000001626,0.9999720692057262
3491,34.910000000001624,0.9999721285609556
3492,34.92000000000162,0.9999721877852961
3493,34.93000000000162,0.999972246879048
3494,34.94000000000162,0.9999723058425112
3495,34.950000000001616,0.9999723646759845
3496,34.960000000001614,0.9999724233797662
3497,34.97000000000161,0.9999724819541539
3498,34.98000000000161,0.9999725403994444
3499,34.99000000000161,0.9999725987159337
3500,35.000000000001606,0.9999726569039173
3501,35.010000000001604,0.9999727149636901
3502,35.0200000000016,0.9999727728955458
3503,35.0300000000016,0.9999728306997777
3504,35.0400000000016,0.9999728883766785
3505,35.050000000001596,0.9999729459265402
3506,35.060000000001594,0.9999730033496538
3507,35.07000000000159,0.9999730606463098
3508,35.08000000000159,0.999973117816798
3509,35.09000000000159,0.9999731748614076
3510,35.100000000001586,0.999973231780427
3511,35.110000000001584,0.9999732885741438
3512,35.12000000000158,0.9999733452428452
3513,35.13000000000158,0.9999734017868175
3514,35.14000000000158,0.9999734582063463
3515,35.150000000001576,0.9999735145017167
3516,35.160000000001574,0.9999735706732128
3517,35.17000000000157,0.9999736267211183
3518,35.18000000000157,0.9999736826457164
3519,35.19000000000157,0.999973738447289
3520,35.200000000001566,0.999973794126118
3521,35.210000000001564,0.999973849682484
3522,35.22000000000156,0.9999739051166675
3523,35.23000000000156,0.999973960428948
3524,35.24000000000156,0.9999740156196045
3525,35.250000000001556,0.9999740706889151
3526,35.260000000001554,0.9999741256371575
3527,35.27000000000155,0.9999741804646085
3528,35.28000000000155,0.9999742351715445
3529,35.29000000000155,0.9999742897582411
3530,35.300000000001546,0.9999743442249731
3531,35.310000000001544,0.9999743985720149
3532,35.32000000000154,0.99997445279964
3533,35.33000000000154,0.9999745069081216
3534,35.34000000000154,0.999974560897732
3535,35.350000000001536,0.9999746147687426
3536,35.360000000001534,0.9999746685214247
3537,35.37000000000153,0.9999747221560487
3538,35.38000000000153,0.9999747756728841
3539,35.39000000000153,0.9999748290722003
3540,35.400000000001526,0.9999748823542655
3541,35.410000000001524,0.9999749355193477
3542,35.42000000000152,0.9999749885677139
3543,35.43000000000152,0.9999750414996308
3544,35.44000000000152,0.9999750943153644
3545,35.450000000001516,0.9999751470151796
3546,35.460000000001514,0.9999751995993413
3547,35.47000000000151,0.9999752520681137
3548,35.48000000000151,0.9999753044217597
3549,35.49000000000151,0.9999753566605425
3550,35.500000000001506,0.999975408784724
3551,35.510000000001504,0.9999754607945658
3552,35.5200000000015,0.9999755126903287
3553,35.5300000000015,0.999975564472273
3554,35.5400000000015,0.9999756161406583
3555,35.550000000001496,0.9999756676957438
3556,35.560000000001494,0.9999757191377877
3557,35.57000000000149,0.9999757704670479
3558,35.58000000000149,0.9999758216837815
3559,35.59000000000149,0.9999758727882452
3560,35.60000000000149,0.9999759237806949
3561,35.610000000001484,0.9999759746613859
3562,35.62000000000148,0.999976025430573
3563,35.63000000000148,0.9999760760885104
3564,35.64000000000148,0.9999761266354514
3565,35.65000000000148,0.9999761770716492
3566,35.660000000001475,0.9999762273973559
3567,35.67000000000147,0.9999762776128235
3568,35.68000000000147,0.9999763277183029
3569,35.69000000000147,0.9999763777140447
3570,35.70000000000147,0.9999764276002989
3571,35.710000000001465,0.9999764773773148
3572,35.72000000000146,0.9999765270453411
3573,35.73000000000146,0.9999765766046261
3574,35.74000000000146,0.9999766260554173
3575,35.75000000000146,0.9999766753979616
3576,35.760000000001455,0.9999767246325055
3577,35.77000000000145,0.999976773759295
3578,35.78000000000145,0.9999768227785748
3579,35.79000000000145,0.9999768716905901
3580,35.80000000000145,0.9999769204955846
3581,35.810000000001445,0.9999769691938021
3582,35.82000000000144,0.9999770177854853
3583,35.83000000000144,0.9999770662708766
3584,35.84000000000144,0.9999771146502177
3585,35.85000000000144,0.9999771629237498
3586,35.860000000001435,0.9999772110917136
3587,35.87000000000143,0.9999772591543491
3588,35.88000000000143,0.9999773071118958
3589,35.89000000000143,0.9999773549645926
3590,35.90000000000143,0.9999774027126778
3591,35.910000000001425,0.9999774503563892
3592,35.92000000000142,0.9999774978959639
3593,35.93000000000142,0.9999775453316389
3594,35.94000000000142,0.9999775926636498
3595,35.95000000000142,0.9999776398922325
3596,35.960000000001415,0.999977687017622
3597,35.97000000000141,0.9999777340400524
3598,35.98000000000141,0.9999777809597579
3599,35.99000000000141,0.9999778277769715
3600,36.00000000000141,0.9999778744919262
3601,36.010000000001405,0.9999779211048541
3602,36.0200000000014,0.9999779676159869
3603,36.0300000000014,0.9999780140255555
3604,36.0400000000014,0.9999780603337908
3605,36.0500000000014,0.9999781065409227
3606,36.060000000001395,0.9999781526471805
3607,36.07000000000139,0.9999781986527931
3608,36.08000000000139,0.9999782445579892
3609,36.09000000000139,0.9999782903629966
3610,36.10000000000139,0.9999783360680422
3611,36.110000000001385,0.9999783816733532
3612,36.12000000000138,0.9999784271791556
3613,36.13000000000138,0.9999784725856753
3614,36.14000000000138,0.9999785178931372
3615,36.15000000000138,0.9999785631017661
3616,36.160000000001375,0.9999786082117861
3617,36.17000000000137,0.9999786532234207
3618,36.18000000000137,0.999978698136893
3619,36.19000000000137,0.9999787429524255
3620,36.20000000000137,0.9999787876702402
3621,36.210000000001365,0.9999788322905585
3622,36.22000000000136,0.9999788768136014
3623,36.23000000000136,0.9999789212395893
3624,36.24000000000136,0.9999789655687421
3625,36.25000000000136,0.9999790098012792
3626,36.260000000001355,0.9999790539374195
3627,36.27000000000135,0.9999790979773812
3628,36.28000000000135,0.9999791419213823
3629,36.29000000000135,0.9999791857696398
3630,36.30000000000135,0.9999792295223711
3631,36.310000000001345,0.9999792731797918
3632,36.32000000000134,0.9999793167421183
3633,36.33000000000134,0.9999793602095653
3634,36.34000000000134,0.999979403582348
3635,36.35000000000134,0.9999794468606805
3636,36.360000000001335,0.9999794900447765
3637,36.37000000000133,0.9999795331348493
3638,36.38000000000133,0.9999795761311117
3639,36.39000000000133,0.9999796190337759
3640,36.40000000000133,0.9999796618430534
3641,36.410000000001325,0.9999797045591559
3642,36.42000000000132,0.9999797471822938
3643,36.43000000000132,0.9999797897126775
3644,36.44000000000132,0.9999798321505167
3645,36.45000000000132,0.9999798744960207
3646,36.460000000001315,0.9999799167493981
3647,36.47000000000131,0.9999799589108574
3648,36.48000000000131,0.9999800009806064
3649,36.49000000000131,0.9999800429588521
3650,36.50000000000131,0.9999800848458016
3651,36.510000000001305,0.999980126641661
3652,36.5200000000013,0.9999801683466364
3653,36.5300000000013,0.9999802099609328
3654,36.5400000000013,0.9999802514847554
3655,36.5500000000013,0.9999802929183084
3656,36.560000000001295,0.9999803342617957
3657,36.57000000000129,0.9999803755154207
3658,36.58000000000129,0.9999804166793865
3659,36.59000000000129,0.9999804577538953
3660,36.60000000000129,0.9999804987391494
3661,36.610000000001286,0.9999805396353502
3662,36.62000000000128,0.9999805804426986
3663,36.63000000000128,0.9999806211613952
3664,36.64000000000128,0.9999806617916402
3665,36.65000000000128,0.9999807023336332
3666,36.660000000001276,0.9999807427875733
3667,36.670000000001274,0.9999807831536592
3668,36.68000000000127,0.9999808234320893
3669,36.69000000000127,0.999980863623061
3670,36.70000000000127,0.999980903726772
3671,36.710000000001266,0.9999809437434187
3672,36.720000000001264,0.9999809836731978
3673,36.73000000000126,0.999981023516305
3674,36.74000000000126,0.9999810632729358
3675,36.75000000000126,0.9999811029432852
3676,36.760000000001256,0.9999811425275478
3677,36.770000000001254,0.9999811820259175
3678,36.78000000000125,0.9999812214385879
3679,36.79000000000125,0.9999812607657524
3680,36.80000000000125,0.9999813000076035
3681,36.810000000001246,0.9999813391643335
3682,36.820000000001244,0.9999813782361342
3683,36.83000000000124,0.999981417223197
3684,36.84000000000124,0.9999814561257127
3685,36.85000000000124,0.9999814949438718
3686,36.860000000001236,0.9999815336778642
3687,36.870000000001234,0.9999815723278798
3688,36.88000000000123,0.9999816108941073
3689,36.89000000000123,0.9999816493767356
3690,36.90000000000123,0.9999816877759529
3691,36.910000000001226,0.9999817260919469
3692,36.920000000001224,0.999981764324905
3693,36.93000000000122,0.9999818024750142
3694,36.94000000000122,0.999981840542461
3695,36.95000000000122,0.9999818785274311
3696,36.960000000001216,0.9999819164301105
3697,36.970000000001214,0.999981954250684
3698,36.98000000000121,0.9999819919893366
3699,36.99000000000121,0.9999820296462525
3700,37.00000000000121,0.9999820672216155
3701,37.010000000001206,0.9999821047156092
3702,37.020000000001204,0.9999821421284164
3703,37.0300000000012,0.9999821794602198
3704,37.0400000000012,0.9999822167112016
3705,37.0500000000012,0.9999822538815433
3706,37.060000000001196,0.9999822909714263
3707,37.070000000001194,0.9999823279810316
3708,37.08000000000119,0.9999823649105396
3709,37.09000000000119,0.9999824017601301
3710,37.10000000000119,0.999982438529983
3711,37.110000000001186,0.9999824752202773
3712,37.120000000001184,0.9999825118311918
3713,37.13000000000118,0.9999825483629049
3714,37.14000000000118,0.9999825848155944
3715,37.15000000000118,0.9999826211894379
3716,37.160000000001176,0.9999826574846126
3717,37.170000000001174,0.999982693701295
3718,37.18000000000117,0.9999827298396614
3719,37.19000000000117,0.9999827658998878
3720,37.20000000000117,0.9999828018821495
3721,37.210000000001166,0.9999828377866216
3722,37.220000000001164,0.9999828736134786
3723,37.23000000000116,0.9999829093628948
3724,37.24000000000116,0.9999829450350441
3725,37.25000000000116,0.9999829806300998
3726,37.260000000001156,0.999983016148235
3727,37.270000000001154,0.9999830515896222
3728,37.28000000000115,0.9999830869544336
3729,37.29000000000115,0.999983122242841
3730,37.30000000000115,0.9999831574550158
3731,37.310000000001146,0.999983192591129
3732,37.320000000001144,0.9999832276513511
3733,37.33000000000114,0.9999832626358524
3734,37.34000000000114,0.9999832975448026
3735,37.35000000000114,0.9999833323783712
3736,37.360000000001136,0.9999833671367272
3737,37.370000000001134,0.9999834018200391
3738,37.38000000000113,0.9999834364284751
3739,37.39000000000113,0.9999834709622032
3740,37.40000000000113,0.9999835054213907
3741,37.410000000001126,0.9999835398062046
3742,37.420000000001124,0.9999835741168116
3743,37.43000000000112,0.999983608353378
3744,37.44000000000112,0.9999836425160696
3745,37.45000000000112,0.9999836766050519
3746,37.460000000001116,0.9999837106204901
3747,37.470000000001114,0.9999837445625488
3748,37.48000000000111,0.9999837784313923
3749,37.49000000000111,0.9999838122271847
3750,37.50000000000111,0.9999838459500895
3751,37.51000000000111,0.9999838796002697
3752,37.520000000001104,0.9999839131778884
3753,37.5300000000011,0.9999839466831079
3754,37.5400000000011,0.9999839801160901
3755,37.5500000000011,0.9999840134769968
3756,37.5600000000011,0.9999840467659894
3757,37.570000000001095,0.9999840799832287
3758,37.58000000000109,0.9999841131288753
3759,37.59000000000109,0.9999841462030892
3760,37.60000000000109,0.9999841792060303
3761,37.61000000000109,0.9999842121378582
3762,37.620000000001085,0.9999842449987315
3763,37.63000000000108,0.9999842777888094
3764,37.64000000000108,0.9999843105082499
3765,37.65000000000108,0.999984343157211
3766,37.66000000000108,0.9999843757358503
3767,37.670000000001075,0.999984408244325
3768,37.68000000000107,0.999984440682792
3769,37.69000000000107,0.9999844730514077
3770,37.70000000000107,0.9999845053503282
3771,37.71000000000107,0.9999845375797093
3772,37.720000000001065,0.9999845697397064
3773,37.73000000000106,0.9999846018304746
3774,37.74000000000106,0.9999846338521683
3775,37.75000000000106,0.999984665804942
3776,37.76000000000106,0.9999846976889497
3777,37.770000000001055,0.9999847295043449
3778,37.78000000000105,0.9999847612512808
3779,37.79000000000105,0.9999847929299104
3780,37.80000000000105,0.9999848245403862
3781,37.81000000000105,0.9999848560828601
3782,37.820000000001045,0.9999848875574844
3783,37.83000000000104,0.9999849189644101
3784,37.84000000000104,0.9999849503037886
3785,37.85000000000104,0.9999849815757705
3786,37.86000000000104,0.9999850127805063
3787,37.870000000001035,0.9999850439181461
3788,37.88000000000103,0.9999850749888396
3789,37.89000000000103,0.9999851059927359
3790,37.90000000000103,0.9999851369299844
3791,37.91000000000103,0.9999851678007335
3792,37.920000000001025,0.9999851986051317
3793,37.93000000000102,0.9999852293433268
3794,37.94000000000102,0.9999852600154666
3795,37.95000000000102,0.9999852906216984
3796,37.96000000000102,0.999985321162169
3797,37.970000000001015,0.9999853516370251
3798,37.98000000000101,0.999985382046413
3799,37.99000000000101,0.9999854123904787
3800,38.00000000000101,0.9999854426693675
3801,38.01000000000101,0.999985472883225
3802,38.020000000001005,0.999985503032196
3803,38.030000000001,0.999985533116425
3804,38.040000000001,0.9999855631360564
3805,38.050000000001,0.9999855930912339
3806,38.060000000001,0.9999856229821014
3807,38.070000000000995,0.9999856528088018
3808,38.08000000000099,0.9999856825714782
3809,38.09000000000099,0.9999857122702732
3810,38.10000000000099,0.9999857419053291
3811,38.11000000000099,0.9999857714767877
3812,38.120000000000985,0.9999858009847905
3813,38.13000000000098,0.9999858304294791
3814,38.14000000000098,0.9999858598109942
3815,38.15000000000098,0.9999858891294764
3816,38.16000000000098,0.9999859183850661
3817,38.170000000000975,0.9999859475779033
3818,38.18000000000097,0.9999859767081275
3819,38.19000000000097,0.999986005775878
3820,38.20000000000097,0.999986034781294
3821,38.21000000000097,0.999986063724514
3822,38.220000000000965,0.9999860926056765
3823,38.23000000000096,0.9999861214249194
3824,38.24000000000096,0.9999861501823804
3825,38.25000000000096,0.999986178878197
3826,38.26000000000096,0.9999862075125061
3827,38.270000000000955,0.9999862360854447
3828,38.28000000000095,0.9999862645971491
3829,38.29000000000095,0.9999862930477555
3830,38.30000000000095,0.9999863214373996
3831,38.31000000000095,0.999986349766217
3832,38.320000000000945,0.9999863780343429
3833,38.33000000000094,0.999986406241912
3834,38.34000000000094,0.9999864343890592
3835,38.35000000000094,0.9999864624759184
3836,38.36000000000094,0.9999864905026237
3837,38.370000000000935,0.9999865184693087
3838,38.38000000000093,0.9999865463761067
3839,38.39000000000093,0.9999865742231508
3840,38.40000000000093,0.9999866020105737
3841,38.41000000000093,0.9999866297385077
3842,38.420000000000925,0.999986657407085
3843,38.43000000000092,0.9999866850164373
3844,38.44000000000092,0.9999867125666961
3845,38.45000000000092,0.9999867400579927
3846,38.46000000000092,0.9999867674904579
3847,38.470000000000915,0.9999867948642222
3848,38.48000000000091,0.9999868221794159
3849,38.49000000000091,0.9999868494361691
3850,38.50000000000091,0.9999868766346114
3851,38.51000000000091,0.9999869037748721
3852,38.520000000000906,0.9999869308570803
3853,38.5300000000009,0.9999869578813649
3854,38.5400000000009,0.9999869848478543
3855,38.5500000000009,0.9999870117566767
3856,38.5600000000009,0.99998703860796
3857,38.570000000000896,0.9999870654018318
3858,38.580000000000894,0.9999870921384193
3859,38.59000000000089,0.9999871188178497
3860,38.60000000000089,0.9999871454402496
3861,38.61000000000089,0.9999871720057453
3862,38.620000000000886,0.9999871985144632
3863,38.630000000000884,0.9999872249665288
3864,38.64000000000088,0.999987251362068
3865,38.65000000000088,0.9999872777012059
3866,38.66000000000088,0.9999873039840674
3867,38.670000000000876,0.9999873302107775
3868,38.680000000000874,0.9999873563814602
3869,38.69000000000087,0.9999873824962398
3870,38.70000000000087,0.99998740855524
3871,38.71000000000087,0.9999874345585845
3872,38.720000000000866,0.9999874605063966
3873,38.730000000000864,0.9999874863987991
3874,38.74000000000086,0.9999875122359148
3875,38.75000000000086,0.999987538017866
3876,38.76000000000086,0.9999875637447749
3877,38.770000000000856,0.9999875894167634
3878,38.780000000000854,0.999987615033953
3879,38.79000000000085,0.9999876405964649
3880,38.80000000000085,0.9999876661044202
3881,38.81000000000085,0.9999876915579398
3882,38.820000000000846,0.9999877169571437
3883,38.830000000000844,0.9999877423021525
3884,38.84000000000084,0.9999877675930858
3885,38.85000000000084,0.9999877928300634
3886,38.86000000000084,0.9999878180132047
3887,38.870000000000836,0.9999878431426286
3888,38.880000000000834,0.9999878682184539
3889,38.89000000000083,0.9999878932407992
3890,38.90000000000083,0.9999879182097827
3891,38.91000000000083,0.9999879431255224
3892,38.920000000000826,0.999987967988136
3893,38.930000000000824,0.9999879927977411
3894,38.94000000000082,0.9999880175544547
3895,38.95000000000082,0.9999880422583936
3896,38.96000000000082,0.9999880669096746
3897,38.970000000000816,0.999988091508414
3898,38.980000000000814,0.9999881160547278
3899,38.99000000000081,0.9999881405487321
3900,39.00000000000081,0.9999881649905422
3901,39.01000000000081,0.9999881893802736
3902,39.020000000000806,0.999988213718041
3903,39.030000000000804,0.9999882380039596
3904,39.0400000000008,0.9999882622381436
3905,39.0500000000008,0.9999882864207074
3906,39.0600000000008,0.9999883105517647
3907,39.070000000000796,0.9999883346314297
3908,39.080000000000794,0.9999883586598154
3909,39.09000000000079,0.9999883826370353
3910,39.10000000000079,0.9999884065632021
3911,39.11000000000079,0.9999884304384287
3912,39.120000000000786,0.9999884542628273
3913,39.130000000000784,0.9999884780365103
3914,39.14000000000078,0.9999885017595894
3915,39.15000000000078,0.9999885254321763
3916,39.16000000000078,0.9999885490543825
3917,39.170000000000776,0.999988572626319
3918,39.180000000000774,0.9999885961480968
3919,39.19000000000077,0.9999886196198264
3920,39.20000000000077,0.9999886430416183
3921,39.21000000000077,0.9999886664135824
3922,39.220000000000766,0.9999886897358289
3923,39.230000000000764,0.9999887130084671
3924,39.24000000000076,0.9999887362316066
3925,39.25000000000076,0.9999887594053564
3926,39.26000000000076,0.9999887825298253
3927,39.270000000000756,0.999988805605122
3928,39.280000000000754,0.999988828631355
3929,39.29000000000075,0.9999888516086322
3930,39.30000000000075,0.9999888745370615
3931,39.31000000000075,0.9999888974167507
3932,39.320000000000746,0.999988920247807
3933,39.330000000000744,0.9999889430303376
3934,39.34000000000074,0.9999889657644493
3935,39.35000000000074,0.9999889884502489
3936,39.36000000000074,0.9999890110878427
3937,39.370000000000736,0.9999890336773368
3938,39.380000000000734,0.9999890562188373
3939,39.39000000000073,0.9999890787124497
3940,39.40000000000073,0.9999891011582794
3941,39.41000000000073,0.9999891235564317
3942,39.42000000000073,0.9999891459070115
3943,39.430000000000724,0.9999891682101235
3944,39.44000000000072,0.9999891904658723
3945,39.45000000000072,0.9999892126743619
3946,39.46000000000072,0.9999892348356965
3947,39.47000000000072,0.9999892569499795
3948,39.480000000000715,0.9999892790173149
3949,39.49000000000071,0.9999893010378057
3950,39.50000000000071,0.999989323011555
3951,39.51000000000071,0.9999893449386654
3952,39.52000000000071,0.9999893668192398
3953,39.530000000000705,0.9999893886533804
3954,39.5400000000007,0.9999894104411893
3955,39.5500000000007,0.9999894321827684
3956,39.5600000000007,0.9999894538782191
3957,39.5700000000007,0.9999894755276433
3958,39.580000000000695,0.9999894971311417
3959,39.59000000000069,0.9999895186888155
3960,39.60000000000069,0.9999895402007652
3961,39.61000000000069,0.9999895616670915
3962,39.62000000000069,0.9999895830878947
3963,39.630000000000685,0.9999896044632746
3964,39.64000000000068,0.9999896257933311
3965,39.65000000000068,0.9999896470781636
3966,39.66000000000068,0.9999896683178718
3967,39.67000000000068,0.9999896895125545
3968,39.680000000000675,0.9999897106623108
3969,39.69000000000067,0.9999897317672392
3970,39.70000000000067,0.9999897528274382
3971,39.71000000000067,0.999989773843006
3972,39.72000000000067,0.9999897948140406
3973,39.730000000000665,0.9999898157406398
3974,39.74000000000066,0.9999898366229011
3975,39.75000000000066,0.9999898574609218
3976,39.76000000000066,0.9999898782547991
3977,39.77000000000066,0.9999898990046298
3978,39.780000000000655,0.9999899197105104
3979,39.79000000000065,0.9999899403725376
3980,39.80000000000065,0.9999899609908075
3981,39.81000000000065,0.9999899815654162
3982,39.82000000000065,0.9999900020964593
3983,39.830000000000645,0.9999900225840324
3984,39.84000000000064,0.9999900430282309
3985,39.85000000000064,0.9999900634291499
3986,39.86000000000064,0.9999900837868844
3987,39.87000000000064,0.9999901041015289
3988,39.880000000000635,0.999990124373178
3989,39.89000000000063,0.999990144601926
3990,39.90000000000063,0.9999901647878668
3991,39.91000000000063,0.9999901849310945
3992,39.92000000000063,0.9999902050317023
3993,39.930000000000625,0.9999902250897841
3994,39.94000000000062,0.9999902451054327
3995,39.95000000000062,0.9999902650787412
3996,39.96000000000062,0.9999902850098025
3997,39.97000000000062,0.9999903048987089
3998,39.980000000000615,0.999990324745553
3999,39.99000000000061,0.9999903445504268
4000,40.00000000000061,0.9999903643134223
4001,40.01000000000061,0.9999903840346311
4002,40.02000000000061,0.9999904037141449
4003,40.030000000000605,0.9999904233520549
4004,40.0400000000006,0.9999904429484521
4005,40.0500000000006,0.9999904625034275
4006,40.0600000000006,0.9999904820170717
4007,40.0700000000006,0.9999905014894753
4008,40.080000000000595,0.9999905209207286
4009,40.09000000000059,0.9999905403109214
4010,40.10000000000059,0.9999905596601438
4011,40.11000000000059,0.9999905789684853
4012,40.12000000000059,0.9999905982360355
4013,40.130000000000585,0.9999906174628836
4014,40.14000000000058,0.9999906366491187
4015,40.15000000000058,0.9999906557948294
4016,40.16000000000058,0.9999906749001046
4017,40.17000000000058,0.9999906939650326
4018,40.180000000000575,0.9999907129897018
4019,40.19000000000057,0.9999907319742
4020,40.20000000000057,0.9999907509186152
4021,40.21000000000057,0.999990769823035
4022,40.22000000000057,0.9999907886875469
4023,40.230000000000565,0.999990807512238
4024,40.24000000000056,0.9999908262971955
4025,40.25000000000056,0.9999908450425061
4026,40.26000000000056,0.9999908637482566
4027,40.27000000000056,0.9999908824145334
4028,40.280000000000555,0.9999909010414227
4029,40.29000000000055,0.9999909196290107
4030,40.30000000000055,0.9999909381773829
4031,40.31000000000055,0.9999909566866255
4032,40.32000000000055,0.9999909751568237
4033,40.330000000000545,0.9999909935880626
4034,40.34000000000054,0.9999910119804276
4035,40.35000000000054,0.9999910303340035
4036,40.36000000000054,0.999991048648875
4037,40.37000000000054,0.9999910669251266
4038,40.380000000000535,0.9999910851628426
4039,40.39000000000053,0.9999911033621072
4040,40.40000000000053,0.9999911215230042
4041,40.41000000000053,0.9999911396456175
4042,40.42000000000053,0.9999911577300304
4043,40.430000000000526,0.9999911757763267
4044,40.44000000000052,0.9999911937845893
4045,40.45000000000052,0.9999912117549012
4046,40.46000000000052,0.9999912296873452
4047,40.47000000000052,0.9999912475820041
4048,40.480000000000516,0.9999912654389601
4049,40.490000000000514,0.9999912832582956
4050,40.50000000000051,0.9999913010400925
4051,40.51000000000051,0.9999913187844328
4052,40.52000000000051,0.9999913364913982
4053,40.530000000000506,0.99999135416107
4054,40.540000000000504,0.9999913717935297
4055,40.5500000000005,0.9999913893888585
4056,40.5600000000005,0.9999914069471372
4057,40.5700000000005,0.9999914244684466
4058,40.580000000000496,0.9999914419528673
4059,40.590000000000494,0.9999914594004796
4060,40.60000000000049,0.999991476811364
4061,40.61000000000049,0.9999914941856002
4062,40.62000000000049,0.9999915115232683
4063,40.630000000000486,0.9999915288244479
4064,40.640000000000484,0.9999915460892184
4065,40.65000000000048,0.9999915633176591
4066,40.66000000000048,0.9999915805098494
4067,40.67000000000048,0.9999915976658681
4068,40.680000000000476,0.9999916147857938
4069,40.690000000000474,0.9999916318697054
4070,40.70000000000047,0.9999916489176812
4071,40.71000000000047,0.9999916659297994
4072,40.72000000000047,0.999991682906138
4073,40.730000000000466,0.9999916998467752
4074,40.740000000000464,0.9999917167517883
4075,40.75000000000046,0.9999917336212553
4076,40.76000000000046,0.9999917504552531
4077,40.77000000000046,0.9999917672538593
4078,40.780000000000456,0.9999917840171506
4079,40.790000000000454,0.999991800745204
4080,40.80000000000045,0.9999918174380962
4081,40.81000000000045,0.9999918340959036
4082,40.82000000000045,0.9999918507187026
4083,40.830000000000446,0.9999918673065693
4084,40.840000000000444,0.9999918838595797
4085,40.85000000000044,0.9999919003778096
4086,40.86000000000044,0.9999919168613346
4087,40.87000000000044,0.9999919333102303
4088,40.880000000000436,0.9999919497245718
4089,40.890000000000434,0.9999919661044344
4090,40.90000000000043,0.9999919824498931
4091,40.91000000000043,0.9999919987610224
4092,40.92000000000043,0.9999920150378971
4093,40.930000000000426,0.9999920312805918
4094,40.940000000000424,0.9999920474891805
4095,40.95000000000042,0.9999920636637375
4096,40.96000000000042,0.9999920798043367
4097,40.97000000000042,0.9999920959110519
4098,40.980000000000416,0.9999921119839567
4099,40.990000000000414,0.9999921280231244
4100,41.00000000000041,0.9999921440286286
4101,41.01000000000041,0.9999921600005421
4102,41.02000000000041,0.9999921759389381
4103,41.030000000000406,0.9999921918438892
4104,41.040000000000404,0.9999922077154682
4105,41.0500000000004,0.9999922235537474
4106,41.0600000000004,0.9999922393587992
4107,41.0700000000004,0.9999922551306958
4108,41.080000000000396,0.999992270869509
4109,41.090000000000394,0.9999922865753107
4110,41.10000000000039,0.9999923022481726
4111,41.11000000000039,0.999992317888166
4112,41.12000000000039,0.9999923334953625
4113,41.130000000000386,0.999992349069833
4114,41.140000000000384,0.9999923646116488
4115,41.15000000000038,0.9999923801208804
4116,41.16000000000038,0.9999923955975988
4117,41.17000000000038,0.9999924110418744
4118,41.180000000000376,0.9999924264537775
4119,41.190000000000374,0.9999924418333784
4120,41.20000000000037,0.9999924571807471
4121,41.21000000000037,0.9999924724959536
4122,41.22000000000037,0.9999924877790675
4123,41.230000000000366,0.9999925030301585
4124,41.240000000000364,0.9999925182492959
4125,41.25000000000036,0.9999925334365491
4126,41.26000000000036,0.9999925485919872
4127,41.27000000000036,0.999992563715679
4128,41.280000000000356,0.9999925788076934
4129,41.290000000000354,0.9999925938680991
4130,41.30000000000035,0.9999926088969646
4131,41.31000000000035,0.9999926238943583
4132,41.32000000000035,0.9999926388603481
4133,41.33000000000035,0.9999926537950022
4134,41.340000000000344,0.9999926686983887
4135,41.35000000000034,0.9999926835705749
4136,41.36000000000034,0.9999926984116287
4137,41.37000000000034,0.9999927132216174
4138,41.38000000000034,0.9999927280006083
4139,41.390000000000335,0.9999927427486686
4140,41.40000000000033,0.9999927574658651
4141,41.41000000000033,0.9999927721522648
4142,41.42000000000033,0.9999927868079341
4143,41.43000000000033,0.9999928014329399
4144,41.440000000000325,0.9999928160273482
4145,41.45000000000032,0.9999928305912255
4146,41.46000000000032,0.9999928451246377
4147,41.47000000000032,0.9999928596276508
4148,41.48000000000032,0.9999928741003306
4149,41.490000000000315,0.9999928885427427
4150,41.50000000000031,0.9999929029549526
4151,41.51000000000031,0.9999929173370256
4152,41.52000000000031,0.9999929316890268
4153,41.53000000000031,0.9999929460110214
4154,41.540000000000305,0.9999929603030743
4155,41.5500000000003,0.9999929745652502
4156,41.5600000000003,0.9999929887976136
4157,41.5700000000003,0.9999930030002291
4158,41.5800000000003,0.999993017173161
4159,41.590000000000295,0.9999930313164734
4160,41.60000000000029,0.9999930454302305
4161,41.61000000000029,0.9999930595144959
4162,41.62000000000029,0.9999930735693336
4163,41.63000000000029,0.9999930875948071
4164,41.640000000000285,0.9999931015909799
4165,41.65000000000028,0.9999931155579153
4166,41.66000000000028,0.9999931294956763
4167,41.67000000000028,0.9999931434043261
4168,41.68000000000028,0.9999931572839277
4169,41.690000000000275,0.9999931711345436
4170,41.70000000000027,0.9999931849562366
4171,41.71000000000027,0.999993198749069
4172,41.72000000000027,0.9999932125131032
4173,41.73000000000027,0.9999932262484016
4174,41.740000000000265,0.9999932399550259
4175,41.75000000000026,0.9999932536330381
4176,41.76000000000026,0.9999932672825003
4177,41.77000000000026,0.9999932809034736
4178,41.78000000000026,0.9999932944960199
4179,41.790000000000255,0.9999933080602005
4180,41.80000000000025,0.9999933215960765
4181,41.81000000000025,0.9999933351037089
4182,41.82000000000025,0.9999933485831589
4183,41.83000000000025,0.9999933620344872
4184,41.840000000000245,0.9999933754577545
4185,41.85000000000024,0.9999933888530211
4186,41.86000000000024,0.9999934022203478
4187,41.87000000000024,0.9999934155597946
4188,41.88000000000024,0.9999934288714217
4189,41.890000000000235,0.9999934421552892
4190,41.90000000000023,0.9999934554114568
4191,41.91000000000023,0.9999934686399843
4192,41.92000000000023,0.9999934818409313
4193,41.93000000000023,0.9999934950143573
4194,41.940000000000225,0.9999935081603215
4195,41.95000000000022,0.9999935212788833
4196,41.96000000000022,0.9999935343701016
4197,41.97000000000022,0.9999935474340355
4198,41.98000000000022,0.9999935604707436
4199,41.990000000000215,0.9999935734802847
4200,42.00000000000021,0.9999935864627173
4201,42.01000000000021,0.9999935994180998
4202,42.02000000000021,0.9999936123464905
4203,42.03000000000021,0.9999936252479477
4204,42.040000000000205,0.9999936381225292
4205,42.0500000000002,0.9999936509702928
4206,42.0600000000002,0.9999936637912966
4207,42.0700000000002,0.999993676585598
4208,42.0800000000002,0.9999936893532545
4209,42.090000000000195,0.9999937020943236
4210,42.10000000000019,0.9999937148088625
4211,42.11000000000019,0.9999937274969282
4212,42.12000000000019,0.9999937401585778
4213,42.13000000000019,0.9999937527938682
4214,42.140000000000185,0.9999937654028561
4215,42.15000000000018,0.9999937779855981
4216,42.16000000000018,0.9999937905421505
4217,42.17000000000018,0.9999938030725701
4218,42.18000000000018,0.9999938155769127
4219,42.190000000000175,0.9999938280552347
4220,42.20000000000017,0.9999938405075919
4221,42.21000000000017,0.9999938529340402
4222,42.22000000000017,0.9999938653346354
4223,42.23000000000017,0.999993877709433
4224,42.240000000000165,0.9999938900584886
4225,42.25000000000016,0.9999939023818575
4226,42.26000000000016,0.999993914679595
4227,42.27000000000016,0.999993926951756
4228,42.28000000000016,0.9999939391983959
4229,42.290000000000155,0.999993951419569
4230,42.30000000000015,0.9999939636153307
4231,42.31000000000015,0.999993975785735
4232,42.32000000000015,0.9999939879308368
4233,42.33000000000015,0.9999940000506905
4234,42.340000000000146,0.9999940121453501
4235,42.35000000000014,0.9999940242148699
4236,42.36000000000014,0.9999940362593039
4237,42.37000000000014,0.999994048278706
4238,42.38000000000014,0.99999406027313
4239,42.390000000000136,0.9999940722426295
4240,42.400000000000134,0.999994084187258
4241,42.41000000000013,0.9999940961070691
4242,42.42000000000013,0.999994108002116
4243,42.43000000000013,0.9999941198724518
4244,42.440000000000126,0.9999941317181297
4245,42.450000000000124,0.9999941435392026
4246,42.46000000000012,0.9999941553357232
4247,42.47000000000012,0.9999941671077445
4248,42.48000000000012,0.9999941788553188
4249,42.490000000000116,0.9999941905784987
4250,42.500000000000114,0.9999942022773366
4251,42.51000000000011,0.9999942139518847
4252,42.52000000000011,0.9999942256021952
4253,42.53000000000011,0.9999942372283199
4254,42.540000000000106,0.999994248830311
4255,42.550000000000104,0.99999426040822
4256,42.5600000000001,0.9999942719620988
4257,42.5700000000001,0.9999942834919987
4258,42.5800000000001,0.9999942949979713
4259,42.590000000000096,0.9999943064800679
4260,42.600000000000094,0.9999943179383398
4261,42.61000000000009,0.9999943293728379
4262,42.62000000000009,0.9999943407836133
4263,42.63000000000009,0.9999943521707169
4264,42.640000000000086,0.9999943635341992
4265,42.650000000000084,0.9999943748741112
4266,42.66000000000008,0.9999943861905033
4267,42.67000000000008,0.9999943974834259
4268,42.68000000000008,0.9999944087529291
4269,42.690000000000076,0.9999944199990635
4270,42.700000000000074,0.9999944312218788
4271,42.71000000000007,0.9999944424214252
4272,42.72000000000007,0.9999944535977525
4273,42.73000000000007,0.9999944647509105
4274,42.740000000000066,0.9999944758809487
4275,42.750000000000064,0.9999944869879168
4276,42.76000000000006,0.999994498071864
4277,42.77000000000006,0.9999945091328398
4278,42.78000000000006,0.9999945201708934
4279,42.790000000000056,0.9999945311860737
4280,42.800000000000054,0.99999454217843
4281,42.81000000000005,0.9999945531480108
4282,42.82000000000005,0.9999945640948651
4283,42.83000000000005,0.9999945750190415
4284,42.840000000000046,0.9999945859205885
4285,42.850000000000044,0.9999945967995547
4286,42.86000000000004,0.9999946076559882
4287,42.87000000000004,0.9999946184899375
4288,42.88000000000004,0.9999946293014504
4289,42.890000000000036,0.9999946400905753
4290,42.900000000000034,0.9999946508573597
4291,42.91000000000003,0.9999946616018516
4292,42.92000000000003,0.9999946723240987
4293,42.93000000000003,0.9999946830241486
4294,42.940000000000026,0.9999946937020487
4295,42.950000000000024,0.9999947043578464
4296,42.96000000000002,0.9999947149915891
4297,42.97000000000002,0.9999947256033238
4298,42.98000000000002,0.9999947361930976
4299,42.990000000000016,0.9999947467609576
4300,43.000000000000014,0.9999947573069505
4301,43.01000000000001,0.9999947678311231
4302,43.02000000000001,0.999994778333522
4303,43.03000000000001,0.9999947888141938
4304,43.040000000000006,0.9999947992731849
4305,43.050000000000004,0.9999948097105417
4306,43.06,0.9999948201263104
4307,43.07,0.9999948305205372
4308,43.08,0.999994840893268
4309,43.089999999999996,0.9999948512445488
4310,43.099999999999994,0.9999948615744254
4311,43.10999999999999,0.9999948718829436
4312,43.11999999999999,0.9999948821701489
4313,43.12999999999999,0.999994892436087
4314,43.139999999999986,0.9999949026808032
4315,43.149999999999984,0.9999949129043428
4316,43.15999999999998,0.9999949231067511
4317,43.16999999999998,0.9999949332880732
4318,43.17999999999998,0.9999949434483542
4319,43.189999999999976,0.9999949535876388
4320,43.199999999999974,0.999994963705972
4321,43.20999999999997,0.9999949738033985
4322,43.21999999999997,0.999994983879963
4323,43.22999999999997,0.9999949939357099
4324,43.23999999999997,0.9999950039706836
4325,43.249999999999964,0.9999950139849286
4326,43.25999999999996,0.999995023978489
4327,43.26999999999996,0.999995033951409
4328,43.27999999999996,0.9999950439037326
4329,43.28999999999996,0.9999950538355037
4330,43.299999999999955,0.9999950637467663
4331,43.30999999999995,0.999995073637564
4332,43.31999999999995,0.9999950835079404
4333,43.32999999999995,0.9999950933579393
4334,43.33999999999995,0.999995103187604
4335,43.349999999999945,0.9999951129969777
4336,43.35999999999994,0.999995122786104
4337,43.36999999999994,0.9999951325550258
4338,43.37999999999994,0.9999951423037864
4339,43.38999999999994,0.9999951520324286
4340,43.399999999999935,0.9999951617409953
4341,43.40999999999993,0.9999951714295293
4342,43.41999999999993,0.9999951810980734
4343,43.42999999999993,0.9999951907466702
4344,43.43999999999993,0.999995200375362
4345,43.449999999999925,0.9999952099841914
4346,43.45999999999992,0.9999952195732007
4347,43.46999999999992,0.9999952291424321
4348,43.47999999999992,0.9999952386919277
4349,43.48999999999992,0.9999952482217296
4350,43.499999999999915,0.9999952577318797
4351,43.50999999999991,0.9999952672224199
4352,43.51999999999991,0.9999952766933919
4353,43.52999999999991,0.9999952861448376
4354,43.53999999999991,0.9999952955767982
4355,43.549999999999905,0.9999953049893154
4356,43.5599999999999,0.9999953143824306
4357,43.5699999999999,0.9999953237561852
4358,43.5799999999999,0.99999533311062
4359,43.5899999999999,0.9999953424457767
4360,43.599999999999895,0.999995351761696
4361,43.60999999999989,0.9999953610584188
4362,43.61999999999989,0.9999953703359862
4363,43.62999999999989,0.9999953795944386
4364,43.63999999999989,0.999995388833817
4365,43.649999999999885,0.9999953980541618
4366,43.65999999999988,0.9999954072555137
4367,43.66999999999988,0.9999954164379129
4368,43.67999999999988,0.9999954256013996
4369,43.68999999999988,0.9999954347460145
4370,43.699999999999875,0.9999954438717972
4371,43.70999999999987,0.9999954529787881
4372,43.71999999999987,0.999995462067027
4373,43.72999999999987,0.9999954711365538
4374,43.73999999999987,0.9999954801874085
4375,43.749999999999865,0.9999954892196304
4376,43.75999999999986,0.9999954982332594
4377,43.76999999999986,0.9999955072283349
4378,43.77999999999986,0.9999955162048964
4379,43.78999999999986,0.9999955251629832
4380,43.799999999999855,0.9999955341026346
4381,43.80999999999985,0.9999955430238898
4382,43.81999999999985,0.9999955519267879
4383,43.82999999999985,0.9999955608113678
4384,43.83999999999985,0.9999955696776684
4385,43.849999999999845,0.9999955785257287
4386,43.85999999999984,0.9999955873555874
4387,43.86999999999984,0.9999955961672831
4388,43.87999999999984,0.9999956049608544
4389,43.88999999999984,0.9999956137363397
4390,43.899999999999835,0.9999956224937776
4391,43.90999999999983,0.9999956312332063
4392,43.91999999999983,0.9999956399546641
4393,43.92999999999983,0.9999956486581891
4394,43.93999999999983,0.9999956573438193
4395,43.949999999999825,0.999995666011593
4396,43.95999999999982,0.9999956746615477
4397,43.96999999999982,0.9999956832937215
4398,43.97999999999982,0.999995691908152
4399,43.98999999999982,0.9999957005048768
4400,43.999999999999815,0.9999957090839338
4401,44.00999999999981,0.9999957176453601
4402,44.01999999999981,0.9999957261891933
4403,44.02999999999981,0.9999957347154707
4404,44.03999999999981,0.9999957432242296
4405,44.049999999999805,0.999995751715507
4406,44.0599999999998,0.9999957601893401
4407,44.0699999999998,0.9999957686457659
4408,44.0799999999998,0.9999957770848213
4409,44.0899999999998,0.9999957855065432
4410,44.099999999999795,0.9999957939109683
4411,44.10999999999979,0.9999958022981331
4412,44.11999999999979,0.9999958106680745
4413,44.12999999999979,0.9999958190208289
4414,44.13999999999979,0.9999958273564327
4415,44.149999999999785,0.9999958356749221
4416,44.15999999999978,0.9999958439763337
4417,44.16999999999978,0.9999958522607035
4418,44.17999999999978,0.9999958605280677
4419,44.18999999999978,0.9999958687784621
4420,44.199999999999775,0.999995877011923
4421,44.20999999999977,0.9999958852284861
4422,44.21999999999977,0.9999958934281873
4423,44.22999999999977,0.9999959016110621
4424,44.23999999999977,0.9999959097771464
4425,44.249999999999766,0.9999959179264756
4426,44.25999999999976,0.9999959260590853
4427,44.26999999999976,0.9999959341750108
4428,44.27999999999976,0.9999959422742875
4429,44.28999999999976,0.9999959503569505
4430,44.299999999999756,0.9999959584230352
4431,44.309999999999754,0.9999959664725767
4432,44.31999999999975,0.9999959745056098
4433,44.32999999999975,0.9999959825221697
4434,44.33999999999975,0.9999959905222912
4435,44.349999999999746,0.9999959985060088
4436,44.359999999999744,0.9999960064733576
4437,44.36999999999974,0.9999960144243722
4438,44.37999999999974,0.999996022359087
4439,44.38999999999974,0.9999960302775366
4440,44.399999999999736,0.9999960381797552
4441,44.409999999999734,0.9999960460657775
4442,44.41999999999973,0.9999960539356375
4443,44.42999999999973,0.9999960617893695
4444,44.43999999999973,0.9999960696270076
4445,44.449999999999726,0.9999960774485858
4446,44.459999999999724,0.999996085254138
4447,44.46999999999972,0.9999960930436982
4448,44.47999999999972,0.9999961008173003
4449,44.48999999999972,0.9999961085749778
4450,44.499999999999716,0.9999961163167645
4451,44.509999999999714,0.9999961240426941
4452,44.51999999999971,0.9999961317528
4453,44.52999999999971,0.9999961394471156
4454,44.53999999999971,0.9999961471256744
4455,44.549999999999706,0.9999961547885097
4456,44.559999999999704,0.9999961624356546
4457,44.5699999999997,0.9999961700671423
4458,44.5799999999997,0.999996177683006
4459,44.5899999999997,0.9999961852832785
4460,44.599999999999696,0.9999961928679929
4461,44.609999999999694,0.9999962004371821
4462,44.61999999999969,0.9999962079908787
4463,44.62999999999969,0.9999962155291158
4464,44.63999999999969,0.9999962230519256
4465,44.649999999999686,0.999996230559341
4466,44.659999999999684,0.9999962380513943
4467,44.66999999999968,0.999996245528118
4468,44.67999999999968,0.9999962529895446
4469,44.68999999999968,0.9999962604357063
4470,44.699999999999676,0.9999962678666353
4471,44.709999999999674,0.9999962752823638
4472,44.71999999999967,0.9999962826829238
4473,44.72999999999967,0.9999962900683476
4474,44.73999999999967,0.9999962974386667
4475,44.749999999999666,0.9999963047939133
4476,44.759999999999664,0.9999963121341191
4477,44.76999999999966,0.9999963194593159
4478,44.77999999999966,0.9999963267695353
4479,44.78999999999966,0.9999963340648089
4480,44.799999999999656,0.9999963413451683
4481,44.809999999999654,0.9999963486106449
4482,44.81999999999965,0.9999963558612701
4483,44.82999999999965,0.9999963630970753
4484,44.83999999999965,0.9999963703180916
4485,44.849999999999646,0.9999963775243503
4486,44.859999999999644,0.9999963847158826
4487,44.86999999999964,0.9999963918927194
4488,44.87999999999964,0.9999963990548917
4489,44.88999999999964,0.9999964062024305
4490,44.899999999999636,0.9999964133353665
4491,44.909999999999634,0.9999964204537306
4492,44.91999999999963,0.9999964275575536
4493,44.92999999999963,0.9999964346468659
4494,44.93999999999963,0.9999964417216983
4495,44.949999999999626,0.9999964487820814
4496,44.959999999999624,0.9999964558280453
4497,44.96999999999962,0.9999964628596206
4498,44.97999999999962,0.9999964698768377
4499,44.98999999999962,0.9999964768797266
4500,44.999999999999616,0.9999964838683176
4501,45.009999999999614,0.999996490842641
4502,45.01999999999961,0.9999964978027266
4503,45.02999999999961,0.9999965047486045
4504,45.03999999999961,0.9999965116803046
4505,45.049999999999606,0.9999965185978567
4506,45.059999999999604,0.9999965255012907
4507,45.0699999999996,0.9999965323906362
4508,45.0799999999996,0.999996539265923
4509,45.0899999999996,0.9999965461271807
4510,45.099999999999596,0.9999965529744387
4511,45.109999999999594,0.9999965598077265
4512,45.11999999999959,0.9999965666270736
4513,45.12999999999959,0.9999965734325093
4514,45.13999999999959,0.9999965802240628
4515,45.14999999999959,0.9999965870017633
4516,45.159999999999584,0.9999965937656401
4517,45.16999999999958,0.9999966005157223
4518,45.17999999999958,0.9999966072520386
4519,45.18999999999958,0.9999966139746184
4520,45.19999999999958,0.9999966206834903
4521,45.209999999999575,0.9999966273786831
4522,45.21999999999957,0.9999966340602259
4523,45.22999999999957,0.9999966407281471
4524,45.23999999999957,0.9999966473824754
4525,45.24999999999957,0.9999966540232395
4526,45.259999999999565,0.9999966606504678
4527,45.26999999999956,0.9999966672641887
4528,45.27999999999956,0.9999966738644308
4529,45.28999999999956,0.9999966804512224
4530,45.29999999999956,0.9999966870245917
4531,45.309999999999555,0.9999966935845668
4532,45.31999999999955,0.999996700131176
4533,45.32999999999955,0.9999967066644475
4534,45.33999999999955,0.9999967131844091
4535,45.34999999999955,0.9999967196910888
4536,45.359999999999545,0.9999967261845147
4537,45.36999999999954,0.9999967326647144
4538,45.37999999999954,0.9999967391317159
4539,45.38999999999954,0.9999967455855469
4540,45.39999999999954,0.9999967520262348
4541,45.409999999999535,0.9999967584538075
4542,45.41999999999953,0.9999967648682925
4543,45.42999999999953,0.9999967712697172
4544,45.43999999999953,0.999996777658109
4545,45.44999999999953,0.9999967840334955
4546,45.459999999999525,0.9999967903959036
4547,45.46999999999952,0.9999967967453609
4548,45.47999999999952,0.9999968030818945
4549,45.48999999999952,0.9999968094055315
4550,45.49999999999952,0.999996815716299
4551,45.509999999999515,0.9999968220142238
4552,45.51999999999951,0.9999968282993332
4553,45.52999999999951,0.9999968345716539
4554,45.53999999999951,0.9999968408312128
4555,45.54999999999951,0.9999968470780366
4556,45.559999999999505,0.999996853312152
4557,45.5699999999995,0.999996859533586
4558,45.5799999999995,0.9999968657423647
4559,45.5899999999995,0.9999968719385149
4560,45.5999999999995,0.9999968781220632
4561,45.609999999999495,0.9999968842930358
4562,45.61999999999949,0.9999968904514592
4563,45.62999999999949,0.9999968965973598
4564,45.63999999999949,0.9999969027307637
4565,45.64999999999949,0.9999969088516971
4566,45.659999999999485,0.9999969149601863
4567,45.66999999999948,0.9999969210562573
4568,45.67999999999948,0.999996927139936
4569,45.68999999999948,0.9999969332112487
4570,45.69999999999948,0.999996939270221
4571,45.709999999999475,0.999996945316879
4572,45.71999999999947,0.9999969513512483
4573,45.72999999999947,0.9999969573733549
4574,45.73999999999947,0.9999969633832243
4575,45.74999999999947,0.9999969693808821
4576,45.759999999999465,0.9999969753663541
4577,45.76999999999946,0.9999969813396656
4578,45.77999999999946,0.9999969873008424
4579,45.78999999999946,0.9999969932499095
4580,45.79999999999946,0.9999969991868927
4581,45.809999999999455,0.9999970051118169
4582,45.81999999999945,0.9999970110247075
4583,45.82999999999945,0.9999970169255898
4584,45.83999999999945,0.999997022814489
4585,45.84999999999945,0.99999702869143
4586,45.859999999999445,0.999997034556438
4587,45.86999999999944,0.9999970404095379
4588,45.87999999999944,0.9999970462507545
4589,45.88999999999944,0.9999970520801128
4590,45.89999999999944,0.9999970578976377
4591,45.909999999999435,0.999997063703354
4592,45.91999999999943,0.9999970694972862
4593,45.92999999999943,0.999997075279459
4594,45.93999999999943,0.9999970810498972
4595,45.94999999999943,0.9999970868086252
4596,45.959999999999425,0.9999970925556675
4597,45.96999999999942,0.9999970982910485
4598,45.97999999999942,0.9999971040147928
4599,45.98999999999942,0.9999971097269247
4600,45.99999999999942,0.9999971154274683
4601,46.009999999999415,0.9999971211164479
4602,46.01999999999941,0.9999971267938879
4603,46.02999999999941,0.999997132459812
4604,46.03999999999941,0.9999971381142447
4605,46.04999999999941,0.9999971437572099
4606,46.059999999999405,0.9999971493887316
4607,46.0699999999994,0.9999971550088336
4608,46.0799999999994,0.9999971606175398
4609,46.0899999999994,0.9999971662148742
4610,46.0999999999994,0.9999971718008603
4611,46.109999999999395,0.9999971773755221
4612,46.11999999999939,0.9999971829388831
4613,46.12999999999939,0.9999971884909669
4614,46.13999999999939,0.9999971940317971
4615,46.14999999999939,0.9999971995613972
4616,46.159999999999386,0.9999972050797907
4617,46.16999999999938,0.9999972105870011
4618,46.17999999999938,0.9999972160830516
4619,46.18999999999938,0.9999972215679656
4620,46.19999999999938,0.9999972270417662
4621,46.209999999999376,0.9999972325044769
4622,46.219999999999374,0.9999972379561206
4623,46.22999999999937,0.9999972433967206
4624,46.23999999999937,0.9999972488262999
4625,46.24999999999937,0.9999972542448815
4626,46.259999999999366,0.9999972596524883
4627,46.269999999999364,0.9999972650491433
4628,46.27999999999936,0.9999972704348694
4629,46.28999999999936,0.9999972758096892
4630,46.29999999999936,0.9999972811736257
4631,46.309999999999356,0.9999972865267016
4632,46.319999999999354,0.9999972918689395
4633,46.32999999999935,0.9999972972003619
4634,46.33999999999935,0.9999973025209915
4635,46.34999999999935,0.9999973078308508
4636,46.359999999999346,0.9999973131299624
4637,46.369999999999344,0.9999973184183485
4638,46.37999999999934,0.9999973236960317
4639,46.38999999999934,0.9999973289630341
4640,46.39999999999934,0.999997334219378
4641,46.409999999999336,0.9999973394650858
4642,46.419999999999334,0.9999973447001796
4643,46.42999999999933,0.9999973499246815
4644,46.43999999999933,0.9999973551386137
4645,46.44999999999933,0.999997360341998
4646,46.459999999999326,0.9999973655348567
4647,46.469999999999324,0.9999973707172116
4648,46.47999999999932,0.9999973758890845
4649,46.48999999999932,0.9999973810504974
4650,46.49999999999932,0.999997386201472
4651,46.509999999999316,0.9999973913420301
4652,46.519999999999314,0.9999973964721935
4653,46.52999999999931,0.9999974015919838
4654,46.53999999999931,0.9999974067014225
4655,46.54999999999931,0.9999974118005313
4656,46.559999999999306,0.9999974168893316
4657,46.569999999999304,0.9999974219678451
4658,46.5799999999993,0.9999974270360931
4659,46.5899999999993,0.9999974320940969
4660,46.5999999999993,0.9999974371418779
4661,46.609999999999296,0.9999974421794575
4662,46.619999999999294,0.9999974472068568
4663,46.62999999999929,0.9999974522240971
4664,46.63999999999929,0.9999974572311995
4665,46.64999999999929,0.9999974622281851
4666,46.659999999999286,0.999997467215075
4667,46.669999999999284,0.9999974721918903
4668,46.67999999999928,0.9999974771586517
4669,46.68999999999928,0.9999974821153805
4670,46.69999999999928,0.9999974870620973
4671,46.709999999999276,0.999997491998823
4672,46.719999999999274,0.9999974969255786
4673,46.72999999999927,0.9999975018423846
4674,46.73999999999927,0.9999975067492617
4675,46.74999999999927,0.9999975116462307
4676,46.759999999999266,0.9999975165333123
4677,46.769999999999264,0.9999975214105268
4678,46.77999999999926,0.9999975262778948
4679,46.78999999999926,0.999997531135437
4680,46.79999999999926,0.9999975359831735
4681,46.809999999999256,0.9999975408211251
4682,46.819999999999254,0.9999975456493119
4683,46.82999999999925,0.9999975504677541
4684,46.83999999999925,0.9999975552764722
4685,46.84999999999925,0.9999975600754863
4686,46.859999999999246,0.9999975648648167
4687,46.869999999999244,0.9999975696444834
4688,46.87999999999924,0.9999975744145064
4689,46.88999999999924,0.9999975791749061
4690,46.89999999999924,0.9999975839257021
4691,46.909999999999236,0.9999975886669147
4692,46.919999999999234,0.9999975933985636
4693,46.92999999999923,0.9999975981206688
4694,46.93999999999923,0.99999760283325
4695,46.94999999999923,0.999997607536327
4696,46.959999999999226,0.9999976122299198
4697,46.969999999999224,0.9999976169140479
4698,46.97999999999922,0.9999976215887308
4699,46.98999999999922,0.9999976262539885
4700,46.99999999999922,0.9999976309098403
4701,47.009999999999216,0.9999976355563058
4702,47.019999999999214,0.9999976401934046
4703,47.02999999999921,0.9999976448211562
4704,47.03999999999921,0.9999976494395797
4705,47.04999999999921,0.9999976540486947
4706,47.05999999999921,0.9999976586485205
4707,47.069999999999204,0.9999976632390764
4708,47.0799999999992,0.9999976678203816
4709,47.0899999999992,0.9999976723924553
4710,47.0999999999992,0.9999976769553167
4711,47.1099999999992,0.999997681508985
4712,47.119999999999195,0.9999976860534792
4713,47.12999999999919,0.9999976905888183
4714,47.13999999999919,0.9999976951150212
4715,47.14999999999919,0.9999976996321072
4716,47.15999999999919,0.9999977041400949
4717,47.169999999999185,0.9999977086390034
4718,47.17999999999918,0.9999977131288513
4719,47.18999999999918,0.9999977176096576
4720,47.19999999999918,0.999997722081441
4721,47.20999999999918,0.9999977265442203
4722,47.219999999999175,0.9999977309980139
4723,47.22999999999917,0.9999977354428408
4724,47.23999999999917,0.9999977398787192
4725,47.24999999999917,0.999997744305668
4726,47.25999999999917,0.9999977487237056
4727,47.269999999999165,0.9999977531328506
4728,47.27999999999916,0.999997757533121
4729,47.28999999999916,0.9999977619245357
4730,47.29999999999916,0.9999977663071129
4731,47.30999999999916,0.9999977706808708
4732,47.319999999999155,0.9999977750458278
4733,47.32999999999915,0.9999977794020021
4734,47.33999999999915,0.999997783749412
4735,47.34999999999915,0.9999977880880755
4736,47.35999999999915,0.9999977924180108
4737,47.369999999999145,0.999997796739236
4738,47.37999999999914,0.999997801051769
4739,47.38999999999914,0.9999978053556281
4740,47.39999999999914,0.9999978096508311
4741,47.40999999999914,0.999997813937396
4742,47.419999999999135,0.9999978182153405
4743,47.42999999999913,0.9999978224846826
4744,47.43999999999913,0.9999978267454402
4745,47.44999999999913,0.999997830997631
4746,47.45999999999913,0.9999978352412727
4747,47.469999999999125,0.999997839476383
4748,47.47999999999912,0.9999978437029796
4749,47.48999999999912,0.9999978479210803
4750,47.49999999999912,0.9999978521307024
4751,47.50999999999912,0.9999978563318634
4752,47.519999999999115,0.9999978605245812
4753,47.52999999999911,0.999997864708873
4754,47.53999999999911,0.9999978688847563
4755,47.54999999999911,0.9999978730522485
4756,47.55999999999911,0.999997877211367
4757,47.569999999999105,0.9999978813621291
4758,47.5799999999991,0.9999978855045522
4759,47.5899999999991,0.9999978896386532
4760,47.5999999999991,0.9999978937644497
4761,47.6099999999991,0.9999978978819587
4762,47.619999999999095,0.9999979019911974
4763,47.62999999999909,0.999997906092183
4764,47.63999999999909,0.9999979101849323
4765,47.64999999999909,0.9999979142694627
4766,47.65999999999909,0.9999979183457909
4767,47.669999999999085,0.9999979224139339
4768,47.67999999999908,0.9999979264739087
4769,47.68999999999908,0.9999979305257323
4770,47.69999999999908,0.9999979345694213
4771,47.70999999999908,0.9999979386049928
4772,47.719999999999075,0.9999979426324632
4773,47.72999999999907,0.9999979466518497
4774,47.73999999999907,0.9999979506631687
4775,47.74999999999907,0.9999979546664369
4776,47.75999999999907,0.9999979586616711
4777,47.769999999999065,0.9999979626488877
4778,47.77999999999906,0.9999979666281035
4779,47.78999999999906,0.9999979705993348
4780,47.79999999999906,0.9999979745625983
4781,47.80999999999906,0.9999979785179103
4782,47.819999999999055,0.9999979824652873
4783,47.82999999999905,0.9999979864047457
4784,47.83999999999905,0.9999979903363018
4785,47.84999999999905,0.999997994259972
4786,47.85999999999905,0.9999979981757725
4787,47.869999999999045,0.9999980020837197
4788,47.87999999999904,0.9999980059838297
4789,47.88999999999904,0.9999980098761186
4790,47.89999999999904,0.9999980137606028
4791,47.90999999999904,0.9999980176372982
4792,47.919999999999035,0.999998021506221
4793,47.92999999999903,0.9999980253673871
4794,47.93999999999903,0.9999980292208127
4795,47.94999999999903,0.9999980330665136
4796,47.95999999999903,0.999998036904506
4797,47.969999999999025,0.9999980407348055
4798,47.97999999999902,0.999998044557428
4799,47.98999999999902,0.9999980483723897
4800,47.99999999999902,0.999998052179706
4801,48.00999999999902,0.999998055979393
4802,48.019999999999015,0.9999980597714662
4803,48.02999999999901,0.9999980635559413
4804,48.03999999999901,0.9999980673328341
4805,48.04999999999901,0.9999980711021603
4806,48.05999999999901,0.9999980748639354
4807,48.069999999999006,0.9999980786181749
4808,48.079999999999,0.9999980823648945
4809,48.089999999999,0.9999980861041097
4810,48.099999999999,0.9999980898358358
4811,48.109999999999,0.9999980935600884
4812,48.119999999998996,0.9999980972768828
4813,48.129999999998994,0.9999981009862345
4814,48.13999999999899,0.9999981046881589
4815,48.14999999999899,0.999998108382671
4816,48.15999999999899,0.9999981120697864
4817,48.169999999998986,0.9999981157495201
4818,48.179999999998984,0.9999981194218875
4819,48.18999999999898,0.9999981230869038
4820,48.19999999999898,0.999998126744584
4821,48.20999999999898,0.9999981303949432
4822,48.219999999998976,0.9999981340379968
4823,48.229999999998974,0.9999981376737593
4824,48.23999999999897,0.9999981413022463
4825,48.24999999999897,0.9999981449234724
4826,48.25999999999897,0.9999981485374527
4827,48.269999999998966,0.9999981521442022
4828,48.279999999998964,0.9999981557437356
4829,48.28999999999896,0.999998159336068
4830,48.29999999999896,0.9999981629212139
4831,48.30999999999896,0.9999981664991884
4832,48.319999999998956,0.9999981700700061
4833,48.329999999998954,0.9999981736336819
4834,48.33999999999895,0.9999981771902303
4835,48.34999999999895,0.9999981807396662
4836,48.35999999999895,0.999998184282004
4837,48.369999999998946,0.9999981878172586
4838,48.379999999998944,0.9999981913454442
4839,48.38999999999894,0.9999981948665757
4840,48.39999999999894,0.9999981983806674
4841,48.40999999999894,0.9999982018877339
4842,48.419999999998936,0.9999982053877896
4843,48.429999999998934,0.999998208880849
4844,48.43999999999893,0.9999982123669264
4845,48.44999999999893,0.9999982158460362
4846,48.45999999999893,0.9999982193181928
4847,48.469999999998926,0.9999982227834103
4848,48.479999999998924,0.9999982262417032
4849,48.48999999999892,0.9999982296930857
4850,48.49999999999892,0.999998233137572
4851,48.50999999999892,0.9999982365751762
4852,48.519999999998916,0.9999982400059125
4853,48.529999999998914,0.999998243429795
4854,48.53999999999891,0.9999982468468379
4855,48.54999999999891,0.9999982502570551
4856,48.55999999999891,0.9999982536604609
4857,48.569999999998906,0.999998257057069
4858,48.579999999998904,0.9999982604468934
4859,48.5899999999989,0.9999982638299484
4860,48.5999999999989,0.9999982672062474
4861,48.6099999999989,0.9999982705758047
4862,48.619999999998896,0.9999982739386339
4863,48.629999999998894,0.999998277294749
4864,48.63999999999889,0.9999982806441637
4865,48.64999999999889,0.9999982839868917
4866,48.65999999999889,0.9999982873229469
4867,48.669999999998886,0.999998290652343
4868,48.679999999998884,0.9999982939750935
4869,48.68999999999888,0.9999982972912123
4870,48.69999999999888,0.9999983006007128
4871,48.70999999999888,0.9999983039036087
4872,48.719999999998876,0.9999983071999134
4873,48.729999999998874,0.9999983104896408
4874,48.73999999999887,0.9999983137728041
4875,48.74999999999887,0.9999983170494169
4876,48.75999999999887,0.9999983203194925
4877,48.769999999998866,0.9999983235830446
4878,48.779999999998864,0.9999983268400864
4879,48.78999999999886,0.9999983300906312
4880,48.79999999999886,0.9999983333346925
4881,48.80999999999886,0.9999983365722835
4882,48.819999999998856,0.9999983398034176
4883,48.829999999998854,0.999998343028108
4884,48.83999999999885,0.9999983462463677
4885,48.84999999999885,0.9999983494582103
4886,48.85999999999885,0.9999983526636487
4887,48.869999999998846,0.999998355862696
4888,48.879999999998844,0.9999983590553656
4889,48.88999999999884,0.9999983622416703
4890,48.89999999999884,0.9999983654216232
4891,48.90999999999884,0.9999983685952375
4892,48.919999999998836,0.999998371762526
4893,48.929999999998834,0.9999983749235017
4894,48.93999999999883,0.9999983780781778
4895,48.94999999999883,0.9999983812265669
4896,48.95999999999883,0.999998384368682
4897,48.96999999999883,0.9999983875045361
4898,48.979999999998824,0.9999983906341419
4899,48.98999999999882,0.9999983937575121
4900,48.99999999999882,0.9999983968746597
4901,49.00999999999882,0.9999983999855975
4902,49.01999999999882,0.9999984030903379
4903,49.029999999998815,0.9999984061888939
4904,49.03999999999881,0.999998409281278
4905,49.04999999999881,0.999998412367503
4906,49.05999999999881,0.9999984154475815
4907,49.06999999999881,0.9999984185215259
4908,49.079999999998805,0.999998421589349
4909,49.0899999999988,0.9999984246510633
4910,49.0999999999988,0.9999984277066812
4911,49.1099999999988,0.9999984307562153
4912,49.1199999999988,0.999998433799678
4913,49.129999999998795,0.9999984368370818
4914,49.13999999999879,0.9999984398684391
4915,49.14999999999879,0.9999984428937622
4916,49.15999999999879,0.9999984459130635
4917,49.16999999999879,0.9999984489263554
4918,49.179999999998785,0.9999984519336501
4919,49.18999999999878,0.99999845493496
4920,49.19999999999878,0.9999984579302972
4921,49.20999999999878,0.999998460919674
4922,49.21999999999878,0.9999984639031027
4923,49.229999999998775,0.9999984668805953
4924,49.23999999999877,0.9999984698521641
4925,49.24999999999877,0.9999984728178212
4926,49.25999999999877,0.9999984757775786
4927,49.26999999999877,0.9999984787314485
4928,49.279999999998765,0.9999984816794429
4929,49.28999999999876,0.9999984846215738
4930,49.29999999999876,0.9999984875578531
4931,49.30999999999876,0.999998490488293
4932,49.31999999999876,0.9999984934129054
4933,49.329999999998755,0.999998496331702
4934,49.33999999999875,0.999998499244695
4935,49.34999999999875,0.999998502151896
4936,49.35999999999875,0.999998505053317
4937,49.36999999999875,0.9999985079489698
4938,49.379999999998745,0.9999985108388662
4939,49.38999999999874,0.9999985137230178
4940,49.39999999999874,0.9999985166014368
4941,49.40999999999874,0.9999985194741344
4942,49.41999999999874,0.9999985223411226
4943,49.429999999998735,0.9999985252024131
4944,49.43999999999873,0.9999985280580173
4945,49.44999999999873,0.999998530907947
4946,49.45999999999873,0.9999985337522138
4947,49.46999999999873,0.9999985365908292
4948,49.479999999998725,0.9999985394238048
4949,49.48999999999872,0.9999985422511521
4950,49.49999999999872,0.9999985450728828
4951,49.50999999999872,0.999998547889008
4952,49.51999999999872,0.9999985506995395
4953,49.529999999998715,0.9999985535044884
4954,49.53999999999871,0.9999985563038665
4955,49.54999999999871,0.9999985590976849
4956,49.55999999999871,0.9999985618859549
4957,49.56999999999871,0.9999985646686881
4958,49.579999999998705,0.9999985674458957
4959,49.5899999999987,0.9999985702175889
4960,49.5999999999987,0.9999985729837789
4961,49.6099999999987,0.9999985757444773
4962,49.6199999999987,0.9999985784996949
4963,49.629999999998695,0.9999985812494431
4964,49.63999999999869,0.999998583993733
4965,49.64999999999869,0.9999985867325758
4966,49.65999999999869,0.9999985894659826
4967,49.66999999999869,0.9999985921939645
4968,49.679999999998685,0.9999985949165325
4969,49.68999999999868,0.9999985976336978
4970,49.69999999999868,0.9999986003454713
4971,49.70999999999868,0.999998603051864
4972,49.71999999999868,0.999998605752887
4973,49.729999999998675,0.9999986084485513
4974,49.73999999999867,0.9999986111388676
4975,49.74999999999867,0.9999986138238468
4976,49.75999999999867,0.9999986165035001
4977,49.76999999999867,0.9999986191778382
4978,49.779999999998665,0.9999986218468717
4979,49.78999999999866,0.9999986245106118
4980,49.79999999999866,0.9999986271690692
4981,49.80999999999866,0.9999986298222546
4982,49.81999999999866,0.9999986324701787
4983,49.829999999998655,0.9999986351128524
4984,49.83999999999865,0.9999986377502863
4985,49.84999999999865,0.999998640382491
4986,49.85999999999865,0.9999986430094773
4987,49.86999999999865,0.9999986456312558
4988,49.879999999998645,0.9999986482478371
4989,49.88999999999864,0.9999986508592319
4990,49.89999999999864,0.9999986534654506
4991,49.90999999999864,0.9999986560665037
4992,49.91999999999864,0.9999986586624021
4993,49.929999999998635,0.999998661253156
4994,49.93999999999863,0.9999986638387758
4995,49.94999999999863,0.9999986664192723
4996,49.95999999999863,0.9999986689946556
4997,49.96999999999863,0.9999986715649364
4998,49.979999999998626,0.9999986741301249
4999,49.98999999999862,0.9999986766902315
5000,49.99999999999862,0.9999986792452666
5001,50.00999999999862,0.9999986817952405
5002,50.01999999999862,0.9999986843401637
5003,50.029999999998616,0.9999986868800461
5004,50.039999999998614,0.9999986894148983
5005,50.04999999999861,0.9999986919447305
5006,50.05999999999861,0.9999986944695528
5007,50.06999999999861,0.9999986969893754
5008,50.079999999998606,0.9999986995042086
5009,50.089999999998604,0.9999987020140625
5010,50.0999999999986,0.9999987045189471
5011,50.1099999999986,0.9999987070188728
5012,50.1199999999986,0.9999987095138495
5013,50.129999999998596,0.9999987120038872
5014,50.139999999998594,0.9999987144889962
5015,50.14999999999859,0.9999987169691864
5016,50.15999999999859,0.9999987194444678
5017,50.16999999999859,0.9999987219148504
5018,50.179999999998586,0.9999987243803441
5019,50.189999999998584,0.999998726840959
5020,50.19999999999858,0.999998729296705
5021,50.20999999999858,0.9999987317475918
5022,50.21999999999858,0.9999987341936295
5023,50.229999999998576,0.9999987366348279
5024,50.239999999998574,0.9999987390711969
5025,50.24999999999857,0.9999987415027461
5026,50.25999999999857,0.9999987439294856
5027,50.26999999999857,0.999998746351425
5028,50.279999999998566,0.9999987487685742
5029,50.289999999998564,0.9999987511809427
5030,50.29999999999856,0.9999987535885405
5031,50.30999999999856,0.9999987559913772
5032,50.31999999999856,0.9999987583894624
5033,50.329999999998556,0.9999987607828058
5034,50.339999999998554,0.999998763171417
5035,50.34999999999855,0.9999987655553058
5036,50.35999999999855,0.9999987679344816
5037,50.36999999999855,0.999998770308954
5038,50.379999999998546,0.9999987726787327
5039,50.389999999998544,0.9999987750438272
5040,50.39999999999854,0.9999987774042468
5041,50.40999999999854,0.9999987797600013
5042,50.41999999999854,0.9999987821111
5043,50.429999999998536,0.9999987844575524
5044,50.439999999998534,0.9999987867993679
5045,50.44999999999853,0.999998789136556
5046,50.45999999999853,0.9999987914691262
5047,50.46999999999853,0.9999987937970876
5048,50.479999999998526,0.9999987961204497
5049,50.489999999998524,0.9999987984392219
5050,50.49999999999852,0.9999988007534135
5051,50.50999999999852,0.9999988030630337
5052,50.51999999999852,0.9999988053680919
5053,50.529999999998516,0.9999988076685973
5054,50.539999999998514,0.9999988099645591
5055,50.54999999999851,0.9999988122559867
5056,50.55999999999851,0.9999988145428892
5057,50.56999999999851,0.9999988168252757
5058,50.579999999998506,0.9999988191031555
5059,50.589999999998504,0.9999988213765376
5060,50.5999999999985,0.9999988236454312
5061,50.6099999999985,0.9999988259098456
5062,50.6199999999985,0.9999988281697896
5063,50.629999999998496,0.9999988304252724
5064,50.639999999998494,0.9999988326763031
5065,50.64999999999849,0.9999988349228907
5066,50.65999999999849,0.999998837165044
5067,50.66999999999849,0.9999988394027723
5068,50.679999999998486,0.9999988416360845
5069,50.689999999998484,0.9999988438649895
5070,50.69999999999848,0.9999988460894963
5071,50.70999999999848,0.9999988483096137
5072,50.71999999999848,0.9999988505253508
5073,50.729999999998476,0.9999988527367163
5074,50.739999999998474,0.9999988549437191
5075,50.74999999999847,0.9999988571463682
5076,50.75999999999847,0.9999988593446721
5077,50.76999999999847,0.99999886153864
5078,50.779999999998466,0.9999988637282805
5079,50.789999999998464,0.9999988659136023
5080,50.79999999999846,0.9999988680946142
5081,50.80999999999846,0.9999988702713251
5082,50.81999999999846,0.9999988724437435
5083,50.829999999998456,0.9999988746118783
5084,50.839999999998454,0.999998876775738
5085,50.84999999999845,0.9999988789353312
5086,50.85999999999845,0.9999988810906669
5087,50.86999999999845,0.9999988832417535
5088,50.87999999999845,0.9999988853885995
5089,50.889999999998444,0.9999988875312136
5090,50.89999999999844,0.9999988896696044
5091,50.90999999999844,0.9999988918037804
5092,50.91999999999844,0.9999988939337503
5093,50.92999999999844,0.9999988960595224
5094,50.939999999998435,0.9999988981811054
5095,50.94999999999843,0.9999989002985076
5096,50.95999999999843,0.9999989024117376
5097,50.96999999999843,0.9999989045208038
5098,50.97999999999843,0.9999989066257146
5099,50.989999999998425,0.9999989087264783
5100,50.99999999999842,0.9999989108231037
5101,51.00999999999842,0.9999989129155987
5102,51.01999999999842,0.999998915003972
5103,51.02999999999842,0.9999989170882317
5104,51.039999999998415,0.9999989191683865
5105,51.04999999999841,0.9999989212444442
5106,51.05999999999841,0.9999989233164135
5107,51.06999999999841,0.9999989253843025
5108,51.07999999999841,0.9999989274481194
5109,51.089999999998405,0.9999989295078726
5110,51.0999999999984,0.9999989315635702
5111,51.1099999999984,0.9999989336152205
5112,51.1199999999984,0.9999989356628316
5113,51.1299999999984,0.9999989377064117
5114,51.139999999998395,0.999998939745969
5115,51.14999999999839,0.9999989417815116
5116,51.15999999999839,0.9999989438130477
5117,51.16999999999839,0.9999989458405852
5118,51.17999999999839,0.9999989478641323
5119,51.189999999998385,0.9999989498836972
5120,51.19999999999838,0.9999989518992878
5121,51.20999999999838,0.9999989539109122
5122,51.21999999999838,0.9999989559185783
5123,51.22999999999838,0.9999989579222943
5124,51.239999999998375,0.999998959922068
5125,51.24999999999837,0.9999989619179075
5126,51.25999999999837,0.9999989639098207
5127,51.26999999999837,0.9999989658978156
5128,51.27999999999837,0.9999989678818999
5129,51.289999999998365,0.9999989698620818
5130,51.29999999999836,0.999998971838369
5131,51.30999999999836,0.9999989738107694
5132,51.31999999999836,0.999998975779291
5133,51.32999999999836,0.9999989777439414
5134,51.339999999998355,0.9999989797047286
5135,51.34999999999835,0.9999989816616602
5136,51.35999999999835,0.9999989836147444
5137,51.36999999999835,0.9999989855639885
5138,51.37999999999835,0.9999989875094005
5139,51.389999999998345,0.9999989894509881
5140,51.39999999999834,0.999998991388759
5141,51.40999999999834,0.999998993322721
5142,51.41999999999834,0.9999989952528817
5143,51.42999999999834,0.9999989971792489
5144,51.439999999998335,0.9999989991018301
5145,51.44999999999833,0.999999001020633
5146,51.45999999999833,0.9999990029356651
5147,51.46999999999833,0.9999990048469344
5148,51.47999999999833,0.9999990067544481
5149,51.489999999998325,0.9999990086582139
5150,51.49999999999832,0.9999990105582395
5151,51.50999999999832,0.9999990124545323
5152,51.51999999999832,0.9999990143470998
5153,51.52999999999832,0.9999990162359497
5154,51.539999999998315,0.9999990181210894
5155,51.54999999999831,0.9999990200025264
5156,51.55999999999831,0.999999021880268
5157,51.56999999999831,0.999999023754322
5158,51.57999999999831,0.9999990256246956
5159,51.589999999998305,0.9999990274913962
5160,51.5999999999983,0.9999990293544314
5161,51.6099999999983,0.9999990312138084
5162,51.6199999999983,0.9999990330695347
5163,51.6299999999983,0.9999990349216177
5164,51.639999999998295,0.9999990367700645
5165,51.64999999999829,0.9999990386148827
5166,51.65999999999829,0.9999990404560796
5167,51.66999999999829,0.9999990422936623
5168,51.67999999999829,0.9999990441276383
5169,51.689999999998285,0.9999990459580148
5170,51.69999999999828,0.999999047784799
5171,51.70999999999828,0.9999990496079982
5172,51.71999999999828,0.9999990514276196
5173,51.72999999999828,0.9999990532436704
5174,51.739999999998275,0.9999990550561579
5175,51.74999999999827,0.9999990568650892
5176,51.75999999999827,0.9999990586704715
5177,51.76999999999827,0.9999990604723118
5178,51.77999999999827,0.9999990622706174
5179,51.789999999998265,0.9999990640653955
5180,51.79999999999826,0.999999065856653
5181,51.80999999999826,0.9999990676443972
5182,51.81999999999826,0.9999990694286349
5183,51.82999999999826,0.9999990712093734
5184,51.839999999998255,0.9999990729866197
5185,51.84999999999825,0.9999990747603807
5186,51.85999999999825,0.9999990765306638
5187,51.86999999999825,0.9999990782974755
5188,51.87999999999825,0.9999990800608232
5189,51.889999999998246,0.9999990818207135
5190,51.89999999999824,0.9999990835771537
5191,51.90999999999824,0.9999990853301507
5192,51.91999999999824,0.9999990870797112
5193,51.92999999999824,0.9999990888258423
5194,51.939999999998236,0.999999090568551
5195,51.949999999998234,0.9999990923078439
5196,51.95999999999823,0.9999990940437281
5197,51.96999999999823,0.9999990957762105
5198,51.97999999999823,0.9999990975052977
5199,51.989999999998226,0.9999990992309967
5200,51.999999999998224,0.9999991009533145
5201,52.00999999999822,0.9999991026722574
5202,52.01999999999822,0.9999991043878327
5203,52.02999999999822,0.9999991061000469
5204,52.039999999998216,0.9999991078089069
5205,52.049999999998214,0.9999991095144194
5206,52.05999999999821,0.9999991112165911
5207,52.06999999999821,0.9999991129154286
5208,52.07999999999821,0.9999991146109389
5209,52.089999999998206,0.9999991163031285
5210,52.099999999998204,0.9999991179920042
5211,52.1099999999982,0.9999991196775725
5212,52.1199999999982,0.9999991213598403
5213,52.1299999999982,0.9999991230388139
5214,52.139999999998196,0.9999991247145
5215,52.149999999998194,0.9999991263869056
5216,52.15999999999819,0.9999991280560367
5217,52.16999999999819,0.9999991297219004
5218,52.17999999999819,0.999999131384503
5219,52.189999999998186,0.9999991330438511
5220,52.199999999998184,0.9999991346999514
5221,52.20999999999818,0.9999991363528101
5222,52.21999999999818,0.999999138002434
5223,52.22999999999818,0.9999991396488295
5224,52.239999999998176,0.9999991412920031
5225,52.249999999998174,0.9999991429319612
5226,52.25999999999817,0.9999991445687104
5227,52.26999999999817,0.999999146202257
5228,52.27999999999817,0.9999991478326076
5229,52.289999999998166,0.9999991494597684
5230,52.299999999998164,0.999999151083746
5231,52.30999999999816,0.9999991527045469
5232,52.31999999999816,0.9999991543221771
5233,52.32999999999816,0.9999991559366433
5234,52.339999999998156,0.9999991575479518
5235,52.349999999998154,0.9999991591561087
5236,52.35999999999815,0.9999991607611206
5237,52.36999999999815,0.9999991623629938
5238,52.37999999999815,0.9999991639617345
5239,52.389999999998146,0.9999991655573489
5240,52.399999999998144,0.9999991671498436
5241,52.40999999999814,0.9999991687392246
5242,52.41999999999814,0.9999991703254981
5243,52.42999999999814,0.9999991719086705
5244,52.439999999998136,0.999999173488748
5245,52.449999999998134,0.9999991750657369
5246,52.45999999999813,0.9999991766396431
5247,52.46999999999813,0.9999991782104731
5248,52.47999999999813,0.9999991797782329
5249,52.489999999998126,0.9999991813429288
5250,52.499999999998124,0.9999991829045667
5251,52.50999999999812,0.9999991844631531
5252,52.51999999999812,0.9999991860186938
5253,52.52999999999812,0.999999187571195
5254,52.539999999998116,0.9999991891206628
5255,52.549999999998114,0.9999991906671034
5256,52.55999999999811,0.9999991922105228
5257,52.56999999999811,0.9999991937509269
5258,52.57999999999811,0.999999195288322
5259,52.589999999998106,0.9999991968227141
5260,52.599999999998104,0.9999991983541091
5261,52.6099999999981,0.9999991998825131
5262,52.6199999999981,0.999999201407932
5263,52.6299999999981,0.9999992029303718
5264,52.639999999998096,0.9999992044498386
5265,52.649999999998094,0.9999992059663383
5266,52.65999999999809,0.9999992074798767
5267,52.66999999999809,0.99999920899046
5268,52.67999999999809,0.9999992104980939
5269,52.689999999998086,0.9999992120027844
5270,52.699999999998084,0.9999992135045375
5271,52.70999999999808,0.999999215003359
5272,52.71999999999808,0.9999992164992546
5273,52.72999999999808,0.9999992179922305
5274,52.739999999998076,0.9999992194822922
5275,52.749999999998074,0.9999992209694458
5276,52.75999999999807,0.9999992224536971
5277,52.76999999999807,0.9999992239350518
5278,52.77999999999807,0.9999992254135158
5279,52.78999999999807,0.9999992268890948
5280,52.799999999998064,0.9999992283617948
5281,52.80999999999806,0.9999992298316212
5282,52.81999999999806,0.99999923129858
5283,52.82999999999806,0.999999232762677
5284,52.83999999999806,0.9999992342239177
5285,52.849999999998055,0.999999235682308
5286,52.85999999999805,0.9999992371378535
5287,52.86999999999805,0.9999992385905601
5288,52.87999999999805,0.9999992400404333
5289,52.88999999999805,0.9999992414874788
5290,52.899999999998045,0.9999992429317022
5291,52.90999999999804,0.9999992443731093
5292,52.91999999999804,0.9999992458117055
5293,52.92999999999804,0.9999992472474968
5294,52.93999999999804,0.9999992486804885
5295,52.949999999998035,0.9999992501106864
5296,52.95999999999803,0.9999992515380959
5297,52.96999999999803,0.9999992529627226
5298,52.97999999999803,0.9999992543845723
5299,52.98999999999803,0.9999992558036503
5300,52.999999999998025,0.9999992572199623
5301,53.00999999999802,0.9999992586335138
5302,53.01999999999802,0.9999992600443103
5303,53.02999999999802,0.9999992614523573
5304,53.03999999999802,0.9999992628576603
5305,53.049999999998015,0.9999992642602249
5306,53.05999999999801,0.9999992656600564
5307,53.06999999999801,0.9999992670571604
5308,53.07999999999801,0.9999992684515422
5309,53.08999999999801,0.9999992698432074
5310,53.099999999998005,0.9999992712321614
5311,53.109999999998,0.9999992726184096
5312,53.119999999998,0.9999992740019574
5313,53.129999999998,0.9999992753828102
5314,53.139999999998,0.9999992767609734
5315,53.149999999997995,0.9999992781364525
5316,53.15999999999799,0.9999992795092526
5317,53.16999999999799,0.9999992808793793
5318,53.17999999999799,0.9999992822468378
5319,53.18999999999799,0.9999992836116335
5320,53.199999999997985,0.9999992849737717
5321,53.20999999999798,0.9999992863332576
5322,53.21999999999798,0.9999992876900967
5323,53.22999999999798,0.9999992890442941
5324,53.23999999999798,0.9999992903958553
5325,53.249999999997975,0.9999992917447854
5326,53.25999999999797,0.9999992930910897
5327,53.26999999999797,0.9999992944347735
5328,53.27999999999797,0.9999992957758419
5329,53.28999999999797,0.9999992971143002
5330,53.299999999997965,0.9999992984501537
5331,53.30999999999796,0.9999992997834075
5332,53.31999999999796,0.9999993011140668
5333,53.32999999999796,0.9999993024421368
5334,53.33999999999796,0.9999993037676227
5335,53.349999999997955,0.9999993050905296
5336,53.35999999999795,0.9999993064108627
5337,53.36999999999795,0.999999307728627
5338,53.37999999999795,0.9999993090438278
5339,53.38999999999795,0.9999993103564702
5340,53.399999999997945,0.9999993116665593
5341,53.40999999999794,0.9999993129741
5342,53.41999999999794,0.9999993142790978
5343,53.42999999999794,0.9999993155815574
5344,53.43999999999794,0.999999316881484
5345,53.449999999997935,0.9999993181788827
5346,53.45999999999793,0.9999993194737584
5347,53.46999999999793,0.9999993207661163
5348,53.47999999999793,0.9999993220559613
5349,53.48999999999793,0.9999993233432986
5350,53.499999999997925,0.9999993246281329
5351,53.50999999999792,0.9999993259104695
5352,53.51999999999792,0.9999993271903131
5353,53.52999999999792,0.999999328467669
5354,53.53999999999792,0.9999993297425419
5355,53.549999999997915,0.9999993310149369
5356,53.55999999999791,0.9999993322848587
5357,53.56999999999791,0.9999993335523126
5358,53.57999999999791,0.9999993348173033
5359,53.58999999999791,0.9999993360798357
5360,53.599999999997905,0.9999993373399148
5361,53.6099999999979,0.9999993385975453
5362,53.6199999999979,0.9999993398527324
5363,53.6299999999979,0.9999993411054806
5364,53.6399999999979,0.9999993423557951
5365,53.649999999997895,0.9999993436036806
5366,53.65999999999789,0.9999993448491419
5367,53.66999999999789,0.9999993460921839
5368,53.67999999999789,0.9999993473328115
5369,53.68999999999789,0.9999993485710292
5370,53.699999999997885,0.9999993498068422
5371,53.70999999999788,0.9999993510402551
5372,53.71999999999788,0.9999993522712726
5373,53.72999999999788,0.9999993534998997
5374,53.73999999999788,0.9999993547261409
5375,53.749999999997875,0.9999993559500011
5376,53.75999999999787,0.999999357171485
5377,53.76999999999787,0.9999993583905974
5378,53.77999999999787,0.9999993596073431
5379,53.78999999999787,0.9999993608217266
5380,53.799999999997866,0.9999993620337526
5381,53.80999999999786,0.9999993632434261
5382,53.81999999999786,0.9999993644507514
5383,53.82999999999786,0.9999993656557334
5384,53.83999999999786,0.9999993668583769
5385,53.849999999997856,0.9999993680586862
5386,53.859999999997854,0.9999993692566662
5387,53.86999999999785,0.9999993704523215
5388,53.87999999999785,0.9999993716456566
5389,53.88999999999785,0.9999993728366763
5390,53.899999999997846,0.9999993740253851
5391,53.909999999997844,0.9999993752117876
5392,53.91999999999784,0.9999993763958884
5393,53.92999999999784,0.9999993775776922
5394,53.93999999999784,0.9999993787572033
5395,53.949999999997836,0.9999993799344266
5396,53.959999999997834,0.9999993811093665
5397,53.96999999999783,0.9999993822820274
5398,53.97999999999783,0.999999383452414
5399,53.98999999999783,0.9999993846205308
5400,53.999999999997826,0.9999993857863824
5401,54.009999999997824,0.999999386949973
5402,54.01999999999782,0.9999993881113075
5403,54.02999999999782,0.9999993892703901
5404,54.03999999999782,0.9999993904272254
5405,54.049999999997816,0.9999993915818179
5406,54.059999999997814,0.9999993927341719
5407,54.06999999999781,0.9999993938842922
5408,54.07999999999781,0.9999993950321827
5409,54.08999999999781,0.9999993961778483
5410,54.099999999997806,0.9999993973212933
5411,54.109999999997804,0.999999398462522
5412,54.1199999999978,0.9999993996015388
5413,54.1299999999978,0.9999994007383483
5414,54.1399999999978,0.9999994018729547
5415,54.149999999997796,0.9999994030053625
5416,54.159999999997794,0.999999404135576
5417,54.16999999999779,0.9999994052635995
5418,54.17999999999779,0.9999994063894376
5419,54.18999999999779,0.9999994075130944
5420,54.199999999997786,0.9999994086345743
5421,54.209999999997784,0.9999994097538816
5422,54.21999999999778,0.9999994108710207
5423,54.22999999999778,0.9999994119859958
5424,54.23999999999778,0.9999994130988114
5425,54.249999999997776,0.9999994142094716
5426,54.259999999997774,0.9999994153179806
5427,54.26999999999777,0.999999416424343
5428,54.27999999999777,0.9999994175285627
5429,54.28999999999777,0.9999994186306442
5430,54.299999999997766,0.9999994197305917
5431,54.309999999997764,0.9999994208284094
5432,54.31999999999776,0.9999994219241016
5433,54.32999999999776,0.9999994230176724
5434,54.33999999999776,0.9999994241091261
5435,54.349999999997756,0.9999994251984669
5436,54.359999999997754,0.9999994262856989
5437,54.36999999999775,0.9999994273708265
5438,54.37999999999775,0.9999994284538536
5439,54.38999999999775,0.9999994295347846
5440,54.399999999997746,0.9999994306136236
5441,54.409999999997744,0.9999994316903746
5442,54.41999999999774,0.999999432765042
5443,54.42999999999774,0.9999994338376298
5444,54.43999999999774,0.999999434908142
5445,54.449999999997736,0.999999435976583
5446,54.459999999997734,0.9999994370429567
5447,54.46999999999773,0.9999994381072673
5448,54.47999999999773,0.9999994391695188
5449,54.48999999999773,0.9999994402297154
5450,54.499999999997726,0.9999994412878611
5451,54.509999999997724,0.99999944234396
5452,54.51999999999772,0.9999994433980162
5453,54.52999999999772,0.9999994444500336
5454,54.53999999999772,0.9999994455000164
5455,54.549999999997716,0.9999994465479686
5456,54.559999999997714,0.9999994475938941
5457,54.56999999999771,0.9999994486377972
5458,54.57999999999771,0.9999994496796817
5459,54.58999999999771,0.9999994507195517
5460,54.599999999997706,0.999999451757411
5461,54.609999999997704,0.9999994527932637
5462,54.6199999999977,0.999999453827114
5463,54.6299999999977,0.9999994548589656
5464,54.6399999999977,0.9999994558888224
5465,54.649999999997696,0.9999994569166887
5466,54.659999999997694,0.9999994579425681
5467,54.66999999999769,0.9999994589664647
5468,54.67999999999769,0.9999994599883825
5469,54.68999999999769,0.9999994610083252
5470,54.69999999999769,0.9999994620262969
5471,54.709999999997684,0.9999994630423014
5472,54.71999999999768,0.9999994640563427
5473,54.72999999999768,0.9999994650684246
5474,54.73999999999768,0.9999994660785511
5475,54.74999999999768,0.9999994670867259
5476,54.759999999997675,0.999999468092953
5477,54.76999999999767,0.9999994690972362
5478,54.77999999999767,0.9999994700995795
5479,54.78999999999767,0.9999994710999865
5480,54.79999999999767,0.9999994720984612
5481,54.809999999997665,0.9999994730950074
5482,54.81999999999766,0.9999994740896287
5483,54.82999999999766,0.9999994750823293
5484,54.83999999999766,0.9999994760731128
5485,54.84999999999766,0.9999994770619829
5486,54.859999999997655,0.9999994780489436
5487,54.86999999999765,0.9999994790339986
5488,54.87999999999765,0.9999994800171516
5489,54.88999999999765,0.9999994809984064
5490,54.89999999999765,0.9999994819777668
5491,54.909999999997645,0.9999994829552364
5492,54.91999999999764,0.9999994839308193
5493,54.92999999999764,0.9999994849045188
5494,54.93999999999764,0.9999994858763389
5495,54.94999999999764,0.9999994868462834
5496,54.959999999997635,0.9999994878143557
5497,54.96999999999763,0.9999994887805597
5498,54.97999999999763,0.999999489744899
5499,54.98999999999763,0.9999994907073774
5500,54.99999999999763,0.9999994916679986
5501,55.009999999997625,0.9999994926267661
5502,55.01999999999762,0.9999994935836838
5503,55.02999999999762,0.9999994945387551
5504,55.03999999999762,0.9999994954919839
5505,55.04999999999762,0.9999994964433737
5506,55.059999999997615,0.9999994973929281
5507,55.06999999999761,0.9999994983406509
5508,55.07999999999761,0.9999994992865456
5509,55.08999999999761,0.9999995002306159
5510,55.09999999999761,0.9999995011728653
5511,55.109999999997605,0.9999995021132974
5512,55.1199999999976,0.9999995030519159
5513,55.1299999999976,0.9999995039887243
5514,55.1399999999976,0.9999995049237261
5515,55.1499999999976,0.9999995058569252
5516,55.159999999997595,0.9999995067883248
5517,55.16999999999759,0.9999995077179287
5518,55.17999999999759,0.9999995086457402
5519,55.18999999999759,0.9999995095717631
5520,55.19999999999759,0.9999995104960008
5521,55.209999999997585,0.9999995114184568
5522,55.21999999999758,0.9999995123391348
5523,55.22999999999758,0.999999513258038
5524,55.23999999999758,0.9999995141751703
5525,55.24999999999758,0.9999995150905349
5526,55.259999999997575,0.9999995160041354
5527,55.26999999999757,0.9999995169159753
5528,55.27999999999757,0.999999517826058
5529,55.28999999999757,0.9999995187343871
5530,55.29999999999757,0.9999995196409659
5531,55.309999999997565,0.999999520545798
5532,55.31999999999756,0.9999995214488868
5533,55.32999999999756,0.9999995223502357
5534,55.33999999999756,0.9999995232498482
5535,55.34999999999756,0.9999995241477277
5536,55.359999999997555,0.9999995250438777
5537,55.36999999999755,0.9999995259383014
5538,55.37999999999755,0.9999995268310025
5539,55.38999999999755,0.9999995277219841
5540,55.39999999999755,0.9999995286112499
5541,55.409999999997545,0.999999529498803
5542,55.41999999999754,0.999999530384647
5543,55.42999999999754,0.999999531268785
5544,55.43999999999754,0.9999995321512208
5545,55.44999999999754,0.9999995330319574
5546,55.459999999997535,0.9999995339109984
5547,55.46999999999753,0.9999995347883469
5548,55.47999999999753,0.9999995356640063
5549,55.48999999999753,0.9999995365379801
5550,55.49999999999753,0.9999995374102715
5551,55.509999999997525,0.9999995382808838
5552,55.51999999999752,0.9999995391498203
5553,55.52999999999752,0.9999995400170845
5554,55.53999999999752,0.9999995408826795
5555,55.54999999999752,0.9999995417466085
5556,55.559999999997515,0.9999995426088751
5557,55.56999999999751,0.9999995434694824
5558,55.57999999999751,0.9999995443284336
5559,55.58999999999751,0.9999995451857322
5560,55.59999999999751,0.9999995460413812
5561,55.609999999997505,0.999999546895384
5562,55.6199999999975,0.9999995477477438
5563,55.6299999999975,0.9999995485984638
5564,55.6399999999975,0.9999995494475473
5565,55.6499999999975,0.9999995502949975
5566,55.659999999997495,0.9999995511408177
5567,55.66999999999749,0.999999551985011
5568,55.67999999999749,0.9999995528275807
5569,55.68999999999749,0.9999995536685299
5570,55.69999999999749,0.9999995545078619
5571,55.709999999997486,0.9999995553455798
5572,55.71999999999748,0.9999995561816868
5573,55.72999999999748,0.9999995570161861
5574,55.73999999999748,0.9999995578490809
5575,55.74999999999748,0.9999995586803743
5576,55.759999999997476,0.9999995595100695
5577,55.769999999997474,0.9999995603381695
5578,55.77999999999747,0.9999995611646777
5579,55.78999999999747,0.999999561989597
5580,55.79999999999747,0.9999995628129307
5581,55.809999999997466,0.9999995636346819
5582,55.819999999997464,0.9999995644548536
5583,55.82999999999746,0.999999565273449
5584,55.83999999999746,0.9999995660904712
5585,55.84999999999746,0.9999995669059233
5586,55.859999999997456,0.9999995677198085
5587,55.869999999997454,0.9999995685321296
5588,55.87999999999745,0.9999995693428899
5589,55.88999999999745,0.9999995701520924
5590,55.89999999999745,0.9999995709597402
5591,55.909999999997446,0.9999995717658364
5592,55.919999999997444,0.999999572570384
5593,55.92999999999744,0.999999573373386
5594,55.93999999999744,0.9999995741748455
5595,55.94999999999744,0.9999995749747655
5596,55.959999999997436,0.9999995757731492
5597,55.969999999997434,0.9999995765699994
5598,55.97999999999743,0.9999995773653192
5599,55.98999999999743,0.9999995781591117
5600,55.99999999999743,0.9999995789513797
5601,56.009999999997426,0.9999995797421264
5602,56.019999999997424,0.9999995805313547
5603,56.02999999999742,0.9999995813190676
5604,56.03999999999742,0.9999995821052681
5605,56.04999999999742,0.9999995828899592
5606,56.059999999997416,0.9999995836731438
5607,56.069999999997414,0.9999995844548248
5608,56.07999999999741,0.9999995852350054
5609,56.08999999999741,0.9999995860136883
5610,56.09999999999741,0.9999995867908766
5611,56.109999999997406,0.9999995875665733
5612,56.119999999997404,0.9999995883407811
5613,56.1299999999974,0.9999995891135031
5614,56.1399999999974,0.9999995898847421
5615,56.1499999999974,0.9999995906545012
5616,56.159999999997396,0.999999591422783
5617,56.169999999997394,0.9999995921895908
5618,56.17999999999739,0.9999995929549272
5619,56.18999999999739,0.9999995937187953
5620,56.19999999999739,0.9999995944811978
5621,56.209999999997386,0.9999995952421378
5622,56.219999999997384,0.9999995960016179
5623,56.22999999999738,0.9999995967596411
5624,56.23999999999738,0.9999995975162104
5625,56.24999999999738,0.9999995982713284
5626,56.259999999997376,0.9999995990249981
5627,56.269999999997374,0.9999995997772224
5628,56.27999999999737,0.9999996005280041
5629,56.28999999999737,0.9999996012773459
5630,56.29999999999737,0.9999996020252507
5631,56.309999999997366,0.9999996027717215
5632,56.319999999997364,0.9999996035167609
5633,56.32999999999736,0.9999996042603717
5634,56.33999999999736,0.9999996050025569
5635,56.34999999999736,0.9999996057433193
5636,56.359999999997356,0.9999996064826614
5637,56.369999999997354,0.9999996072205862
5638,56.37999999999735,0.9999996079570965
5639,56.38999999999735,0.9999996086921951
5640,56.39999999999735,0.9999996094258846
5641,56.409999999997346,0.999999610158168
5642,56.419999999997344,0.9999996108890478
5643,56.42999999999734,0.999999611618527
5644,56.43999999999734,0.9999996123466082
5645,56.44999999999734,0.9999996130732942
5646,56.459999999997336,0.9999996137985877
5647,56.469999999997334,0.9999996145224915
5648,56.47999999999733,0.9999996152450084
5649,56.48999999999733,0.9999996159661408
5650,56.49999999999733,0.9999996166858918
5651,56.509999999997326,0.9999996174042638
5652,56.519999999997324,0.9999996181212597
5653,56.52999999999732,0.9999996188368823
5654,56.53999999999732,0.9999996195511339
5655,56.54999999999732,0.9999996202640176
5656,56.559999999997316,0.9999996209755359
5657,56.569999999997314,0.9999996216856915
5658,56.57999999999731,0.999999622394487
5659,56.58999999999731,0.9999996231019253
5660,56.59999999999731,0.9999996238080087
5661,56.60999999999731,0.9999996245127402
5662,56.619999999997304,0.9999996252161222
5663,56.6299999999973,0.9999996259181575
5664,56.6399999999973,0.9999996266188488
5665,56.6499999999973,0.9999996273181986
5666,56.6599999999973,0.9999996280162095
5667,56.669999999997295,0.9999996287128842
5668,56.67999999999729,0.9999996294082254
5669,56.68999999999729,0.9999996301022355
5670,56.69999999999729,0.9999996307949174
5671,56.70999999999729,0.9999996314862734
5672,56.719999999997285,0.9999996321763063
5673,56.72999999999728,0.9999996328650186
5674,56.73999999999728,0.999999633552413
5675,56.74999999999728,0.9999996342384919
5676,56.75999999999728,0.9999996349232582
5677,56.769999999997275,0.999999635606714
5678,56.77999999999727,0.9999996362888623
5679,56.78999999999727,0.9999996369697054
5680,56.79999999999727,0.999999637649246
5681,56.80999999999727,0.9999996383274866
5682,56.819999999997265,0.9999996390044298
5683,56.82999999999726,0.999999639680078
5684,56.83999999999726,0.9999996403544339
5685,56.84999999999726,0.9999996410274999
5686,56.85999999999726,0.9999996416992786
5687,56.869999999997255,0.9999996423697726
5688,56.87999999999725,0.9999996430389841
5689,56.88999999999725,0.9999996437069161
5690,56.89999999999725,0.9999996443735707
5691,56.90999999999725,0.9999996450389506
5692,56.919999999997245,0.9999996457030582
5693,56.92999999999724,0.9999996463658961
5694,56.93999999999724,0.9999996470274667
5695,56.94999999999724,0.9999996476877725
5696,56.95999999999724,0.9999996483468159
5697,56.969999999997235,0.9999996490045996
5698,56.97999999999723,0.9999996496611258
5699,56.98999999999723,0.9999996503163971
5700,56.99999999999723,0.999999650970416
5701,57.00999999999723,0.9999996516231848
5702,57.019999999997225,0.9999996522747061
5703,57.02999999999722,0.9999996529249823
5704,57.03999999999722,0.9999996535740158
5705,57.04999999999722,0.9999996542218089
5706,57.05999999999722,0.9999996548683643
5707,57.069999999997215,0.9999996555136843
5708,57.07999999999721,0.9999996561577713
5709,57.08999999999721,0.9999996568006277
5710,57.09999999999721,0.999999657442256
5711,57.10999999999721,0.9999996580826586
5712,57.119999999997205,0.9999996587218377
5713,57.1299999999972,0.9999996593597958
5714,57.1399999999972,0.9999996599965355
5715,57.1499999999972,0.9999996606320589
5716,57.1599999999972,0.9999996612663685
5717,57.169999999997195,0.9999996618994667
5718,57.17999999999719,0.9999996625313556
5719,57.18999999999719,0.999999663162038
5720,57.19999999999719,0.9999996637915161
5721,57.20999999999719,0.999999664419792
5722,57.219999999997185,0.9999996650468684
5723,57.22999999999718,0.9999996656727475
5724,57.23999999999718,0.9999996662974316
5725,57.24999999999718,0.9999996669209231
5726,57.25999999999718,0.9999996675432243
5727,57.269999999997175,0.9999996681643375
5728,57.27999999999717,0.9999996687842652
5729,57.28999999999717,0.9999996694030094
5730,57.29999999999717,0.9999996700205727
5731,57.30999999999717,0.9999996706369573
5732,57.319999999997165,0.9999996712521654
5733,57.32999999999716,0.9999996718661994
5734,57.33999999999716,0.9999996724790617
5735,57.34999999999716,0.9999996730907545
5736,57.35999999999716,0.9999996737012801
5737,57.369999999997155,0.9999996743106406
5738,57.37999999999715,0.9999996749188386
5739,57.38999999999715,0.999999675525876
5740,57.39999999999715,0.9999996761317554
5741,57.40999999999715,0.9999996767364789
5742,57.419999999997145,0.9999996773400488
5743,57.42999999999714,0.9999996779424674
5744,57.43999999999714,0.9999996785437368
5745,57.44999999999714,0.9999996791438593
5746,57.45999999999714,0.9999996797428373
5747,57.469999999997135,0.9999996803406729
5748,57.47999999999713,0.9999996809373682
5749,57.48999999999713,0.9999996815329257
5750,57.49999999999713,0.9999996821273475
5751,57.50999999999713,0.9999996827206358
5752,57.519999999997125,0.9999996833127928
5753,57.52999999999712,0.9999996839038207
5754,57.53999999999712,0.9999996844937217
5755,57.54999999999712,0.999999685082498
5756,57.55999999999712,0.999999685670152
5757,57.569999999997115,0.9999996862566857
5758,57.57999999999711,0.9999996868421012
5759,57.58999999999711,0.9999996874264008
5760,57.59999999999711,0.9999996880095867
5761,57.60999999999711,0.999999688591661
5762,57.619999999997106,0.9999996891726259
5763,57.6299999999971,0.9999996897524837
5764,57.6399999999971,0.9999996903312364
5765,57.6499999999971,0.9999996909088861
5766,57.6599999999971,0.9999996914854351
5767,57.669999999997096,0.9999996920608855
5768,57.679999999997094,0.9999996926352395
5769,57.68999999999709,0.999999693208499
5770,57.69999999999709,0.9999996937806664
5771,57.70999999999709,0.9999996943517437
5772,57.719999999997086,0.9999996949217331
5773,57.729999999997084,0.9999996954906368
5774,57.73999999999708,0.9999996960584567
5775,57.74999999999708,0.999999696625195
5776,57.75999999999708,0.9999996971908538
5777,57.769999999997076,0.9999996977554353
5778,57.779999999997074,0.9999996983189415
5779,57.78999999999707,0.9999996988813746
5780,57.79999999999707,0.9999996994427366
5781,57.80999999999707,0.9999997000030295
5782,57.819999999997066,0.9999997005622556
5783,57.829999999997064,0.9999997011204168
5784,57.83999999999706,0.9999997016775154
5785,57.84999999999706,0.9999997022335532
5786,57.85999999999706,0.9999997027885323
5787,57.869999999997056,0.999999703342455
5788,57.879999999997054,0.9999997038953232
5789,57.88999999999705,0.9999997044471389
5790,57.89999999999705,0.9999997049979042
5791,57.90999999999705,0.9999997055476213
5792,57.919999999997046,0.9999997060962921
5793,57.929999999997044,0.9999997066439185
5794,57.93999999999704,0.9999997071905028
5795,57.94999999999704,0.9999997077360469
5796,57.95999999999704,0.9999997082805527
5797,57.969999999997036,0.9999997088240224
5798,57.979999999997034,0.9999997093664581
5799,57.98999999999703,0.9999997099078617
5800,57.99999999999703,0.9999997104482351
5801,58.00999999999703,0.9999997109875804
5802,58.019999999997026,0.9999997115258997
5803,58.029999999997024,0.9999997120631948
5804,58.03999999999702,0.999999712599468
5805,58.04999999999702,0.9999997131347209
5806,58.05999999999702,0.9999997136689558
5807,58.069999999997016,0.9999997142021745
5808,58.079999999997014,0.999999714734379
5809,58.08999999999701,0.9999997152655714
5810,58.09999999999701,0.9999997157957535
5811,58.10999999999701,0.9999997163249275
5812,58.119999999997006,0.9999997168530951
5813,58.129999999997004,0.9999997173802583
5814,58.139999999997,0.9999997179064193
5815,58.149999999997,0.9999997184315798
5816,58.159999999997,0.9999997189557418
5817,58.169999999996996,0.9999997194789073
5818,58.179999999996994,0.9999997200010782
5819,58.18999999999699,0.9999997205222565
5820,58.19999999999699,0.999999721042444
5821,58.20999999999699,0.9999997215616427
5822,58.219999999996986,0.9999997220798545
5823,58.229999999996984,0.9999997225970815
5824,58.23999999999698,0.9999997231133253
5825,58.24999999999698,0.9999997236285881
5826,58.25999999999698,0.9999997241428716
5827,58.269999999996976,0.9999997246561778
5828,58.279999999996974,0.9999997251685087
5829,58.28999999999697,0.999999725679866
5830,58.29999999999697,0.9999997261902517
5831,58.30999999999697,0.9999997266996676
5832,58.319999999996966,0.9999997272081157
5833,58.329999999996964,0.9999997277155979
5834,58.33999999999696,0.9999997282221159
5835,58.34999999999696,0.9999997287276717
5836,58.35999999999696,0.9999997292322673
5837,58.369999999996956,0.9999997297359043
5838,58.379999999996954,0.9999997302385848
5839,58.38999999999695,0.9999997307403105
5840,58.39999999999695,0.9999997312410832
5841,58.40999999999695,0.999999731740905
5842,58.419999999996946,0.9999997322397776
5843,58.429999999996944,0.9999997327377028
5844,58.43999999999694,0.9999997332346825
5845,58.44999999999694,0.9999997337307185
5846,58.45999999999694,0.9999997342258128
5847,58.469999999996936,0.999999734719967
5848,58.479999999996934,0.999999735213183
5849,58.48999999999693,0.9999997357054626
5850,58.49999999999693,0.9999997361968077
5851,58.50999999999693,0.9999997366872202
5852,58.51999999999693,0.9999997371767017
5853,58.529999999996924,0.9999997376652541
5854,58.53999999999692,0.9999997381528792
5855,58.54999999999692,0.9999997386395788
5856,58.55999999999692,0.9999997391253548
5857,58.56999999999692,0.9999997396102087
5858,58.579999999996915,0.9999997400941427
5859,58.58999999999691,0.9999997405771582
5860,58.59999999999691,0.9999997410592573
5861,58.60999999999691,0.9999997415404416
5862,58.61999999999691,0.9999997420207128
5863,58.629999999996905,0.999999742500073
5864,58.6399999999969,0.9999997429785236
5865,58.6499999999969,0.9999997434560666
5866,58.6599999999969,0.9999997439327036
5867,58.6699999999969,0.9999997444084364
5868,58.679999999996895,0.9999997448832669
5869,58.68999999999689,0.9999997453571968
5870,58.69999999999689,0.9999997458302278
5871,58.70999999999689,0.9999997463023615
5872,58.71999999999689,0.9999997467735998
5873,58.729999999996885,0.9999997472439446
5874,58.73999999999688,0.9999997477133973
5875,58.74999999999688,0.9999997481819598
5876,58.75999999999688,0.9999997486496338
5877,58.76999999999688,0.9999997491164211
5878,58.779999999996875,0.9999997495823233
5879,58.78999999999687,0.9999997500473422
5880,58.79999999999687,0.9999997505114795
5881,58.80999999999687,0.9999997509747369
5882,58.81999999999687,0.9999997514371162
5883,58.829999999996865,0.9999997518986188
5884,58.83999999999686,0.9999997523592468
5885,58.84999999999686,0.9999997528190016
5886,58.85999999999686,0.999999753277885
5887,58.86999999999686,0.9999997537358987
5888,58.879999999996855,0.9999997541930444
5889,58.88999999999685,0.9999997546493238
5890,58.89999999999685,0.9999997551047385
5891,58.90999999999685,0.9999997555592901
5892,58.91999999999685,0.9999997560129805
5893,58.929999999996845,0.9999997564658113
5894,58.93999999999684,0.9999997569177841
5895,58.94999999999684,0.9999997573689006
5896,58.95999999999684,0.9999997578191624
5897,58.96999999999684,0.9999997582685711
5898,58.979999999996835,0.9999997587171287
5899,58.98999999999683,0.9999997591648364
5900,58.99999999999683,0.9999997596116962
5901,59.00999999999683,0.9999997600577095
5902,59.01999999999683,0.9999997605028781
5903,59.029999999996825,0.9999997609472036
5904,59.03999999999682,0.9999997613906875
5905,59.04999999999682,0.9999997618333316
5906,59.05999999999682,0.9999997622751374
5907,59.06999999999682,0.9999997627161068
5908,59.079999999996815,0.9999997631562411
5909,59.08999999999681,0.9999997635955419
5910,59.09999999999681,0.999999764034011
5911,59.10999999999681,0.9999997644716501
5912,59.11999999999681,0.9999997649084605
5913,59.129999999996805,0.9999997653444441
5914,59.1399999999968,0.9999997657796023
5915,59.1499999999968,0.9999997662139368
5916,59.1599999999968,0.9999997666474492
5917,59.1699999999968,0.9999997670801409
5918,59.179999999996795,0.9999997675120138
5919,59.18999999999679,0.9999997679430692
5920,59.19999999999679,0.999999768373309
5921,59.20999999999679,0.9999997688027344
5922,59.21999999999679,0.9999997692313473
5923,59.229999999996785,0.999999769659149
5924,59.23999999999678,0.9999997700861413
5925,59.24999999999678,0.9999997705123257
5926,59.25999999999678,0.9999997709377038
5927,59.26999999999678,0.9999997713622769
5928,59.279999999996775,0.9999997717860469
5929,59.28999999999677,0.9999997722090153
5930,59.29999999999677,0.9999997726311833
5931,59.30999999999677,0.9999997730525529
5932,59.31999999999677,0.9999997734731255
5933,59.329999999996765,0.9999997738929025
5934,59.33999999999676,0.9999997743118857
5935,59.34999999999676,0.9999997747300763
5936,59.35999999999676,0.9999997751474761
5937,59.36999999999676,0.9999997755640865
5938,59.379999999996755,0.9999997759799091
5939,59.38999999999675,0.9999997763949454
5940,59.39999999999675,0.9999997768091968
5941,59.40999999999675,0.9999997772226651
5942,59.41999999999675,0.9999997776353515
5943,59.429999999996745,0.9999997780472578
5944,59.43999999999674,0.9999997784583853
5945,59.44999999999674,0.9999997788687356
5946,59.45999999999674,0.9999997792783101
5947,59.46999999999674,0.9999997796871104
5948,59.479999999996735,0.999999780095138
5949,59.48999999999673,0.9999997805023944
5950,59.49999999999673,0.999999780908881
5951,59.50999999999673,0.9999997813145993
5952,59.51999999999673,0.999999781719551
5953,59.529999999996726,0.9999997821237373
5954,59.53999999999672,0.9999997825271598
5955,59.54999999999672,0.99999978292982
5956,59.55999999999672,0.9999997833317192
5957,59.56999999999672,0.9999997837328592
5958,59.579999999996716,0.9999997841332412
5959,59.589999999996714,0.9999997845328668
5960,59.59999999999671,0.9999997849317374
5961,59.60999999999671,0.9999997853298543
5962,59.61999999999671,0.9999997857272194
5963,59.629999999996706,0.9999997861238337
5964,59.639999999996704,0.9999997865196988
5965,59.6499999999967,0.9999997869148163
5966,59.6599999999967,0.9999997873091874
5967,59.6699999999967,0.9999997877028137
5968,59.679999999996696,0.9999997880956967
5969,59.689999999996694,0.9999997884878375
5970,59.69999999999669,0.999999788879238
5971,59.70999999999669,0.9999997892698993
5972,59.71999999999669,0.999999789659823
5973,59.729999999996686,0.9999997900490103
5974,59.739999999996684,0.9999997904374628
5975,59.74999999999668,0.999999790825182
5976,59.75999999999668,0.9999997912121691
5977,59.76999999999668,0.9999997915984257
5978,59.779999999996676,0.9999997919839531
5979,59.789999999996674,0.9999997923687527
5980,59.79999999999667,0.999999792752826
5981,59.80999999999667,0.9999997931361744
5982,59.81999999999667,0.9999997935187991
5983,59.829999999996666,0.9999997939007017
5984,59.839999999996664,0.9999997942818836
5985,59.84999999999666,0.9999997946623461
5986,59.85999999999666,0.9999997950420906
5987,59.86999999999666,0.9999997954211185
5988,59.879999999996656,0.9999997957994311
5989,59.889999999996654,0.9999997961770299
5990,59.89999999999665,0.9999997965539164
5991,59.90999999999665,0.9999997969300917
5992,59.91999999999665,0.9999997973055572
5993,59.929999999996646,0.9999997976803146
5994,59.939999999996644,0.9999997980543648
5995,59.94999999999664,0.9999997984277095
5996,59.95999999999664,0.9999997988003498
5997,59.96999999999664,0.9999997991722873
5998,59.979999999996636,0.9999997995435234
5999,59.989999999996634,0.9999997999140591
6000,59.99999999999663,0.9999998002838961
6001,60.00999999999663,0.9999998006530356
6002,60.01999999999663,0.9999998010214789
6003,60.029999999996626,0.9999998013892275
6004,60.039999999996624,0.9999998017562826
6005,60.04999999999662,0.9999998021226455
6006,60.05999999999662,0.9999998024883177
6007,60.06999999999662,0.9999998028533004
6008,60.079999999996616,0.999999803217595
6009,60.089999999996614,0.9999998035812028
6010,60.09999999999661,0.9999998039441251
6011,60.10999999999661,0.9999998043063633
6012,60.11999999999661,0.9999998046679186
6013,60.129999999996606,0.9999998050287925
6014,60.139999999996604,0.9999998053889861
6015,60.1499999999966,0.9999998057485008
6016,60.1599999999966,0.999999806107338
6017,60.1699999999966,0.9999998064654988
6018,60.179999999996596,0.9999998068229847
6019,60.189999999996594,0.9999998071797969
6020,60.19999999999659,0.9999998075359368
6021,60.20999999999659,0.9999998078914055
6022,60.21999999999659,0.9999998082462045
6023,60.229999999996586,0.999999808600335
6024,60.239999999996584,0.9999998089537983
6025,60.24999999999658,0.9999998093065955
6026,60.25999999999658,0.9999998096587283
6027,60.26999999999658,0.9999998100101976
6028,60.279999999996576,0.9999998103610048
6029,60.289999999996574,0.9999998107111513
6030,60.29999999999657,0.9999998110606382
6031,60.30999999999657,0.9999998114094668
6032,60.31999999999657,0.9999998117576384
6033,60.329999999996566,0.9999998121051543
6034,60.339999999996564,0.9999998124520157
6035,60.34999999999656,0.999999812798224
6036,60.35999999999656,0.9999998131437803
6037,60.36999999999656,0.9999998134886858
6038,60.379999999996556,0.999999813832942
6039,60.389999999996554,0.9999998141765499
6040,60.39999999999655,0.9999998145195109
6041,60.40999999999655,0.9999998148618262
6042,60.41999999999655,0.999999815203497
6043,60.42999999999655,0.9999998155445247
6044,60.439999999996544,0.9999998158849103
6045,60.44999999999654,0.9999998162246552
6046,60.45999999999654,0.9999998165637606
6047,60.46999999999654,0.9999998169022276
6048,60.47999999999654,0.9999998172400577
6049,60.489999999996535,0.9999998175772519
6050,60.49999999999653,0.9999998179138115
6051,60.50999999999653,0.9999998182497377
6052,60.51999999999653,0.9999998185850318
6053,60.52999999999653,0.9999998189196949
6054,60.539999999996525,0.9999998192537284
6055,60.54999999999652,0.9999998195871332
6056,60.55999999999652,0.9999998199199108
6057,60.56999999999652,0.9999998202520622
6058,60.57999999999652,0.9999998205835888
6059,60.589999999996515,0.9999998209144917
6060,60.59999999999651,0.999999821244772
6061,60.60999999999651,0.9999998215744311
6062,60.61999999999651,0.99999982190347
6063,60.62999999999651,0.9999998222318901
6064,60.639999999996505,0.9999998225596923
6065,60.6499999999965,0.9999998228868782
6066,60.6599999999965,0.9999998232134485
6067,60.6699999999965,0.9999998235394048
6068,60.6799999999965,0.9999998238647481
6069,60.689999999996495,0.9999998241894794
6070,60.69999999999649,0.9999998245136003
6071,60.70999999999649,0.9999998248371116
6072,60.71999999999649,0.9999998251600147
6073,60.72999999999649,0.9999998254823106
6074,60.739999999996485,0.9999998258040006
6075,60.74999999999648,0.9999998261250859
6076,60.75999999999648,0.9999998264455674
6077,60.76999999999648,0.9999998267654465
6078,60.77999999999648,0.9999998270847243
6079,60.789999999996475,0.999999827403402
6080,60.79999999999647,0.9999998277214805
6081,60.80999999999647,0.9999998280389614
6082,60.81999999999647,0.9999998283558454
6083,60.82999999999647,0.999999828672134
6084,60.839999999996465,0.9999998289878281
6085,60.84999999999646,0.9999998293029291
6086,60.85999999999646,0.9999998296174378
6087,60.86999999999646,0.9999998299313555
6088,60.87999999999646,0.9999998302446834
6089,60.889999999996455,0.9999998305574226
6090,60.89999999999645,0.9999998308695742
6091,60.90999999999645,0.9999998311811393
6092,60.91999999999645,0.999999831492119
6093,60.92999999999645,0.9999998318025146
6094,60.939999999996445,0.9999998321123271
6095,60.94999999999644,0.9999998324215577
6096,60.95999999999644,0.9999998327302072
6097,60.96999999999644,0.9999998330382771
6098,60.97999999999644,0.9999998333457685
6099,60.989999999996435,0.9999998336526822
6100,60.99999999999643,0.9999998339590196
6101,61.00999999999643,0.9999998342647817
6102,61.01999999999643,0.9999998345699694
6103,61.02999999999643,0.9999998348745842
6104,61.039999999996425,0.999999835178627
6105,61.04999999999642,0.9999998354820989
6106,61.05999999999642,0.999999835785001
6107,61.06999999999642,0.9999998360873343
6108,61.07999999999642,0.9999998363891001
6109,61.089999999996415,0.9999998366902993
6110,61.09999999999641,0.9999998369909331
6111,61.10999999999641,0.9999998372910025
6112,61.11999999999641,0.9999998375905087
6113,61.12999999999641,0.9999998378894527
6114,61.139999999996405,0.9999998381878356
6115,61.1499999999964,0.9999998384856583
6116,61.1599999999964,0.9999998387829222
6117,61.1699999999964,0.9999998390796282
6118,61.1799999999964,0.9999998393757773
6119,61.189999999996395,0.9999998396713706
6120,61.19999999999639,0.9999998399664094
6121,61.20999999999639,0.9999998402608945
6122,61.21999999999639,0.9999998405548269
6123,61.22999999999639,0.999999840848208
6124,61.239999999996385,0.9999998411410386
6125,61.24999999999638,0.9999998414333198
6126,61.25999999999638,0.9999998417250526
6127,61.26999999999638,0.9999998420162381
6128,61.27999999999638,0.9999998423068776
6129,61.289999999996375,0.9999998425969716
6130,61.29999999999637,0.9999998428865217
6131,61.30999999999637,0.9999998431755286
6132,61.31999999999637,0.9999998434639934
6133,61.32999999999637,0.9999998437519172
6134,61.339999999996365,0.9999998440393011
6135,61.34999999999636,0.999999844326146
6136,61.35999999999636,0.999999844612453
6137,61.36999999999636,0.999999844898223
6138,61.37999999999636,0.9999998451834573
6139,61.389999999996355,0.9999998454681567
6140,61.39999999999635,0.9999998457523224
6141,61.40999999999635,0.9999998460359552
6142,61.41999999999635,0.9999998463190563
6143,61.42999999999635,0.9999998466016266
6144,61.439999999996346,0.9999998468836672
6145,61.44999999999634,0.9999998471651791
6146,61.45999999999634,0.9999998474461633
6147,61.46999999999634,0.9999998477266208
6148,61.47999999999634,0.9999998480065526
6149,61.489999999996336,0.9999998482859598
6150,61.499999999996334,0.9999998485648433
6151,61.50999999999633,0.9999998488432041
6152,61.51999999999633,0.9999998491210433
6153,61.52999999999633,0.9999998493983618
6154,61.539999999996326,0.9999998496751606
6155,61.549999999996324,0.9999998499514409
6156,61.55999999999632,0.9999998502272034
6157,61.56999999999632,0.9999998505024491
6158,61.57999999999632,0.9999998507771792
6159,61.589999999996316,0.9999998510513947
6160,61.599999999996314,0.9999998513250964
6161,61.60999999999631,0.9999998515982853
6162,61.61999999999631,0.9999998518709625
6163,61.62999999999631,0.9999998521431289
6164,61.639999999996306,0.9999998524147855
6165,61.649999999996304,0.9999998526859333
6166,61.6599999999963,0.9999998529565731
6167,61.6699999999963,0.9999998532267061
6168,61.6799999999963,0.9999998534963334
6169,61.689999999996296,0.9999998537654555
6170,61.699999999996294,0.9999998540340737
6171,61.70999999999629,0.9999998543021889
6172,61.71999999999629,0.999999854569802
6173,61.72999999999629,0.9999998548369141
6174,61.739999999996286,0.999999855103526
6175,61.749999999996284,0.9999998553696388
6176,61.75999999999628,0.9999998556352533
6177,61.76999999999628,0.9999998559003705
6178,61.77999999999628,0.9999998561649914
6179,61.789999999996276,0.999999856429117
6180,61.799999999996274,0.9999998566927482
6181,61.80999999999627,0.9999998569558859
6182,61.81999999999627,0.999999857218531
6183,61.82999999999627,0.9999998574806847
6184,61.839999999996266,0.9999998577423476
6185,61.849999999996264,0.9999998580035208
6186,61.85999999999626,0.9999998582642052
6187,61.86999999999626,0.9999998585244018
6188,61.87999999999626,0.9999998587841115
6189,61.889999999996256,0.9999998590433352
6190,61.899999999996254,0.9999998593020739
6191,61.90999999999625,0.9999998595603284
6192,61.91999999999625,0.9999998598180998
6193,61.92999999999625,0.9999998600753889
6194,61.939999999996246,0.9999998603321966
6195,61.949999999996244,0.999999860588524
6196,61.95999999999624,0.9999998608443718
6197,61.96999999999624,0.9999998610997409
6198,61.97999999999624,0.9999998613546325
6199,61.989999999996236,0.9999998616090472
6200,61.999999999996234,0.9999998618629862
6201,62.00999999999623,0.9999998621164501
6202,62.01999999999623,0.99999986236944
6203,62.02999999999623,0.9999998626219568
6204,62.039999999996226,0.9999998628740014
6205,62.049999999996224,0.9999998631255747
6206,62.05999999999622,0.9999998633766775
6207,62.06999999999622,0.9999998636273107
6208,62.07999999999622,0.9999998638774754
6209,62.089999999996216,0.9999998641271723
6210,62.099999999996214,0.9999998643764024
6211,62.10999999999621,0.9999998646251665
6212,62.11999999999621,0.9999998648734656
6213,62.12999999999621,0.9999998651213005
6214,62.139999999996206,0.9999998653686721
6215,62.149999999996204,0.9999998656155813
6216,62.1599999999962,0.999999865862029
6217,62.1699999999962,0.9999998661080161
6218,62.1799999999962,0.9999998663535433
6219,62.189999999996196,0.9999998665986117
6220,62.199999999996194,0.9999998668432222
6221,62.20999999999619,0.9999998670873754
6222,62.21999999999619,0.9999998673310725
6223,62.22999999999619,0.9999998675743141
6224,62.239999999996186,0.9999998678171013
6225,62.249999999996184,0.9999998680594347
6226,62.25999999999618,0.9999998683013154
6227,62.26999999999618,0.9999998685427441
6228,62.27999999999618,0.9999998687837219
6229,62.289999999996176,0.9999998690242494
6230,62.299999999996174,0.9999998692643276
6231,62.30999999999617,0.9999998695039573
6232,62.31999999999617,0.9999998697431394
6233,62.32999999999617,0.9999998699818746
6234,62.33999999999617,0.999999870220164
6235,62.349999999996164,0.9999998704580084
6236,62.35999999999616,0.9999998706954085
6237,62.36999999999616,0.9999998709323652
6238,62.37999999999616,0.9999998711688795
6239,62.38999999999616,0.999999871404952
6240,62.399999999996155,0.9999998716405837
6241,62.40999999999615,0.9999998718757753
6242,62.41999999999615,0.9999998721105279
6243,62.42999999999615,0.9999998723448421
6244,62.43999999999615,0.9999998725787188
6245,62.449999999996145,0.9999998728121589
6246,62.45999999999614,0.9999998730451631
6247,62.46999999999614,0.9999998732777324
6248,62.47999999999614,0.9999998735098675
6249,62.48999999999614,0.9999998737415693
6250,62.499999999996135,0.9999998739728386
6251,62.50999999999613,0.9999998742036762
6252,62.51999999999613,0.999999874434083
6253,62.52999999999613,0.9999998746640597
6254,62.53999999999613,0.9999998748936072
6255,62.549999999996125,0.9999998751227263
6256,62.55999999999612,0.9999998753514178
6257,62.56999999999612,0.9999998755796826
6258,62.57999999999612,0.9999998758075214
6259,62.58999999999612,0.999999876034935
6260,62.599999999996115,0.9999998762619243
6261,62.60999999999611,0.9999998764884902
6262,62.61999999999611,0.9999998767146333
6263,62.62999999999611,0.9999998769403545
6264,62.63999999999611,0.9999998771656545
6265,62.649999999996105,0.9999998773905343
6266,62.6599999999961,0.9999998776149946
6267,62.6699999999961,0.9999998778390362
6268,62.6799999999961,0.9999998780626599
6269,62.6899999999961,0.9999998782858665
6270,62.699999999996095,0.9999998785086567
6271,62.70999999999609,0.9999998787310315
6272,62.71999999999609,0.9999998789529915
6273,62.72999999999609,0.9999998791745375
6274,62.73999999999609,0.9999998793956704
6275,62.749999999996085,0.9999998796163909
6276,62.75999999999608,0.9999998798366999
6277,62.76999999999608,0.9999998800565981
6278,62.77999999999608,0.9999998802760862
6279,62.78999999999608,0.9999998804951652
6280,62.799999999996075,0.9999998807138356
6281,62.80999999999607,0.9999998809320985
6282,62.81999999999607,0.9999998811499543
6283,62.82999999999607,0.999999881367404
6284,62.83999999999607,0.9999998815844485
6285,62.849999999996065,0.9999998818010883
6286,62.85999999999606,0.9999998820173244
6287,62.86999999999606,0.9999998822331573
6288,62.87999999999606,0.9999998824485881
6289,62.88999999999606,0.9999998826636172
6290,62.899999999996055,0.9999998828782456
6291,62.90999999999605,0.9999998830924741
6292,62.91999999999605,0.9999998833063034
6293,62.92999999999605,0.9999998835197341
6294,62.93999999999605,0.9999998837327673
6295,62.949999999996045,0.9999998839454034
6296,62.95999999999604,0.9999998841576433
6297,62.96999999999604,0.9999998843694878
6298,62.97999999999604,0.9999998845809376
6299,62.98999999999604,0.9999998847919935
6300,62.999999999996035,0.9999998850026562
6301,63.00999999999603,0.9999998852129265
6302,63.01999999999603,0.999999885422805
6303,63.02999999999603,0.9999998856322926
6304,63.03999999999603,0.9999998858413901
6305,63.049999999996025,0.999999886050098
6306,63.05999999999602,0.9999998862584173
6307,63.06999999999602,0.9999998864663485
6308,63.07999999999602,0.9999998866738925
6309,63.08999999999602,0.99999988688105
6310,63.099999999996015,0.9999998870878218
6311,63.10999999999601,0.9999998872942085
6312,63.11999999999601,0.9999998875002108
6313,63.12999999999601,0.9999998877058297
6314,63.13999999999601,0.9999998879110656
6315,63.149999999996005,0.9999998881159196
6316,63.159999999996,0.999999888320392
6317,63.169999999996,0.9999998885244838
6318,63.179999999996,0.9999998887281957
6319,63.189999999996,0.9999998889315282
6320,63.199999999995995,0.9999998891344825
6321,63.20999999999599,0.9999998893370587
6322,63.21999999999599,0.9999998895392581
6323,63.22999999999599,0.999999889741081
6324,63.23999999999599,0.9999998899425283
6325,63.249999999995985,0.9999998901436007
6326,63.25999999999598,0.9999998903442989
6327,63.26999999999598,0.9999998905446236
6328,63.27999999999598,0.9999998907445755
6329,63.28999999999598,0.9999998909441554
6330,63.299999999995975,0.9999998911433639
6331,63.30999999999597,0.9999998913422017
6332,63.31999999999597,0.9999998915406695
6333,63.32999999999597,0.999999891738768
6334,63.33999999999597,0.9999998919364981
6335,63.349999999995966,0.9999998921338603
6336,63.35999999999596,0.9999998923308553
6337,63.36999999999596,0.9999998925274839
6338,63.37999999999596,0.9999998927237467
6339,63.38999999999596,0.9999998929196444
6340,63.399999999995956,0.9999998931151777
6341,63.409999999995954,0.9999998933103474
6342,63.41999999999595,0.9999998935051541
6343,63.42999999999595,0.9999998936995984
6344,63.43999999999595,0.9999998938936812
6345,63.449999999995946,0.999999894087403
6346,63.459999999995944,0.9999998942807646
6347,63.46999999999594,0.9999998944737666
6348,63.47999999999594,0.9999998946664097
6349,63.48999999999594,0.9999998948586947
6350,63.499999999995936,0.9999998950506221
6351,63.509999999995934,0.9999998952421927
6352,63.51999999999593,0.9999998954334072
6353,63.52999999999593,0.999999895624266
6354,63.53999999999593,0.9999998958147702
6355,63.549999999995926,0.9999998960049202
6356,63.559999999995924,0.9999998961947167
6357,63.56999999999592,0.9999998963841604
6358,63.57999999999592,0.9999998965732521
6359,63.58999999999592,0.9999998967619922
6360,63.599999999995916,0.9999998969503816
6361,63.609999999995914,0.9999998971384209
6362,63.61999999999591,0.9999998973261106
6363,63.62999999999591,0.9999998975134516
6364,63.63999999999591,0.9999998977004444
6365,63.649999999995906,0.9999998978870898
6366,63.659999999995904,0.9999998980733884
6367,63.6699999999959,0.9999998982593408
6368,63.6799999999959,0.9999998984449476
6369,63.6899999999959,0.9999998986302097
6370,63.699999999995896,0.9999998988151275
6371,63.709999999995894,0.9999998989997019
6372,63.71999999999589,0.9999998991839333
6373,63.72999999999589,0.9999998993678225
6374,63.73999999999589,0.99999989955137
6375,63.749999999995886,0.9999998997345767
6376,63.759999999995884,0.9999998999174431
6377,63.76999999999588,0.9999999000999698
6378,63.77999999999588,0.9999999002821575
6379,63.78999999999588,0.9999999004640069
6380,63.799999999995876,0.9999999006455185
6381,63.809999999995874,0.999999900826693
6382,63.81999999999587,0.9999999010075311
6383,63.82999999999587,0.9999999011880334
6384,63.83999999999587,0.9999999013682005
6385,63.849999999995866,0.9999999015480331
6386,63.859999999995864,0.9999999017275317
6387,63.86999999999586,0.9999999019066972
6388,63.87999999999586,0.9999999020855299
6389,63.88999999999586,0.9999999022640308
6390,63.899999999995856,0.9999999024422002
6391,63.909999999995854,0.9999999026200388
6392,63.91999999999585,0.9999999027975474
6393,63.92999999999585,0.9999999029747264
6394,63.93999999999585,0.9999999031515765
6395,63.949999999995846,0.9999999033280984
6396,63.959999999995844,0.9999999035042928
6397,63.96999999999584,0.99999990368016
6398,63.97999999999584,0.9999999038557009
6399,63.98999999999584,0.9999999040309161
6400,63.999999999995836,0.999999904205806
6401,64.00999999999584,0.9999999043803715
6402,64.01999999999585,0.999999904554613
6403,64.02999999999585,0.9999999047285312
6404,64.03999999999586,0.9999999049021268
6405,64.04999999999586,0.9999999050754002
6406,64.05999999999587,0.9999999052483521
6407,64.06999999999587,0.9999999054209832
6408,64.07999999999588,0.999999905593294
6409,64.08999999999588,0.9999999057652852
6410,64.09999999999589,0.9999999059369573
6411,64.10999999999589,0.999999906108311
6412,64.1199999999959,0.9999999062793469
6413,64.1299999999959,0.9999999064500655
6414,64.13999999999591,0.9999999066204674
6415,64.14999999999591,0.9999999067905534
6416,64.15999999999592,0.9999999069603239
6417,64.16999999999592,0.9999999071297796
6418,64.17999999999593,0.999999907298921
6419,64.18999999999593,0.9999999074677487
6420,64.19999999999594,0.9999999076362635
6421,64.20999999999594,0.9999999078044657
6422,64.21999999999595,0.9999999079723559
6423,64.22999999999595,0.9999999081399351
6424,64.23999999999596,0.9999999083072034
6425,64.24999999999596,0.9999999084741616
6426,64.25999999999597,0.9999999086408105
6427,64.26999999999597,0.9999999088071502
6428,64.27999999999598,0.9999999089731817
6429,64.28999999999598,0.9999999091389054
6430,64.29999999999599,0.9999999093043218
6431,64.309999999996,0.9999999094694317
6432,64.319999999996,0.9999999096342356
6433,64.329999999996,0.999999909798734
6434,64.33999999999601,0.9999999099629275
6435,64.34999999999602,0.9999999101268168
6436,64.35999999999602,0.9999999102904024
6437,64.36999999999603,0.9999999104536847
6438,64.37999999999603,0.9999999106166646
6439,64.38999999999604,0.9999999107793424
6440,64.39999999999604,0.9999999109417188
6441,64.40999999999605,0.9999999111037944
6442,64.41999999999605,0.9999999112655696
6443,64.42999999999606,0.9999999114270451
6444,64.43999999999606,0.9999999115882215
6445,64.44999999999607,0.9999999117490993
6446,64.45999999999607,0.9999999119096791
6447,64.46999999999608,0.9999999120699614
6448,64.47999999999608,0.9999999122299468
6449,64.48999999999609,0.9999999123896359
6450,64.49999999999609,0.9999999125490292
6451,64.5099999999961,0.9999999127081273
6452,64.5199999999961,0.9999999128669307
6453,64.52999999999611,0.99999991302544
6454,64.53999999999611,0.9999999131836558
6455,64.54999999999612,0.9999999133415786
6456,64.55999999999612,0.9999999134992089
6457,64.56999999999613,0.9999999136565474
6458,64.57999999999613,0.9999999138135945
6459,64.58999999999614,0.9999999139703508
6460,64.59999999999614,0.9999999141268169
6461,64.60999999999615,0.9999999142829934
6462,64.61999999999615,0.9999999144388806
6463,64.62999999999616,0.9999999145944793
6464,64.63999999999616,0.9999999147497899
6465,64.64999999999617,0.9999999149048131
6466,64.65999999999617,0.9999999150595492
6467,64.66999999999618,0.999999915213999
6468,64.67999999999618,0.9999999153681628
6469,64.68999999999619,0.9999999155220414
6470,64.6999999999962,0.9999999156756351
6471,64.7099999999962,0.9999999158289445
6472,64.7199999999962,0.9999999159819704
6473,64.72999999999621,0.9999999161347128
6474,64.73999999999621,0.9999999162871728
6475,64.74999999999622,0.9999999164393506
6476,64.75999999999623,0.9999999165912468
6477,64.76999999999623,0.9999999167428619
6478,64.77999999999624,0.9999999168941964
6479,64.78999999999624,0.999999917045251
6480,64.79999999999625,0.9999999171960262
6481,64.80999999999625,0.9999999173465224
6482,64.81999999999626,0.9999999174967402
6483,64.82999999999626,0.9999999176466802
6484,64.83999999999627,0.9999999177963427
6485,64.84999999999627,0.9999999179457283
6486,64.85999999999628,0.9999999180948377
6487,64.86999999999628,0.9999999182436713
6488,64.87999999999629,0.9999999183922296
6489,64.88999999999629,0.9999999185405132
6490,64.8999999999963,0.9999999186885224
6491,64.9099999999963,0.999999918836258
6492,64.9199999999963,0.9999999189837204
6493,64.92999999999631,0.99999991913091
6494,64.93999999999632,0.9999999192778276
6495,64.94999999999632,0.9999999194244734
6496,64.95999999999633,0.9999999195708481
6497,64.96999999999633,0.9999999197169522
6498,64.97999999999634,0.9999999198627861
6499,64.98999999999634,0.9999999200083505
6500,64.99999999999635,0.9999999201536457
6501,65.00999999999635,0.9999999202986722
6502,65.01999999999636,0.9999999204434308
6503,65.02999999999636,0.9999999205879216
6504,65.03999999999637,0.9999999207321455
6505,65.04999999999637,0.9999999208761028
6506,65.05999999999638,0.999999921019794
6507,65.06999999999638,0.9999999211632196
6508,65.07999999999639,0.99999992130638
6509,65.0899999999964,0.999999921449276
6510,65.0999999999964,0.9999999215919079
6511,65.1099999999964,0.9999999217342761
6512,65.11999999999641,0.9999999218763813
6513,65.12999999999641,0.999999922018224
6514,65.13999999999642,0.9999999221598045
6515,65.14999999999642,0.9999999223011234
6516,65.15999999999643,0.9999999224421812
6517,65.16999999999643,0.9999999225829784
6518,65.17999999999644,0.9999999227235155
6519,65.18999999999645,0.9999999228637929
6520,65.19999999999645,0.9999999230038112
6521,65.20999999999646,0.9999999231435709
6522,65.21999999999646,0.9999999232830724
6523,65.22999999999647,0.9999999234223161
6524,65.23999999999647,0.9999999235613027
6525,65.24999999999648,0.9999999237000327
6526,65.25999999999648,0.9999999238385063
6527,65.26999999999649,0.9999999239767243
6528,65.27999999999649,0.999999924114687
6529,65.2899999999965,0.9999999242523948
6530,65.2999999999965,0.9999999243898484
6531,65.3099999999965,0.9999999245270481
6532,65.31999999999651,0.9999999246639946
6533,65.32999999999652,0.9999999248006881
6534,65.33999999999652,0.9999999249371293
6535,65.34999999999653,0.9999999250733185
6536,65.35999999999653,0.9999999252092563
6537,65.36999999999654,0.9999999253449431
6538,65.37999999999654,0.9999999254803794
6539,65.38999999999655,0.9999999256155657
6540,65.39999999999655,0.9999999257505026
6541,65.40999999999656,0.9999999258851902
6542,65.41999999999656,0.9999999260196293
6543,65.42999999999657,0.9999999261538202
6544,65.43999999999657,0.9999999262877634
6545,65.44999999999658,0.9999999264214594
6546,65.45999999999658,0.9999999265549087
6547,65.46999999999659,0.9999999266881117
6548,65.4799999999966,0.9999999268210689
6549,65.4899999999966,0.9999999269537806
6550,65.4999999999966,0.9999999270862475
6551,65.50999999999661,0.99999992721847
6552,65.51999999999661,0.9999999273504485
6553,65.52999999999662,0.9999999274821836
6554,65.53999999999662,0.9999999276136755
6555,65.54999999999663,0.9999999277449247
6556,65.55999999999663,0.999999927875932
6557,65.56999999999664,0.9999999280066975
6558,65.57999999999664,0.9999999281372217
6559,65.58999999999665,0.9999999282675053
6560,65.59999999999665,0.9999999283975485
6561,65.60999999999666,0.9999999285273518
6562,65.61999999999666,0.9999999286569156
6563,65.62999999999667,0.9999999287862406
6564,65.63999999999668,0.9999999289153269
6565,65.64999999999668,0.9999999290441752
6566,65.65999999999669,0.9999999291727859
6567,65.66999999999669,0.9999999293011593
6568,65.6799999999967,0.9999999294292962
6569,65.6899999999967,0.9999999295571966
6570,65.6999999999967,0.9999999296848613
6571,65.70999999999671,0.9999999298122905
6572,65.71999999999672,0.9999999299394847
6573,65.72999999999672,0.9999999300664445
6574,65.73999999999673,0.9999999301931702
6575,65.74999999999673,0.9999999303196623
6576,65.75999999999674,0.9999999304459211
6577,65.76999999999674,0.9999999305719472
6578,65.77999999999675,0.999999930697741
6579,65.78999999999675,0.9999999308233029
6580,65.79999999999676,0.9999999309486334
6581,65.80999999999676,0.9999999310737328
6582,65.81999999999677,0.9999999311986016
6583,65.82999999999677,0.9999999313232404
6584,65.83999999999678,0.9999999314476493
6585,65.84999999999678,0.9999999315718291
6586,65.85999999999679,0.9999999316957799
6587,65.86999999999679,0.9999999318195024
6588,65.8799999999968,0.9999999319429969
6589,65.8899999999968,0.9999999320662638
6590,65.89999999999681,0.9999999321893035
6591,65.90999999999681,0.9999999323121166
6592,65.91999999999682,0.9999999324347034
6593,65.92999999999682,0.9999999325570643
6594,65.93999999999683,0.9999999326791998
6595,65.94999999999683,0.9999999328011103
6596,65.95999999999684,0.9999999329227962
6597,65.96999999999684,0.9999999330442579
6598,65.97999999999685,0.999999933165496
6599,65.98999999999685,0.9999999332865106
6600,65.99999999999686,0.9999999334073024
6601,66.00999999999686,0.9999999335278716
6602,66.01999999999687,0.9999999336482189
6603,66.02999999999687,0.9999999337683445
6604,66.03999999999688,0.9999999338882488
6605,66.04999999999688,0.9999999340079323
6606,66.05999999999689,0.9999999341273954
6607,66.0699999999969,0.9999999342466386
6608,66.0799999999969,0.9999999343656621
6609,66.0899999999969,0.9999999344844666
6610,66.09999999999691,0.9999999346030521
6611,66.10999999999692,0.9999999347214195
6612,66.11999999999692,0.9999999348395688
6613,66.12999999999693,0.9999999349575007
6614,66.13999999999693,0.9999999350752155
6615,66.14999999999694,0.9999999351927135
6616,66.15999999999694,0.9999999353099951
6617,66.16999999999695,0.999999935427061
6618,66.17999999999695,0.9999999355439113
6619,66.18999999999696,0.9999999356605466
6620,66.19999999999696,0.9999999357769671
6621,66.20999999999697,0.9999999358931735
6622,66.21999999999697,0.9999999360091658
6623,66.22999999999698,0.9999999361249448
6624,66.23999999999698,0.9999999362405106
6625,66.24999999999699,0.9999999363558639
6626,66.25999999999699,0.9999999364710048
6627,66.269999999997,0.9999999365859339
6628,66.279999999997,0.9999999367006515
6629,66.28999999999701,0.9999999368151579
6630,66.29999999999701,0.9999999369294537
6631,66.30999999999702,0.9999999370435392
6632,66.31999999999702,0.9999999371574149
6633,66.32999999999703,0.9999999372710809
6634,66.33999999999703,0.999999937384538
6635,66.34999999999704,0.9999999374977863
6636,66.35999999999704,0.9999999376108262
6637,66.36999999999705,0.9999999377236582
6638,66.37999999999705,0.9999999378362827
6639,66.38999999999706,0.9999999379487
6640,66.39999999999706,0.9999999380609106
6641,66.40999999999707,0.9999999381729147
6642,66.41999999999707,0.9999999382847129
6643,66.42999999999708,0.9999999383963054
6644,66.43999999999708,0.9999999385076928
6645,66.44999999999709,0.9999999386188753
6646,66.4599999999971,0.9999999387298534
6647,66.4699999999971,0.9999999388406273
6648,66.4799999999971,0.9999999389511977
6649,66.48999999999711,0.9999999390615647
6650,66.49999999999712,0.9999999391717287
6651,66.50999999999712,0.9999999392816903
6652,66.51999999999713,0.9999999393914496
6653,66.52999999999713,0.9999999395010072
6654,66.53999999999714,0.9999999396103634
6655,66.54999999999714,0.9999999397195185
6656,66.55999999999715,0.999999939828473
6657,66.56999999999715,0.9999999399372272
6658,66.57999999999716,0.9999999400457815
6659,66.58999999999716,0.9999999401541363
6660,66.59999999999717,0.9999999402622919
6661,66.60999999999717,0.9999999403702488
6662,66.61999999999718,0.9999999404780072
6663,66.62999999999718,0.9999999405855676
6664,66.63999999999719,0.9999999406929304
6665,66.64999999999719,0.9999999408000958
6666,66.6599999999972,0.9999999409070643
6667,66.6699999999972,0.9999999410138363
6668,66.67999999999721,0.9999999411204121
6669,66.68999999999721,0.999999941226792
6670,66.69999999999722,0.9999999413329765
6671,66.70999999999722,0.999999941438966
6672,66.71999999999723,0.9999999415447607
6673,66.72999999999723,0.999999941650361
6674,66.73999999999724,0.9999999417557673
6675,66.74999999999724,0.9999999418609801
6676,66.75999999999725,0.9999999419659995
6677,66.76999999999725,0.9999999420708261
6678,66.77999999999726,0.9999999421754601
6679,66.78999999999726,0.9999999422799019
6680,66.79999999999727,0.9999999423841518
6681,66.80999999999727,0.9999999424882103
6682,66.81999999999728,0.9999999425920778
6683,66.82999999999728,0.9999999426957544
6684,66.83999999999729,0.9999999427992408
6685,66.8499999999973,0.9999999429025369
6686,66.8599999999973,0.9999999430056435
6687,66.8699999999973,0.9999999431085608
6688,66.87999999999731,0.999999943211289
6689,66.88999999999731,0.9999999433138287
6690,66.89999999999732,0.99999994341618
6691,66.90999999999732,0.9999999435183435
6692,66.91999999999733,0.9999999436203194
6693,66.92999999999734,0.9999999437221081
6694,66.93999999999734,0.9999999438237099
6695,66.94999999999735,0.9999999439251253
6696,66.95999999999735,0.9999999440263545
6697,66.96999999999736,0.9999999441273978
6698,66.97999999999736,0.9999999442282558
6699,66.98999999999737,0.9999999443289285
6700,66.99999999999737,0.9999999444294165
6701,67.00999999999738,0.9999999445297201
6702,67.01999999999738,0.9999999446298397
6703,67.02999999999739,0.9999999447297754
6704,67.03999999999739,0.9999999448295278
6705,67.0499999999974,0.999999944929097
6706,67.0599999999974,0.9999999450284837
6707,67.0699999999974,0.999999945127688
6708,67.07999999999741,0.9999999452267102
6709,67.08999999999742,0.9999999453255507
6710,67.09999999999742,0.99999994542421
6711,67.10999999999743,0.9999999455226881
6712,67.11999999999743,0.9999999456209857
6713,67.12999999999744,0.9999999457191029
6714,67.13999999999744,0.9999999458170401
6715,67.14999999999745,0.9999999459147977
6716,67.15999999999745,0.9999999460123759
6717,67.16999999999746,0.9999999461097752
6718,67.17999999999746,0.9999999462069957
6719,67.18999999999747,0.9999999463040381
6720,67.19999999999747,0.9999999464009024
6721,67.20999999999748,0.999999946497589
6722,67.21999999999748,0.9999999465940984
6723,67.22999999999749,0.9999999466904307
6724,67.2399999999975,0.9999999467865864
6725,67.2499999999975,0.9999999468825658
6726,67.2599999999975,0.9999999469783691
6727,67.26999999999751,0.9999999470739969
6728,67.27999999999751,0.9999999471694493
6729,67.28999999999752,0.9999999472647266
6730,67.29999999999752,0.9999999473598293
6731,67.30999999999753,0.9999999474547576
6732,67.31999999999753,0.9999999475495119
6733,67.32999999999754,0.9999999476440925
6734,67.33999999999754,0.9999999477384998
6735,67.34999999999755,0.9999999478327339
6736,67.35999999999756,0.9999999479267954
6737,67.36999999999756,0.9999999480206844
6738,67.37999999999757,0.9999999481144013
6739,67.38999999999757,0.9999999482079464
6740,67.39999999999758,0.9999999483013201
6741,67.40999999999758,0.9999999483945227
6742,67.41999999999759,0.9999999484875545
6743,67.42999999999759,0.9999999485804157
6744,67.4399999999976,0.9999999486731068
6745,67.4499999999976,0.999999948765628
6746,67.4599999999976,0.9999999488579798
6747,67.46999999999761,0.9999999489501623
6748,67.47999999999762,0.9999999490421759
6749,67.48999999999762,0.9999999491340209
6750,67.49999999999763,0.9999999492256977
6751,67.50999999999763,0.9999999493172064
6752,67.51999999999764,0.9999999494085475
6753,67.52999999999764,0.9999999494997214
6754,67.53999999999765,0.9999999495907281
6755,67.54999999999765,0.9999999496815682
6756,67.55999999999766,0.9999999497722419
6757,67.56999999999766,0.9999999498627495
6758,67.57999999999767,0.9999999499530913
6759,67.58999999999767,0.9999999500432677
6760,67.59999999999768,0.9999999501332788
6761,67.60999999999768,0.9999999502231252
6762,67.61999999999769,0.999999950312807
6763,67.6299999999977,0.9999999504023246
6764,67.6399999999977,0.9999999504916782
6765,67.6499999999977,0.9999999505808682
6766,67.65999999999771,0.9999999506698949
6767,67.66999999999771,0.9999999507587586
6768,67.67999999999772,0.9999999508474596
6769,67.68999999999772,0.9999999509359981
6770,67.69999999999773,0.9999999510243747
6771,67.70999999999773,0.9999999511125893
6772,67.71999999999774,0.9999999512006426
6773,67.72999999999774,0.9999999512885345
6774,67.73999999999775,0.9999999513762656
6775,67.74999999999775,0.999999951463836
6776,67.75999999999776,0.9999999515512463
6777,67.76999999999776,0.9999999516384964
6778,67.77999999999777,0.999999951725587
6779,67.78999999999778,0.9999999518125181
6780,67.79999999999778,0.99999995189929
6781,67.80999999999779,0.9999999519859033
6782,67.81999999999779,0.9999999520723579
6783,67.8299999999978,0.9999999521586544
6784,67.8399999999978,0.999999952244793
6785,67.8499999999978,0.9999999523307739
6786,67.85999999999781,0.9999999524165974
6787,67.86999999999782,0.999999952502264
6788,67.87999999999782,0.9999999525877739
6789,67.88999999999783,0.9999999526731272
6790,67.89999999999783,0.9999999527583244
6791,67.90999999999784,0.9999999528433657
6792,67.91999999999784,0.9999999529282515
6793,67.92999999999785,0.999999953012982
6794,67.93999999999785,0.9999999530975574
6795,67.94999999999786,0.9999999531819781
6796,67.95999999999786,0.9999999532662445
6797,67.96999999999787,0.9999999533503566
6798,67.97999999999787,0.9999999534343149
6799,67.98999999999788,0.9999999535181198
6800,67.99999999999788,0.9999999536017712
6801,68.00999999999789,0.9999999536852697
6802,68.01999999999789,0.9999999537686155
6803,68.0299999999979,0.999999953851809
6804,68.0399999999979,0.9999999539348502
6805,68.04999999999791,0.9999999540177396
6806,68.05999999999791,0.9999999541004774
6807,68.06999999999792,0.999999954183064
6808,68.07999999999792,0.9999999542654995
6809,68.08999999999793,0.9999999543477843
6810,68.09999999999793,0.9999999544299186
6811,68.10999999999794,0.9999999545119029
6812,68.11999999999794,0.9999999545937373
6813,68.12999999999795,0.9999999546754219
6814,68.13999999999795,0.9999999547569574
6815,68.14999999999796,0.9999999548383437
6816,68.15999999999796,0.9999999549195813
6817,68.16999999999797,0.9999999550006703
6818,68.17999999999797,0.9999999550816112
6819,68.18999999999798,0.9999999551624041
6820,68.19999999999798,0.9999999552430494
6821,68.20999999999799,0.9999999553235472
6822,68.219999999998,0.9999999554038981
6823,68.229999999998,0.9999999554841019
6824,68.239999999998,0.9999999555641593
6825,68.24999999999801,0.9999999556440704
6826,68.25999999999802,0.9999999557238354
6827,68.26999999999802,0.9999999558034547
6828,68.27999999999803,0.9999999558829284
6829,68.28999999999803,0.9999999559622571
6830,68.29999999999804,0.9999999560414408
6831,68.30999999999804,0.9999999561204798
6832,68.31999999999805,0.9999999561993743
6833,68.32999999999805,0.9999999562781248
6834,68.33999999999806,0.9999999563567314
6835,68.34999999999806,0.9999999564351943
6836,68.35999999999807,0.999999956513514
6837,68.36999999999807,0.9999999565916907
6838,68.37999999999808,0.9999999566697245
6839,68.38999999999808,0.9999999567476158
6840,68.39999999999809,0.9999999568253648
6841,68.40999999999809,0.9999999569029718
6842,68.4199999999981,0.9999999569804372
6843,68.4299999999981,0.999999957057761
6844,68.43999999999811,0.9999999571349436
6845,68.44999999999811,0.9999999572119853
6846,68.45999999999812,0.9999999572888862
6847,68.46999999999812,0.9999999573656468
6848,68.47999999999813,0.9999999574422672
6849,68.48999999999813,0.9999999575187477
6850,68.49999999999814,0.9999999575950886
6851,68.50999999999814,0.9999999576712901
6852,68.51999999999815,0.9999999577473525
6853,68.52999999999815,0.999999957823276
6854,68.53999999999816,0.9999999578990609
6855,68.54999999999816,0.9999999579747074
6856,68.55999999999817,0.9999999580502159
6857,68.56999999999817,0.9999999581255865
6858,68.57999999999818,0.9999999582008197
6859,68.58999999999818,0.9999999582759154
6860,68.59999999999819,0.9999999583508741
6861,68.6099999999982,0.9999999584256959
6862,68.6199999999982,0.9999999585003813
6863,68.6299999999982,0.9999999585749303
6864,68.63999999999821,0.9999999586493432
6865,68.64999999999822,0.9999999587236205
6866,68.65999999999822,0.999999958797762
6867,68.66999999999823,0.9999999588717684
6868,68.67999999999823,0.9999999589456398
6869,68.68999999999824,0.9999999590193762
6870,68.69999999999824,0.9999999590929782
6871,68.70999999999825,0.9999999591664459
6872,68.71999999999825,0.9999999592397796
6873,68.72999999999826,0.9999999593129795
6874,68.73999999999826,0.9999999593860458
6875,68.74999999999827,0.9999999594589788
6876,68.75999999999827,0.9999999595317788
6877,68.76999999999828,0.999999959604446
6878,68.77999999999828,0.9999999596769806
6879,68.78999999999829,0.999999959749383
6880,68.79999999999829,0.9999999598216534
6881,68.8099999999983,0.9999999598937918
6882,68.8199999999983,0.9999999599657987
6883,68.82999999999831,0.9999999600376743
6884,68.83999999999831,0.9999999601094188
6885,68.84999999999832,0.9999999601810324
6886,68.85999999999832,0.9999999602525156
6887,68.86999999999833,0.9999999603238683
6888,68.87999999999833,0.9999999603950909
6889,68.88999999999834,0.9999999604661837
6890,68.89999999999834,0.9999999605371468
6891,68.90999999999835,0.9999999606079806
6892,68.91999999999835,0.9999999606786851
6893,68.92999999999836,0.9999999607492608
6894,68.93999999999836,0.9999999608197079
6895,68.94999999999837,0.9999999608900265
6896,68.95999999999837,0.9999999609602169
6897,68.96999999999838,0.9999999610302793
6898,68.97999999999838,0.9999999611002142
6899,68.98999999999839,0.9999999611700214
6900,68.9999999999984,0.9999999612397015
6901,69.0099999999984,0.9999999613092545
6902,69.0199999999984,0.9999999613786807
6903,69.02999999999841,0.9999999614479805
6904,69.03999999999841,0.999999961517154
6905,69.04999999999842,0.9999999615862014
6906,69.05999999999842,0.999999961655123
6907,69.06999999999843,0.9999999617239189
6908,69.07999999999844,0.9999999617925895
6909,69.08999999999844,0.9999999618611349
6910,69.09999999999845,0.9999999619295555
6911,69.10999999999845,0.9999999619978515
6912,69.11999999999846,0.9999999620660229
6913,69.12999999999846,0.9999999621340703
6914,69.13999999999847,0.9999999622019936
6915,69.14999999999847,0.9999999622697932
6916,69.15999999999848,0.9999999623374692
6917,69.16999999999848,0.999999962405022
6918,69.17999999999849,0.9999999624724517
6919,69.18999999999849,0.9999999625397586
6920,69.1999999999985,0.9999999626069429
6921,69.2099999999985,0.9999999626740048
6922,69.2199999999985,0.9999999627409446
6923,69.22999999999851,0.9999999628077625
6924,69.23999999999852,0.9999999628744587
6925,69.24999999999852,0.9999999629410334
6926,69.25999999999853,0.9999999630074868
6927,69.26999999999853,0.9999999630738193
6928,69.27999999999854,0.999999963140031
6929,69.28999999999854,0.9999999632061222
6930,69.29999999999855,0.999999963272093
6931,69.30999999999855,0.9999999633379435
6932,69.31999999999856,0.9999999634036743
6933,69.32999999999856,0.9999999634692853
6934,69.33999999999857,0.999999963534777
6935,69.34999999999857,0.9999999636001494
6936,69.35999999999858,0.9999999636654028
6937,69.36999999999858,0.9999999637305373
6938,69.37999999999859,0.9999999637955533
6939,69.3899999999986,0.9999999638604511
6940,69.3999999999986,0.9999999639252306
6941,69.4099999999986,0.9999999639898922
6942,69.41999999999861,0.9999999640544361
6943,69.42999999999861,0.9999999641188627
6944,69.43999999999862,0.9999999641831718
6945,69.44999999999862,0.999999964247364
6946,69.45999999999863,0.9999999643114394
6947,69.46999999999863,0.9999999643753982
6948,69.47999999999864,0.9999999644392406
6949,69.48999999999864,0.9999999645029667
6950,69.49999999999865,0.9999999645665769
6951,69.50999999999866,0.9999999646300715
6952,69.51999999999866,0.9999999646934504
6953,69.52999999999867,0.999999964756714
6954,69.53999999999867,0.9999999648198625
6955,69.54999999999868,0.9999999648828962
6956,69.55999999999868,0.9999999649458152
6957,69.56999999999869,0.9999999650086197
6958,69.57999999999869,0.99999996507131
6959,69.5899999999987,0.9999999651338862
6960,69.5999999999987,0.9999999651963486
6961,69.6099999999987,0.9999999652586974
6962,69.61999999999871,0.9999999653209327
6963,69.62999999999872,0.9999999653830549
6964,69.63999999999872,0.9999999654450641
6965,69.64999999999873,0.9999999655069606
6966,69.65999999999873,0.9999999655687444
6967,69.66999999999874,0.9999999656304159
6968,69.67999999999874,0.9999999656919752
6969,69.68999999999875,0.9999999657534226
6970,69.69999999999875,0.9999999658147583
6971,69.70999999999876,0.9999999658759824
6972,69.71999999999876,0.9999999659370952
6973,69.72999999999877,0.9999999659980969
6974,69.73999999999877,0.9999999660589877
6975,69.74999999999878,0.9999999661197677
6976,69.75999999999878,0.9999999661804373
6977,69.76999999999879,0.9999999662409966
6978,69.7799999999988,0.9999999663014458
6979,69.7899999999988,0.9999999663617851
6980,69.7999999999988,0.9999999664220147
6981,69.80999999999881,0.9999999664821348
6982,69.81999999999881,0.9999999665421456
6983,69.82999999999882,0.9999999666020475
6984,69.83999999999882,0.9999999666618403
6985,69.84999999999883,0.9999999667215246
6986,69.85999999999883,0.9999999667811004
6987,69.86999999999884,0.9999999668405678
6988,69.87999999999884,0.9999999668999272
6989,69.88999999999885,0.9999999669591787
6990,69.89999999999885,0.9999999670183226
6991,69.90999999999886,0.999999967077359
6992,69.91999999999886,0.9999999671362881
6993,69.92999999999887,0.9999999671951102
6994,69.93999999999888,0.9999999672538253
6995,69.94999999999888,0.9999999673124338
6996,69.95999999999889,0.9999999673709359
6997,69.96999999999889,0.9999999674293316
6998,69.9799999999989,0.9999999674876212
6999,69.9899999999989,0.999999967545805
7000,69.9999999999989,0.999999967603883
7001,70.00999999999891,0.9999999676618555
7002,70.01999999999892,0.9999999677197228
7003,70.02999999999892,0.9999999677774849
7004,70.03999999999893,0.9999999678351421
7005,70.04999999999893,0.9999999678926946
7006,70.05999999999894,0.9999999679501427
7007,70.06999999999894,0.9999999680074863
7008,70.07999999999895,0.9999999680647258
7009,70.08999999999895,0.9999999681218613
7010,70.09999999999896,0.999999968178893
7011,70.10999999999896,0.9999999682358213
7012,70.11999999999897,0.9999999682926461
7013,70.12999999999897,0.9999999683493678
7014,70.13999999999898,0.9999999684059865
7015,70.14999999999898,0.9999999684625024
7016,70.15999999999899,0.9999999685189156
7017,70.16999999999899,0.9999999685752264
7018,70.179999999999,0.999999968631435
7019,70.189999999999,0.9999999686875416
7020,70.19999999999901,0.9999999687435464
7021,70.20999999999901,0.9999999687994494
7022,70.21999999999902,0.999999968855251
7023,70.22999999999902,0.9999999689109512
7024,70.23999999999903,0.9999999689665504
7025,70.24999999999903,0.9999999690220487
7026,70.25999999999904,0.9999999690774461
7027,70.26999999999904,0.9999999691327431
7028,70.27999999999905,0.9999999691879398
7029,70.28999999999905,0.9999999692430362
7030,70.29999999999906,0.9999999692980327
7031,70.30999999999906,0.9999999693529293
7032,70.31999999999907,0.9999999694077264
7033,70.32999999999907,0.9999999694624241
7034,70.33999999999908,0.9999999695170224
7035,70.34999999999908,0.9999999695715217
7036,70.35999999999909,0.9999999696259221
7037,70.3699999999991,0.9999999696802239
7038,70.3799999999991,0.999999969734427
7039,70.3899999999991,0.9999999697885319
7040,70.39999999999911,0.9999999698425386
7041,70.40999999999912,0.9999999698964472
7042,70.41999999999912,0.9999999699502582
7043,70.42999999999913,0.9999999700039716
7044,70.43999999999913,0.9999999700575875
7045,70.44999999999914,0.9999999701111061
7046,70.45999999999914,0.9999999701645276
7047,70.46999999999915,0.9999999702178523
7048,70.47999999999915,0.9999999702710802
7049,70.48999999999916,0.9999999703242116
7050,70.49999999999916,0.9999999703772467
7051,70.50999999999917,0.9999999704301856
7052,70.51999999999917,0.9999999704830285
7053,70.52999999999918,0.9999999705357755
7054,70.53999999999918,0.9999999705884269
7055,70.54999999999919,0.9999999706409829
7056,70.55999999999919,0.9999999706934436
7057,70.5699999999992,0.999999970745809
7058,70.5799999999992,0.9999999707980797
7059,70.58999999999921,0.9999999708502555
7060,70.59999999999921,0.9999999709023367
7061,70.60999999999922,0.9999999709543235
7062,70.61999999999922,0.9999999710062161
7063,70.62999999999923,0.9999999710580145
7064,70.63999999999923,0.9999999711097192
7065,70.64999999999924,0.99999997116133
7066,70.65999999999924,0.9999999712128473
7067,70.66999999999925,0.9999999712642713
7068,70.67999999999925,0.999999971315602
7069,70.68999999999926,0.9999999713668397
7070,70.69999999999926,0.9999999714179846
7071,70.70999999999927,0.9999999714690367
7072,70.71999999999927,0.9999999715199964
7073,70.72999999999928,0.9999999715708637
7074,70.73999999999928,0.9999999716216388
7075,70.74999999999929,0.9999999716723219
7076,70.7599999999993,0.9999999717229132
7077,70.7699999999993,0.9999999717734128
7078,70.7799999999993,0.9999999718238208
7079,70.78999999999931,0.9999999718741377
7080,70.79999999999932,0.9999999719243633
7081,70.80999999999932,0.9999999719744979
7082,70.81999999999933,0.9999999720245417
7083,70.82999999999933,0.9999999720744948
7084,70.83999999999934,0.9999999721243574
7085,70.84999999999934,0.9999999721741297
7086,70.85999999999935,0.9999999722238119
7087,70.86999999999935,0.9999999722734041
7088,70.87999999999936,0.9999999723229064
7089,70.88999999999936,0.9999999723723191
7090,70.89999999999937,0.9999999724216423
7091,70.90999999999937,0.9999999724708761
7092,70.91999999999938,0.9999999725200208
7093,70.92999999999938,0.9999999725690766
7094,70.93999999999939,0.9999999726180434
7095,70.94999999999939,0.9999999726669216
7096,70.9599999999994,0.9999999727157113
7097,70.9699999999994,0.9999999727644127
7098,70.97999999999941,0.9999999728130258
7099,70.98999999999941,0.999999972861551
7100,70.99999999999942,0.9999999729099882
7101,71.00999999999942,0.9999999729583378
7102,71.01999999999943,0.9999999730065998
7103,71.02999999999943,0.9999999730547745
7104,71.03999999999944,0.9999999731028619
7105,71.04999999999944,0.9999999731508623
7106,71.05999999999945,0.9999999731987759
7107,71.06999999999945,0.9999999732466027
7108,71.07999999999946,0.9999999732943429
7109,71.08999999999946,0.9999999733419968
7110,71.09999999999947,0.9999999733895643
7111,71.10999999999947,0.9999999734370457
7112,71.11999999999948,0.9999999734844413
7113,71.12999999999948,0.9999999735317511
7114,71.13999999999949,0.9999999735789752
7115,71.1499999999995,0.9999999736261138
7116,71.1599999999995,0.9999999736731672
7117,71.1699999999995,0.9999999737201355
7118,71.17999999999951,0.9999999737670187
7119,71.18999999999951,0.9999999738138171
7120,71.19999999999952,0.9999999738605309
7121,71.20999999999952,0.9999999739071601
7122,71.21999999999953,0.999999973953705
7123,71.22999999999954,0.9999999740001656
7124,71.23999999999954,0.9999999740465422
7125,71.24999999999955,0.9999999740928349
7126,71.25999999999955,0.9999999741390438
7127,71.26999999999956,0.9999999741851692
7128,71.27999999999956,0.9999999742312111
7129,71.28999999999957,0.9999999742771698
7130,71.29999999999957,0.9999999743230453
7131,71.30999999999958,0.9999999743688378
7132,71.31999999999958,0.9999999744145476
7133,71.32999999999959,0.9999999744601746
7134,71.33999999999959,0.9999999745057192
7135,71.3499999999996,0.9999999745511814
7136,71.3599999999996,0.9999999745965613
7137,71.3699999999996,0.9999999746418592
7138,71.37999999999961,0.9999999746870751
7139,71.38999999999962,0.9999999747322094
7140,71.39999999999962,0.999999974777262
7141,71.40999999999963,0.9999999748222331
7142,71.41999999999963,0.999999974867123
7143,71.42999999999964,0.9999999749119317
7144,71.43999999999964,0.9999999749566594
7145,71.44999999999965,0.9999999750013062
7146,71.45999999999965,0.9999999750458722
7147,71.46999999999966,0.9999999750903578
7148,71.47999999999966,0.9999999751347629
7149,71.48999999999967,0.9999999751790878
7150,71.49999999999967,0.9999999752233325
7151,71.50999999999968,0.9999999752674973
7152,71.51999999999968,0.9999999753115822
7153,71.52999999999969,0.9999999753555875
7154,71.5399999999997,0.9999999753995132
7155,71.5499999999997,0.9999999754433595
7156,71.5599999999997,0.9999999754871266
7157,71.56999999999971,0.9999999755308147
7158,71.57999999999971,0.9999999755744237
7159,71.58999999999972,0.999999975617954
7160,71.59999999999972,0.9999999756614055
7161,71.60999999999973,0.9999999757047786
7162,71.61999999999973,0.9999999757480733
7163,71.62999999999974,0.9999999757912899
7164,71.63999999999974,0.9999999758344282
7165,71.64999999999975,0.9999999758774888
7166,71.65999999999976,0.9999999759204714
7167,71.66999999999976,0.9999999759633764
7168,71.67999999999977,0.9999999760062039
7169,71.68999999999977,0.9999999760489542
7170,71.69999999999978,0.999999976091627
7171,71.70999999999978,0.999999976134223
7172,71.71999999999979,0.9999999761767419
7173,71.72999999999979,0.999999976219184
7174,71.7399999999998,0.9999999762615495
7175,71.7499999999998,0.9999999763038384
7176,71.7599999999998,0.999999976346051
7177,71.76999999999981,0.9999999763881873
7178,71.77999999999982,0.9999999764302475
7179,71.78999999999982,0.9999999764722318
7180,71.79999999999983,0.9999999765141403
7181,71.80999999999983,0.9999999765559732
7182,71.81999999999984,0.9999999765977304
7183,71.82999999999984,0.9999999766394123
7184,71.83999999999985,0.9999999766810189
7185,71.84999999999985,0.9999999767225504
7186,71.85999999999986,0.999999976764007
7187,71.86999999999986,0.9999999768053885
7188,71.87999999999987,0.9999999768466956
7189,71.88999999999987,0.999999976887928
7190,71.89999999999988,0.9999999769290859
7191,71.90999999999988,0.9999999769701696
7192,71.91999999999989,0.9999999770111792
7193,71.9299999999999,0.9999999770521146
7194,71.9399999999999,0.9999999770929763
7195,71.9499999999999,0.9999999771337641
7196,71.95999999999991,0.9999999771744783
7197,71.96999999999991,0.9999999772151191
7198,71.97999999999992,0.9999999772556865
7199,71.98999999999992,0.9999999772961807
7200,71.99999999999993,0.9999999773366018
7201,72.00999999999993,0.99999997737695
7202,72.01999999999994,0.9999999774172255
7203,72.02999999999994,0.9999999774574282
7204,72.03999999999995,0.9999999774975583
7205,72.04999999999995,0.9999999775376162
7206,72.05999999999996,0.9999999775776016
7207,72.06999999999996,0.999999977617515
7208,72.07999999999997,0.9999999776573564
7209,72.08999999999997,0.9999999776971258
7210,72.09999999999998,0.9999999777368236
7211,72.10999999999999,0.9999999777764497
7212,72.11999999999999,0.9999999778160042
7213,72.13,0.9999999778554876
7214,72.14,0.9999999778948997
7215,72.15,0.9999999779342407
7216,72.16000000000001,0.9999999779735107
7217,72.17000000000002,0.9999999780127099
7218,72.18000000000002,0.9999999780518384
7219,72.19000000000003,0.9999999780908964
7220,72.20000000000003,0.9999999781298838
7221,72.21000000000004,0.999999978168801
7222,72.22000000000004,0.9999999782076481
7223,72.23000000000005,0.9999999782464251
7224,72.24000000000005,0.9999999782851321
7225,72.25000000000006,0.9999999783237694
7226,72.26000000000006,0.999999978362337
7227,72.27000000000007,0.9999999784008351
7228,72.28000000000007,0.9999999784392637
7229,72.29000000000008,0.9999999784776231
7230,72.30000000000008,0.9999999785159134
7231,72.31000000000009,0.9999999785541346
7232,72.32000000000009,0.9999999785922868
7233,72.3300000000001,0.9999999786303704
7234,72.3400000000001,0.9999999786683853
7235,72.35000000000011,0.9999999787063316
7236,72.36000000000011,0.9999999787442095
7237,72.37000000000012,0.9999999787820193
7238,72.38000000000012,0.9999999788197608
7239,72.39000000000013,0.9999999788574343
7240,72.40000000000013,0.99999997889504
7241,72.41000000000014,0.9999999789325779
7242,72.42000000000014,0.9999999789700481
7243,72.43000000000015,0.9999999790074507
7244,72.44000000000015,0.9999999790447861
7245,72.45000000000016,0.9999999790820541
7246,72.46000000000016,0.999999979119255
7247,72.47000000000017,0.9999999791563888
7248,72.48000000000017,0.9999999791934557
7249,72.49000000000018,0.9999999792304559
7250,72.50000000000018,0.9999999792673895
7251,72.51000000000019,0.9999999793042564
7252,72.5200000000002,0.999999979341057
7253,72.5300000000002,0.9999999793777913
7254,72.5400000000002,0.9999999794144593
7255,72.55000000000021,0.9999999794510613
7256,72.56000000000022,0.9999999794875974
7257,72.57000000000022,0.9999999795240678
7258,72.58000000000023,0.9999999795604724
7259,72.59000000000023,0.9999999795968115
7260,72.60000000000024,0.9999999796330851
7261,72.61000000000024,0.9999999796692933
7262,72.62000000000025,0.9999999797054364
7263,72.63000000000025,0.9999999797415144
7264,72.64000000000026,0.9999999797775274
7265,72.65000000000026,0.9999999798134757
7266,72.66000000000027,0.9999999798493591
7267,72.67000000000027,0.999999979885178
7268,72.68000000000028,0.9999999799209323
7269,72.69000000000028,0.9999999799566223
7270,72.70000000000029,0.999999979992248
7271,72.71000000000029,0.9999999800278095
7272,72.7200000000003,0.9999999800633071
7273,72.7300000000003,0.9999999800987408
7274,72.74000000000031,0.9999999801341106
7275,72.75000000000031,0.9999999801694168
7276,72.76000000000032,0.9999999802046595
7277,72.77000000000032,0.9999999802398387
7278,72.78000000000033,0.9999999802749546
7279,72.79000000000033,0.9999999803100074
7280,72.80000000000034,0.9999999803449969
7281,72.81000000000034,0.9999999803799235
7282,72.82000000000035,0.9999999804147873
7283,72.83000000000035,0.9999999804495884
7284,72.84000000000036,0.9999999804843268
7285,72.85000000000036,0.9999999805190027
7286,72.86000000000037,0.9999999805536162
7287,72.87000000000037,0.9999999805881674
7288,72.88000000000038,0.9999999806226565
7289,72.89000000000038,0.9999999806570835
7290,72.90000000000039,0.9999999806914486
7291,72.9100000000004,0.9999999807257518
7292,72.9200000000004,0.9999999807599933
7293,72.9300000000004,0.9999999807941733
7294,72.94000000000041,0.9999999808282917
7295,72.95000000000041,0.9999999808623488
7296,72.96000000000042,0.9999999808963446
7297,72.97000000000043,0.9999999809302792
7298,72.98000000000043,0.9999999809641528
7299,72.99000000000044,0.9999999809979655
7300,73.00000000000044,0.9999999810317174
7301,73.01000000000045,0.9999999810654085
7302,73.02000000000045,0.9999999810990391
7303,73.03000000000046,0.9999999811326092
7304,73.04000000000046,0.9999999811661189
7305,73.05000000000047,0.9999999811995683
7306,73.06000000000047,0.9999999812329577
7307,73.07000000000048,0.999999981266287
7308,73.08000000000048,0.9999999812995564
7309,73.09000000000049,0.9999999813327659
7310,73.10000000000049,0.9999999813659157
7311,73.1100000000005,0.9999999813990059
7312,73.1200000000005,0.9999999814320366
7313,73.1300000000005,0.999999981465008
7314,73.14000000000051,0.99999998149792
7315,73.15000000000052,0.999999981530773
7316,73.16000000000052,0.9999999815635668
7317,73.17000000000053,0.9999999815963018
7318,73.18000000000053,0.9999999816289777
7319,73.19000000000054,0.9999999816615951
7320,73.20000000000054,0.9999999816941538
7321,73.21000000000055,0.999999981726654
7322,73.22000000000055,0.9999999817590958
7323,73.23000000000056,0.9999999817914792
7324,73.24000000000056,0.9999999818238046
7325,73.25000000000057,0.9999999818560718
7326,73.26000000000057,0.9999999818882809
7327,73.27000000000058,0.9999999819204323
7328,73.28000000000058,0.9999999819525258
7329,73.29000000000059,0.9999999819845616
7330,73.3000000000006,0.99999998201654
7331,73.3100000000006,0.9999999820484609
7332,73.3200000000006,0.9999999820803244
7333,73.33000000000061,0.9999999821121307
7334,73.34000000000061,0.9999999821438798
7335,73.35000000000062,0.9999999821755718
7336,73.36000000000062,0.9999999822072071
7337,73.37000000000063,0.9999999822387854
7338,73.38000000000063,0.9999999822703071
7339,73.39000000000064,0.999999982301772
7340,73.40000000000065,0.9999999823331804
7341,73.41000000000065,0.9999999823645326
7342,73.42000000000066,0.9999999823958283
7343,73.43000000000066,0.9999999824270679
7344,73.44000000000067,0.9999999824582513
7345,73.45000000000067,0.9999999824893787
7346,73.46000000000068,0.9999999825204503
7347,73.47000000000068,0.999999982551466
7348,73.48000000000069,0.9999999825824262
7349,73.49000000000069,0.9999999826133306
7350,73.5000000000007,0.9999999826441796
7351,73.5100000000007,0.9999999826749731
7352,73.5200000000007,0.9999999827057114
7353,73.53000000000071,0.9999999827363946
7354,73.54000000000072,0.9999999827670226
7355,73.55000000000072,0.9999999827975956
7356,73.56000000000073,0.9999999828281139
7357,73.57000000000073,0.9999999828585772
7358,73.58000000000074,0.9999999828889858
7359,73.59000000000074,0.99999998291934
7360,73.60000000000075,0.9999999829496397
7361,73.61000000000075,0.9999999829798849
7362,73.62000000000076,0.9999999830100759
7363,73.63000000000076,0.9999999830402126
7364,73.64000000000077,0.9999999830702953
7365,73.65000000000077,0.999999983100324
7366,73.66000000000078,0.9999999831302988
7367,73.67000000000078,0.9999999831602199
7368,73.68000000000079,0.9999999831900872
7369,73.6900000000008,0.9999999832199009
7370,73.7000000000008,0.9999999832496611
7371,73.7100000000008,0.999999983279368
7372,73.72000000000081,0.9999999833090215
7373,73.73000000000081,0.9999999833386218
7374,73.74000000000082,0.9999999833681691
7375,73.75000000000082,0.9999999833976634
7376,73.76000000000083,0.9999999834271046
7377,73.77000000000083,0.9999999834564931
7378,73.78000000000084,0.999999983485829
7379,73.79000000000084,0.9999999835151121
7380,73.80000000000085,0.9999999835443427
7381,73.81000000000085,0.9999999835735209
7382,73.82000000000086,0.9999999836026469
7383,73.83000000000087,0.9999999836317205
7384,73.84000000000087,0.9999999836607419
7385,73.85000000000088,0.9999999836897114
7386,73.86000000000088,0.9999999837186289
7387,73.87000000000089,0.9999999837474945
7388,73.88000000000089,0.9999999837763084
7389,73.8900000000009,0.9999999838050706
7390,73.9000000000009,0.9999999838337812
7391,73.9100000000009,0.9999999838624404
7392,73.92000000000091,0.9999999838910482
7393,73.93000000000092,0.9999999839196047
7394,73.94000000000092,0.99999998394811
7395,73.95000000000093,0.9999999839765641
7396,73.96000000000093,0.9999999840049673
7397,73.97000000000094,0.9999999840333195
7398,73.98000000000094,0.9999999840616209
7399,73.99000000000095,0.9999999840898716
7400,74.00000000000095,0.9999999841180717
7401,74.01000000000096,0.9999999841462212
7402,74.02000000000096,0.9999999841743202
7403,74.03000000000097,0.9999999842023689
7404,74.04000000000097,0.9999999842303673
7405,74.05000000000098,0.9999999842583156
7406,74.06000000000098,0.9999999842862137
7407,74.07000000000099,0.9999999843140619
7408,74.080000000001,0.9999999843418601
7409,74.090000000001,0.9999999843696086
7410,74.100000000001,0.9999999843973073
7411,74.11000000000101,0.9999999844249564
7412,74.12000000000101,0.999999984452556
7413,74.13000000000102,0.9999999844801061
7414,74.14000000000102,0.9999999845076069
7415,74.15000000000103,0.9999999845350582
7416,74.16000000000103,0.9999999845624605
7417,74.17000000000104,0.9999999845898138
7418,74.18000000000104,0.999999984617118
7419,74.19000000000105,0.9999999846443732
7420,74.20000000000105,0.9999999846715798
7421,74.21000000000106,0.9999999846987375
7422,74.22000000000106,0.9999999847258466
7423,74.23000000000107,0.9999999847529072
7424,74.24000000000107,0.9999999847799192
7425,74.25000000000108,0.9999999848068829
7426,74.26000000000109,0.9999999848337984
7427,74.27000000000109,0.9999999848606655
7428,74.2800000000011,0.9999999848874846
7429,74.2900000000011,0.9999999849142557
7430,74.3000000000011,0.9999999849409789
7431,74.31000000000111,0.9999999849676542
7432,74.32000000000112,0.9999999849942817
7433,74.33000000000112,0.9999999850208615
7434,74.34000000000113,0.9999999850473938
7435,74.35000000000113,0.9999999850738786
7436,74.36000000000114,0.999999985100316
7437,74.37000000000114,0.999999985126706
7438,74.38000000000115,0.9999999851530487
7439,74.39000000000115,0.9999999851793443
7440,74.40000000000116,0.9999999852055929
7441,74.41000000000116,0.9999999852317945
7442,74.42000000000117,0.9999999852579491
7443,74.43000000000117,0.999999985284057
7444,74.44000000000118,0.9999999853101181
7445,74.45000000000118,0.9999999853361327
7446,74.46000000000119,0.9999999853621006
7447,74.47000000000119,0.999999985388022
7448,74.4800000000012,0.9999999854138971
7449,74.4900000000012,0.9999999854397259
7450,74.50000000000121,0.9999999854655084
7451,74.51000000000121,0.9999999854912448
7452,74.52000000000122,0.9999999855169353
7453,74.53000000000122,0.9999999855425796
7454,74.54000000000123,0.9999999855681782
7455,74.55000000000123,0.9999999855937309
7456,74.56000000000124,0.9999999856192379
7457,74.57000000000124,0.9999999856446993
7458,74.58000000000125,0.9999999856701152
7459,74.59000000000125,0.9999999856954855
7460,74.60000000000126,0.9999999857208105
7461,74.61000000000126,0.9999999857460902
7462,74.62000000000127,0.9999999857713247
7463,74.63000000000127,0.9999999857965141
7464,74.64000000000128,0.9999999858216583
7465,74.65000000000128,0.9999999858467576
7466,74.66000000000129,0.999999985871812
7467,74.6700000000013,0.9999999858968217
7468,74.6800000000013,0.9999999859217866
7469,74.6900000000013,0.9999999859467069
7470,74.70000000000131,0.9999999859715826
7471,74.71000000000132,0.9999999859964138
7472,74.72000000000132,0.9999999860212007
7473,74.73000000000133,0.9999999860459432
7474,74.74000000000133,0.9999999860706414
7475,74.75000000000134,0.9999999860952955
7476,74.76000000000134,0.9999999861199056
7477,74.77000000000135,0.9999999861444716
7478,74.78000000000135,0.9999999861689938
7479,74.79000000000136,0.9999999861934721
7480,74.80000000000136,0.9999999862179066
7481,74.81000000000137,0.9999999862422975
7482,74.82000000000137,0.9999999862666448
7483,74.83000000000138,0.9999999862909486
7484,74.84000000000138,0.9999999863152088
7485,74.85000000000139,0.9999999863394258
7486,74.86000000000139,0.9999999863635994
7487,74.8700000000014,0.9999999863877299
7488,74.8800000000014,0.9999999864118173
7489,74.89000000000141,0.9999999864358616
7490,74.90000000000141,0.999999986459863
7491,74.91000000000142,0.9999999864838215
7492,74.92000000000142,0.9999999865077371
7493,74.93000000000143,0.99999998653161
7494,74.94000000000143,0.9999999865554403
7495,74.95000000000144,0.9999999865792281
7496,74.96000000000144,0.9999999866029732
7497,74.97000000000145,0.999999986626676
7498,74.98000000000145,0.9999999866503365
7499,74.99000000000146,0.9999999866739546
7500,75.00000000000146,0.9999999866975307
7501,75.01000000000147,0.9999999867210645
7502,75.02000000000147,0.9999999867445564
7503,75.03000000000148,0.9999999867680063
7504,75.04000000000148,0.9999999867914143
7505,75.05000000000149,0.9999999868147805
7506,75.0600000000015,0.999999986838105
7507,75.0700000000015,0.9999999868613878
7508,75.0800000000015,0.999999986884629
7509,75.09000000000151,0.9999999869078288
7510,75.10000000000151,0.9999999869309871
7511,75.11000000000152,0.9999999869541041
7512,75.12000000000153,0.9999999869771797
7513,75.13000000000153,0.9999999870002143
7514,75.14000000000154,0.9999999870232077
7515,75.15000000000154,0.99999998704616
7516,75.16000000000155,0.9999999870690713
7517,75.17000000000155,0.9999999870919418
7518,75.18000000000156,0.9999999871147714
7519,75.19000000000156,0.9999999871375602
7520,75.20000000000157,0.9999999871603085
7521,75.21000000000157,0.9999999871830161
7522,75.22000000000158,0.9999999872056832
7523,75.23000000000158,0.9999999872283097
7524,75.24000000000159,0.999999987250896
7525,75.25000000000159,0.9999999872734419
7526,75.2600000000016,0.9999999872959475
7527,75.2700000000016,0.9999999873184131
7528,75.2800000000016,0.9999999873408385
7529,75.29000000000161,0.9999999873632239
7530,75.30000000000162,0.9999999873855694
7531,75.31000000000162,0.999999987407875
7532,75.32000000000163,0.9999999874301408
7533,75.33000000000163,0.9999999874523668
7534,75.34000000000164,0.9999999874745533
7535,75.35000000000164,0.9999999874967002
7536,75.36000000000165,0.9999999875188075
7537,75.37000000000165,0.9999999875408754
7538,75.38000000000166,0.999999987562904
7539,75.39000000000166,0.9999999875848932
7540,75.40000000000167,0.9999999876068432
7541,75.41000000000167,0.9999999876287541
7542,75.42000000000168,0.9999999876506258
7543,75.43000000000168,0.9999999876724587
7544,75.44000000000169,0.9999999876942525
7545,75.4500000000017,0.9999999877160075
7546,75.4600000000017,0.9999999877377237
7547,75.4700000000017,0.9999999877594011
7548,75.48000000000171,0.9999999877810399
7549,75.49000000000171,0.9999999878026402
7550,75.50000000000172,0.9999999878242019
7551,75.51000000000172,0.9999999878457251
7552,75.52000000000173,0.99999998786721
7553,75.53000000000173,0.9999999878886566
7554,75.54000000000174,0.999999987910065
7555,75.55000000000175,0.9999999879314352
7556,75.56000000000175,0.9999999879527672
7557,75.57000000000176,0.9999999879740613
7558,75.58000000000176,0.9999999879953174
7559,75.59000000000177,0.9999999880165357
7560,75.60000000000177,0.9999999880377161
7561,75.61000000000178,0.9999999880588587
7562,75.62000000000178,0.9999999880799637
7563,75.63000000000179,0.9999999881010311
7564,75.64000000000179,0.9999999881220608
7565,75.6500000000018,0.9999999881430532
7566,75.6600000000018,0.9999999881640081
7567,75.6700000000018,0.9999999881849257
7568,75.68000000000181,0.999999988205806
7569,75.69000000000182,0.9999999882266492
7570,75.70000000000182,0.9999999882474552
7571,75.71000000000183,0.999999988268224
7572,75.72000000000183,0.999999988288956
7573,75.73000000000184,0.9999999883096509
7574,75.74000000000184,0.999999988330309
7575,75.75000000000185,0.9999999883509303
7576,75.76000000000185,0.9999999883715149
7577,75.77000000000186,0.9999999883920628
7578,75.78000000000186,0.9999999884125741
7579,75.79000000000187,0.9999999884330488
7580,75.80000000000187,0.9999999884534871
7581,75.81000000000188,0.999999988473889
7582,75.82000000000188,0.9999999884942546
7583,75.83000000000189,0.9999999885145839
7584,75.8400000000019,0.999999988534877
7585,75.8500000000019,0.999999988555134
7586,75.8600000000019,0.9999999885753549
7587,75.87000000000191,0.9999999885955397
7588,75.88000000000191,0.9999999886156887
7589,75.89000000000192,0.9999999886358018
7590,75.90000000000192,0.999999988655879
7591,75.91000000000193,0.9999999886759205
7592,75.92000000000193,0.9999999886959263
7593,75.93000000000194,0.9999999887158966
7594,75.94000000000194,0.9999999887358313
7595,75.95000000000195,0.9999999887557305
7596,75.96000000000195,0.9999999887755943
7597,75.97000000000196,0.9999999887954226
7598,75.98000000000197,0.9999999888152157
7599,75.99000000000197,0.9999999888349737
7600,76.00000000000198,0.9999999888546963
7601,76.01000000000198,0.9999999888743839
7602,76.02000000000199,0.9999999888940365
7603,76.03000000000199,0.9999999889136542
7604,76.040000000002,0.9999999889332368
7605,76.050000000002,0.9999999889527847
7606,76.060000000002,0.9999999889722978
7607,76.07000000000201,0.9999999889917761
7608,76.08000000000202,0.9999999890112199
7609,76.09000000000202,0.9999999890306289
7610,76.10000000000203,0.9999999890500035
7611,76.11000000000203,0.9999999890693436
7612,76.12000000000204,0.9999999890886493
7613,76.13000000000204,0.9999999891079207
7614,76.14000000000205,0.9999999891271577
7615,76.15000000000205,0.9999999891463606
7616,76.16000000000206,0.9999999891655293
7617,76.17000000000206,0.9999999891846639
7618,76.18000000000207,0.9999999892037645
7619,76.19000000000207,0.9999999892228311
7620,76.20000000000208,0.9999999892418638
7621,76.21000000000208,0.9999999892608626
7622,76.22000000000209,0.9999999892798277
7623,76.2300000000021,0.9999999892987591
7624,76.2400000000021,0.9999999893176568
7625,76.2500000000021,0.9999999893365208
7626,76.26000000000211,0.9999999893553514
7627,76.27000000000211,0.9999999893741485
7628,76.28000000000212,0.999999989392912
7629,76.29000000000212,0.9999999894116424
7630,76.30000000000213,0.9999999894303393
7631,76.31000000000213,0.999999989449003
7632,76.32000000000214,0.9999999894676337
7633,76.33000000000214,0.9999999894862311
7634,76.34000000000215,0.9999999895047955
7635,76.35000000000215,0.9999999895233269
7636,76.36000000000216,0.9999999895418253
7637,76.37000000000216,0.9999999895602909
7638,76.38000000000217,0.9999999895787237
7639,76.39000000000217,0.9999999895971237
7640,76.40000000000218,0.999999989615491
7641,76.41000000000219,0.9999999896338256
7642,76.42000000000219,0.9999999896521278
7643,76.4300000000022,0.9999999896703974
7644,76.4400000000022,0.9999999896886345
7645,76.4500000000022,0.9999999897068391
7646,76.46000000000221,0.9999999897250115
7647,76.47000000000222,0.9999999897431516
7648,76.48000000000222,0.9999999897612595
7649,76.49000000000223,0.9999999897793351
7650,76.50000000000223,0.9999999897973787
7651,76.51000000000224,0.9999999898153902
7652,76.52000000000224,0.9999999898333698
7653,76.53000000000225,0.9999999898513173
7654,76.54000000000225,0.999999989869233
7655,76.55000000000226,0.9999999898871169
7656,76.56000000000226,0.9999999899049691
7657,76.57000000000227,0.9999999899227895
7658,76.58000000000227,0.9999999899405783
7659,76.59000000000228,0.9999999899583355
7660,76.60000000000228,0.9999999899760611
7661,76.61000000000229,0.9999999899937553
7662,76.62000000000229,0.9999999900114181
7663,76.6300000000023,0.9999999900290495
7664,76.6400000000023,0.9999999900466496
7665,76.65000000000231,0.9999999900642185
7666,76.66000000000231,0.9999999900817561
7667,76.67000000000232,0.9999999900992627
7668,76.68000000000232,0.9999999901167381
7669,76.69000000000233,0.9999999901341826
7670,76.70000000000233,0.999999990151596
7671,76.71000000000234,0.9999999901689786
7672,76.72000000000234,0.9999999901863303
7673,76.73000000000235,0.9999999902036513
7674,76.74000000000235,0.9999999902209414
7675,76.75000000000236,0.9999999902382009
7676,76.76000000000236,0.9999999902554297
7677,76.77000000000237,0.999999990272628
7678,76.78000000000237,0.9999999902897958
7679,76.79000000000238,0.9999999903069331
7680,76.80000000000238,0.99999999032404
7681,76.81000000000239,0.9999999903411165
7682,76.8200000000024,0.9999999903581628
7683,76.8300000000024,0.9999999903751787
7684,76.8400000000024,0.9999999903921646
7685,76.85000000000241,0.9999999904091202
7686,76.86000000000242,0.9999999904260458
7687,76.87000000000242,0.9999999904429414
7688,76.88000000000243,0.999999990459807
7689,76.89000000000243,0.9999999904766428
7690,76.90000000000244,0.9999999904934486
7691,76.91000000000244,0.9999999905102246
7692,76.92000000000245,0.9999999905269709
7693,76.93000000000245,0.9999999905436875
7694,76.94000000000246,0.9999999905603744
7695,76.95000000000246,0.9999999905770317
7696,76.96000000000247,0.9999999905936595
7697,76.97000000000247,0.9999999906102578
7698,76.98000000000248,0.9999999906268268
7699,76.99000000000248,0.9999999906433662
7700,77.00000000000249,0.9999999906598764
7701,77.01000000000249,0.9999999906763574
7702,77.0200000000025,0.999999990692809
7703,77.0300000000025,0.9999999907092315
7704,77.04000000000251,0.999999990725625
7705,77.05000000000251,0.9999999907419893
7706,77.06000000000252,0.9999999907583247
7707,77.07000000000252,0.9999999907746311
7708,77.08000000000253,0.9999999907909086
7709,77.09000000000253,0.9999999908071572
7710,77.10000000000254,0.9999999908233771
7711,77.11000000000254,0.9999999908395681
7712,77.12000000000255,0.9999999908557305
7713,77.13000000000255,0.9999999908718643
7714,77.14000000000256,0.9999999908879695
7715,77.15000000000256,0.9999999909040461
7716,77.16000000000257,0.9999999909200943
7717,77.17000000000257,0.999999990936114
7718,77.18000000000258,0.9999999909521053
7719,77.19000000000258,0.9999999909680684
7720,77.20000000000259,0.9999999909840032
7721,77.2100000000026,0.9999999909999097
7722,77.2200000000026,0.999999991015788
7723,77.2300000000026,0.9999999910316382
7724,77.24000000000261,0.9999999910474603
7725,77.25000000000261,0.9999999910632543
7726,77.26000000000262,0.9999999910790205
7727,77.27000000000263,0.9999999910947587
7728,77.28000000000263,0.999999991110469
7729,77.29000000000264,0.9999999911261516
7730,77.30000000000264,0.9999999911418063
7731,77.31000000000265,0.9999999911574332
7732,77.32000000000265,0.9999999911730326
7733,77.33000000000266,0.9999999911886043
7734,77.34000000000266,0.9999999912041485
7735,77.35000000000267,0.9999999912196651
7736,77.36000000000267,0.9999999912351543
7737,77.37000000000268,0.999999991250616
7738,77.38000000000268,0.9999999912660503
7739,77.39000000000269,0.9999999912814573
7740,77.40000000000269,0.9999999912968371
7741,77.4100000000027,0.9999999913121896
7742,77.4200000000027,0.999999991327515
7743,77.4300000000027,0.9999999913428133
7744,77.44000000000271,0.9999999913580845
7745,77.45000000000272,0.9999999913733286
7746,77.46000000000272,0.9999999913885458
7747,77.47000000000273,0.999999991403736
7748,77.48000000000273,0.9999999914188993
7749,77.49000000000274,0.9999999914340358
7750,77.50000000000274,0.9999999914491455
7751,77.51000000000275,0.9999999914642286
7752,77.52000000000275,0.9999999914792849
7753,77.53000000000276,0.9999999914943145
7754,77.54000000000276,0.9999999915093176
7755,77.55000000000277,0.9999999915242942
7756,77.56000000000277,0.9999999915392442
7757,77.57000000000278,0.9999999915541679
7758,77.58000000000278,0.999999991569065
7759,77.59000000000279,0.9999999915839358
7760,77.6000000000028,0.9999999915987804
7761,77.6100000000028,0.9999999916135988
7762,77.6200000000028,0.9999999916283908
7763,77.63000000000281,0.9999999916431567
7764,77.64000000000281,0.9999999916578965
7765,77.65000000000282,0.9999999916726102
7766,77.66000000000282,0.999999991687298
7767,77.67000000000283,0.9999999917019597
7768,77.68000000000283,0.9999999917165956
7769,77.69000000000284,0.9999999917312056
7770,77.70000000000285,0.9999999917457897
7771,77.71000000000285,0.999999991760348
7772,77.72000000000286,0.9999999917748806
7773,77.73000000000286,0.9999999917893875
7774,77.74000000000287,0.9999999918038688
7775,77.75000000000287,0.9999999918183244
7776,77.76000000000288,0.9999999918327546
7777,77.77000000000288,0.9999999918471592
7778,77.78000000000289,0.9999999918615383
7779,77.79000000000289,0.9999999918758921
7780,77.8000000000029,0.9999999918902204
7781,77.8100000000029,0.9999999919045235
7782,77.8200000000029,0.9999999919188012
7783,77.83000000000291,0.9999999919330538
7784,77.84000000000292,0.9999999919472811
7785,77.85000000000292,0.9999999919614833
7786,77.86000000000293,0.9999999919756605
7787,77.87000000000293,0.9999999919898125
7788,77.88000000000294,0.9999999920039395
7789,77.89000000000294,0.9999999920180417
7790,77.90000000000295,0.9999999920321189
7791,77.91000000000295,0.9999999920461712
7792,77.92000000000296,0.9999999920601987
7793,77.93000000000296,0.9999999920742014
7794,77.94000000000297,0.9999999920881795
7795,77.95000000000297,0.9999999921021328
7796,77.96000000000298,0.9999999921160614
7797,77.97000000000298,0.9999999921299655
7798,77.98000000000299,0.9999999921438449
7799,77.990000000003,0.9999999921577
7800,78.000000000003,0.9999999921715306
7801,78.010000000003,0.9999999921853366
7802,78.02000000000301,0.9999999921991184
7803,78.03000000000301,0.9999999922128757
7804,78.04000000000302,0.9999999922266088
7805,78.05000000000302,0.9999999922403178
7806,78.06000000000303,0.9999999922540024
7807,78.07000000000303,0.9999999922676629
7808,78.08000000000304,0.9999999922812993
7809,78.09000000000304,0.9999999922949117
7810,78.10000000000305,0.9999999923084999
7811,78.11000000000305,0.9999999923220642
7812,78.12000000000306,0.9999999923356045
7813,78.13000000000306,0.9999999923491211
7814,78.14000000000307,0.9999999923626136
7815,78.15000000000308,0.9999999923760825
7816,78.16000000000308,0.9999999923895275
7817,78.17000000000309,0.9999999924029488
7818,78.18000000000309,0.9999999924163464
7819,78.1900000000031,0.9999999924297204
7820,78.2000000000031,0.9999999924430708
7821,78.2100000000031,0.9999999924563976
7822,78.22000000000311,0.999999992469701
7823,78.23000000000312,0.9999999924829808
7824,78.24000000000312,0.9999999924962372
7825,78.25000000000313,0.9999999925094702
7826,78.26000000000313,0.9999999925226799
7827,78.27000000000314,0.9999999925358664
7828,78.28000000000314,0.9999999925490295
7829,78.29000000000315,0.9999999925621694
7830,78.30000000000315,0.9999999925752862
7831,78.31000000000316,0.9999999925883798
7832,78.32000000000316,0.9999999926014502
7833,78.33000000000317,0.9999999926144977
7834,78.34000000000317,0.9999999926275221
7835,78.35000000000318,0.9999999926405237
7836,78.36000000000318,0.9999999926535023
7837,78.37000000000319,0.999999992666458
7838,78.3800000000032,0.9999999926793908
7839,78.3900000000032,0.9999999926923009
7840,78.4000000000032,0.9999999927051881
7841,78.41000000000321,0.9999999927180527
7842,78.42000000000321,0.9999999927308946
7843,78.43000000000322,0.9999999927437139
7844,78.44000000000322,0.9999999927565105
7845,78.45000000000323,0.9999999927692846
7846,78.46000000000323,0.9999999927820362
7847,78.47000000000324,0.9999999927947654
7848,78.48000000000324,0.999999992807472
7849,78.49000000000325,0.9999999928201563
7850,78.50000000000325,0.9999999928328183
7851,78.51000000000326,0.9999999928454578
7852,78.52000000000326,0.9999999928580752
7853,78.53000000000327,0.9999999928706703
7854,78.54000000000327,0.9999999928832433
7855,78.55000000000328,0.999999992895794
7856,78.56000000000328,0.9999999929083228
7857,78.57000000000329,0.9999999929208293
7858,78.5800000000033,0.9999999929333139
7859,78.5900000000033,0.9999999929457765
7860,78.6000000000033,0.9999999929582171
7861,78.61000000000331,0.9999999929706358
7862,78.62000000000332,0.9999999929830325
7863,78.63000000000332,0.9999999929954076
7864,78.64000000000333,0.9999999930077608
7865,78.65000000000333,0.9999999930200922
7866,78.66000000000334,0.999999993032402
7867,78.67000000000334,0.99999999304469
7868,78.68000000000335,0.9999999930569564
7869,78.69000000000335,0.9999999930692013
7870,78.70000000000336,0.9999999930814245
7871,78.71000000000336,0.9999999930936263
7872,78.72000000000337,0.9999999931058066
7873,78.73000000000337,0.9999999931179654
7874,78.74000000000338,0.9999999931301028
7875,78.75000000000338,0.9999999931422189
7876,78.76000000000339,0.9999999931543135
7877,78.77000000000339,0.999999993166387
7878,78.7800000000034,0.9999999931784391
7879,78.7900000000034,0.9999999931904702
7880,78.80000000000341,0.9999999932024799
7881,78.81000000000341,0.9999999932144685
7882,78.82000000000342,0.9999999932264362
7883,78.83000000000342,0.9999999932383826
7884,78.84000000000343,0.9999999932503081
7885,78.85000000000343,0.9999999932622126
7886,78.86000000000344,0.9999999932740962
7887,78.87000000000344,0.9999999932859588
7888,78.88000000000345,0.9999999932978005
7889,78.89000000000345,0.9999999933096215
7890,78.90000000000346,0.9999999933214216
7891,78.91000000000346,0.999999993333201
7892,78.92000000000347,0.9999999933449597
7893,78.93000000000347,0.9999999933566976
7894,78.94000000000348,0.9999999933684149
7895,78.95000000000348,0.9999999933801117
7896,78.96000000000349,0.9999999933917879
7897,78.9700000000035,0.9999999934034435
7898,78.9800000000035,0.9999999934150786
7899,78.9900000000035,0.9999999934266932
7900,79.00000000000351,0.9999999934382875
7901,79.01000000000352,0.9999999934498613
7902,79.02000000000352,0.9999999934614149
7903,79.03000000000353,0.999999993472948
7904,79.04000000000353,0.9999999934844609
7905,79.05000000000354,0.9999999934959536
7906,79.06000000000354,0.9999999935074261
7907,79.07000000000355,0.9999999935188784
7908,79.08000000000355,0.9999999935303105
7909,79.09000000000356,0.9999999935417226
7910,79.10000000000356,0.9999999935531146
7911,79.11000000000357,0.9999999935644865
7912,79.12000000000357,0.9999999935758386
7913,79.13000000000358,0.9999999935871706
7914,79.14000000000358,0.9999999935984828
7915,79.15000000000359,0.999999993609775
7916,79.16000000000359,0.9999999936210474
7917,79.1700000000036,0.9999999936323001
7918,79.1800000000036,0.9999999936435329
7919,79.19000000000361,0.999999993654746
7920,79.20000000000361,0.9999999936659394
7921,79.21000000000362,0.9999999936771131
7922,79.22000000000362,0.9999999936882672
7923,79.23000000000363,0.9999999936994017
7924,79.24000000000363,0.9999999937105166
7925,79.25000000000364,0.9999999937216121
7926,79.26000000000364,0.999999993732688
7927,79.27000000000365,0.9999999937437445
7928,79.28000000000365,0.9999999937547815
7929,79.29000000000366,0.9999999937657992
7930,79.30000000000366,0.9999999937767975
7931,79.31000000000367,0.9999999937877765
7932,79.32000000000367,0.9999999937987363
7933,79.33000000000368,0.9999999938096767
7934,79.34000000000368,0.999999993820598
7935,79.35000000000369,0.9999999938315002
7936,79.3600000000037,0.9999999938423831
7937,79.3700000000037,0.999999993853247
7938,79.3800000000037,0.9999999938640918
7939,79.39000000000371,0.9999999938749174
7940,79.40000000000371,0.9999999938857242
7941,79.41000000000372,0.999999993896512
7942,79.42000000000372,0.9999999939072808
7943,79.43000000000373,0.9999999939180307
7944,79.44000000000374,0.9999999939287618
7945,79.45000000000374,0.999999993939474
7946,79.46000000000375,0.9999999939501675
7947,79.47000000000375,0.9999999939608422
7948,79.48000000000376,0.9999999939714981
7949,79.49000000000376,0.9999999939821353
7950,79.50000000000377,0.999999993992754
7951,79.51000000000377,0.9999999940033538
7952,79.52000000000378,0.9999999940139352
7953,79.53000000000378,0.999999994024498
7954,79.54000000000379,0.9999999940350423
7955,79.55000000000379,0.9999999940455679
7956,79.5600000000038,0.9999999940560753
7957,79.5700000000038,0.9999999940665641
7958,79.5800000000038,0.9999999940770345
7959,79.59000000000381,0.9999999940874867
7960,79.60000000000382,0.9999999940979205
7961,79.61000000000382,0.999999994108336
7962,79.62000000000383,0.9999999941187331
7963,79.63000000000383,0.9999999941291121
7964,79.64000000000384,0.9999999941394728
7965,79.65000000000384,0.9999999941498154
7966,79.66000000000385,0.99999999416014
7967,79.67000000000385,0.9999999941704463
7968,79.68000000000386,0.9999999941807346
7969,79.69000000000386,0.9999999941910048
7970,79.70000000000387,0.9999999942012571
7971,79.71000000000387,0.9999999942114913
7972,79.72000000000388,0.9999999942217077
7973,79.73000000000388,0.9999999942319061
7974,79.74000000000389,0.9999999942420866
7975,79.7500000000039,0.9999999942522494
7976,79.7600000000039,0.9999999942623943
7977,79.7700000000039,0.9999999942725214
7978,79.78000000000391,0.9999999942826308
7979,79.79000000000391,0.9999999942927223
7980,79.80000000000392,0.9999999943027964
7981,79.81000000000392,0.9999999943128527
7982,79.82000000000393,0.9999999943228913
7983,79.83000000000393,0.9999999943329125
7984,79.84000000000394,0.9999999943429161
7985,79.85000000000394,0.9999999943529021
7986,79.86000000000395,0.9999999943628706
7987,79.87000000000396,0.9999999943728216
7988,79.88000000000396,0.9999999943827553
7989,79.89000000000397,0.9999999943926715
7990,79.90000000000397,0.9999999944025704
7991,79.91000000000398,0.9999999944124519
7992,79.92000000000398,0.9999999944223161
7993,79.93000000000399,0.999999994432163
7994,79.94000000000399,0.9999999944419928
7995,79.950000000004,0.9999999944518053
7996,79.960000000004,0.9999999944616006
7997,79.970000000004,0.9999999944713788
7998,79.98000000000401,0.9999999944811397
7999,79.99000000000402,0.9999999944908837
8000,80.00000000000402,0.9999999945006106
8001,80.01000000000403,0.9999999945103204
8002,80.02000000000403,0.9999999945200133
8003,80.03000000000404,0.9999999945296891
8004,80.04000000000404,0.9999999945393481
8005,80.05000000000405,0.9999999945489901
8006,80.06000000000405,0.9999999945586153
8007,80.07000000000406,0.9999999945682236
8008,80.08000000000406,0.9999999945778151
8009,80.09000000000407,0.9999999945873899
8010,80.10000000000407,0.9999999945969478
8011,80.11000000000408,0.999999994606489
8012,80.12000000000408,0.9999999946160135
8013,80.13000000000409,0.9999999946255215
8014,80.1400000000041,0.9999999946350127
8015,80.1500000000041,0.9999999946444873
8016,80.1600000000041,0.9999999946539454
8017,80.17000000000411,0.9999999946633868
8018,80.18000000000411,0.9999999946728119
8019,80.19000000000412,0.9999999946822203
8020,80.20000000000412,0.9999999946916124
8021,80.21000000000413,0.999999994700988
8022,80.22000000000413,0.9999999947103472
8023,80.23000000000414,0.99999999471969
8024,80.24000000000414,0.9999999947290166
8025,80.25000000000415,0.9999999947383268
8026,80.26000000000415,0.9999999947476207
8027,80.27000000000416,0.9999999947568984
8028,80.28000000000416,0.9999999947661597
8029,80.29000000000417,0.999999994775405
8030,80.30000000000418,0.9999999947846341
8031,80.31000000000418,0.999999994793847
8032,80.32000000000419,0.9999999948030439
8033,80.33000000000419,0.9999999948122246
8034,80.3400000000042,0.9999999948213893
8035,80.3500000000042,0.999999994830538
8036,80.3600000000042,0.9999999948396707
8037,80.37000000000421,0.9999999948487874
8038,80.38000000000422,0.9999999948578883
8039,80.39000000000422,0.9999999948669731
8040,80.40000000000423,0.9999999948760421
8041,80.41000000000423,0.9999999948850953
8042,80.42000000000424,0.9999999948941326
8043,80.43000000000424,0.9999999949031542
8044,80.44000000000425,0.99999999491216
8045,80.45000000000425,0.99999999492115
8046,80.46000000000426,0.9999999949301244
8047,80.47000000000426,0.999999994939083
8048,80.48000000000427,0.999999994948026
8049,80.49000000000427,0.9999999949569534
8050,80.50000000000428,0.9999999949658652
8051,80.51000000000428,0.9999999949747614
8052,80.52000000000429,0.9999999949836421
8053,80.53000000000429,0.9999999949925072
8054,80.5400000000043,0.999999995001357
8055,80.5500000000043,0.9999999950101912
8056,80.56000000000431,0.9999999950190099
8057,80.57000000000431,0.9999999950278133
8058,80.58000000000432,0.9999999950366014
8059,80.59000000000432,0.9999999950453741
8060,80.60000000000433,0.9999999950541314
8061,80.61000000000433,0.9999999950628735
8062,80.62000000000434,0.9999999950716003
8063,80.63000000000434,0.9999999950803119
8064,80.64000000000435,0.9999999950890083
8065,80.65000000000435,0.9999999950976894
8066,80.66000000000436,0.9999999951063554
8067,80.67000000000436,0.9999999951150064
8068,80.68000000000437,0.9999999951236421
8069,80.69000000000437,0.9999999951322629
8070,80.70000000000438,0.9999999951408686
8071,80.71000000000438,0.9999999951494591
8072,80.72000000000439,0.9999999951580348
8073,80.7300000000044,0.9999999951665955
8074,80.7400000000044,0.9999999951751413
8075,80.7500000000044,0.9999999951836721
8076,80.76000000000441,0.9999999951921881
8077,80.77000000000442,0.9999999952006892
8078,80.78000000000442,0.9999999952091755
8079,80.79000000000443,0.9999999952176469
8080,80.80000000000443,0.9999999952261036
8081,80.81000000000444,0.9999999952345455
8082,80.82000000000444,0.9999999952429728
8083,80.83000000000445,0.9999999952513853
8084,80.84000000000445,0.9999999952597831
8085,80.85000000000446,0.9999999952681663
8086,80.86000000000446,0.9999999952765348
8087,80.87000000000447,0.9999999952848888
8088,80.88000000000447,0.9999999952932281
8089,80.89000000000448,0.999999995301553
8090,80.90000000000448,0.9999999953098634
8091,80.91000000000449,0.9999999953181592
8092,80.92000000000449,0.9999999953264406
8093,80.9300000000045,0.9999999953347075
8094,80.9400000000045,0.99999999534296
8095,80.95000000000451,0.9999999953511981
8096,80.96000000000451,0.999999995359422
8097,80.97000000000452,0.9999999953676314
8098,80.98000000000452,0.9999999953758265
8099,80.99000000000453,0.9999999953840073
8100,81.00000000000453,0.9999999953921739
8101,81.01000000000454,0.9999999954003262
8102,81.02000000000454,0.9999999954084644
8103,81.03000000000455,0.9999999954165883
8104,81.04000000000455,0.9999999954246981
8105,81.05000000000456,0.9999999954327937
8106,81.06000000000456,0.9999999954408754
8107,81.07000000000457,0.9999999954489428
8108,81.08000000000457,0.9999999954569962
8109,81.09000000000458,0.9999999954650356
8110,81.10000000000458,0.999999995473061
8111,81.11000000000459,0.9999999954810723
8112,81.1200000000046,0.9999999954890698
8113,81.1300000000046,0.9999999954970533
8114,81.1400000000046,0.9999999955050228
8115,81.15000000000461,0.9999999955129786
8116,81.16000000000462,0.9999999955209204
8117,81.17000000000462,0.9999999955288484
8118,81.18000000000463,0.9999999955367627
8119,81.19000000000463,0.9999999955446631
8120,81.20000000000464,0.9999999955525498
8121,81.21000000000464,0.9999999955604227
8122,81.22000000000465,0.9999999955682819
8123,81.23000000000465,0.9999999955761275
8124,81.24000000000466,0.9999999955839594
8125,81.25000000000466,0.9999999955917775
8126,81.26000000000467,0.9999999955995822
8127,81.27000000000467,0.9999999956073733
8128,81.28000000000468,0.9999999956151507
8129,81.29000000000468,0.9999999956229146
8130,81.30000000000469,0.9999999956306651
8131,81.31000000000469,0.999999995638402
8132,81.3200000000047,0.9999999956461255
8133,81.3300000000047,0.9999999956538355
8134,81.34000000000471,0.9999999956615321
8135,81.35000000000471,0.9999999956692153
8136,81.36000000000472,0.9999999956768851
8137,81.37000000000472,0.9999999956845417
8138,81.38000000000473,0.9999999956921848
8139,81.39000000000473,0.9999999956998147
8140,81.40000000000474,0.9999999957074313
8141,81.41000000000474,0.9999999957150346
8142,81.42000000000475,0.9999999957226247
8143,81.43000000000475,0.9999999957302016
8144,81.44000000000476,0.9999999957377653
8145,81.45000000000476,0.9999999957453158
8146,81.46000000000477,0.9999999957528533
8147,81.47000000000477,0.9999999957603776
8148,81.48000000000478,0.9999999957678888
8149,81.49000000000478,0.999999995775387
8150,81.50000000000479,0.9999999957828721
8151,81.5100000000048,0.9999999957903442
8152,81.5200000000048,0.9999999957978033
8153,81.5300000000048,0.9999999958052495
8154,81.54000000000481,0.9999999958126826
8155,81.55000000000481,0.9999999958201029
8156,81.56000000000482,0.9999999958275102
8157,81.57000000000482,0.9999999958349047
8158,81.58000000000483,0.9999999958422863
8159,81.59000000000484,0.999999995849655
8160,81.60000000000484,0.999999995857011
8161,81.61000000000485,0.9999999958643543
8162,81.62000000000485,0.9999999958716846
8163,81.63000000000486,0.9999999958790023
8164,81.64000000000486,0.9999999958863073
8165,81.65000000000487,0.9999999958935996
8166,81.66000000000487,0.9999999959008792
8167,81.67000000000488,0.9999999959081461
8168,81.68000000000488,0.9999999959154003
8169,81.69000000000489,0.9999999959226421
8170,81.70000000000489,0.9999999959298712
8171,81.7100000000049,0.9999999959370878
8172,81.7200000000049,0.9999999959442918
8173,81.7300000000049,0.9999999959514833
8174,81.74000000000491,0.9999999959586623
8175,81.75000000000492,0.9999999959658288
8176,81.76000000000492,0.9999999959729828
8177,81.77000000000493,0.9999999959801245
8178,81.78000000000493,0.9999999959872538
8179,81.79000000000494,0.9999999959943706
8180,81.80000000000494,0.999999996001475
8181,81.81000000000495,0.9999999960085673
8182,81.82000000000495,0.999999996015647
8183,81.83000000000496,0.9999999960227146
8184,81.84000000000496,0.9999999960297699
8185,81.85000000000497,0.9999999960368129
8186,81.86000000000497,0.9999999960438437
8187,81.87000000000498,0.9999999960508622
8188,81.88000000000498,0.9999999960578686
8189,81.89000000000499,0.9999999960648628
8190,81.900000000005,0.9999999960718449
8191,81.910000000005,0.9999999960788148
8192,81.920000000005,0.9999999960857727
8193,81.93000000000501,0.9999999960927185
8194,81.94000000000501,0.9999999960996522
8195,81.95000000000502,0.9999999961065739
8196,81.96000000000502,0.9999999961134834
8197,81.97000000000503,0.9999999961203812
8198,81.98000000000503,0.9999999961272669
8199,81.99000000000504,0.9999999961341406
8200,82.00000000000504,0.9999999961410024
8201,82.01000000000505,0.9999999961478523
8202,82.02000000000506,0.9999999961546904
8203,82.03000000000506,0.9999999961615165
8204,82.04000000000507,0.9999999961683308
8205,82.05000000000507,0.9999999961751332
8206,82.06000000000508,0.9999999961819239
8207,82.07000000000508,0.9999999961887028
8208,82.08000000000509,0.99999999619547
8209,82.09000000000509,0.9999999962022253
8210,82.1000000000051,0.999999996208969
8211,82.1100000000051,0.999999996215701
8212,82.1200000000051,0.9999999962224213
8213,82.13000000000511,0.9999999962291299
8214,82.14000000000512,0.9999999962358269
8215,82.15000000000512,0.9999999962425122
8216,82.16000000000513,0.9999999962491861
8217,82.17000000000513,0.9999999962558482
8218,82.18000000000514,0.9999999962624989
8219,82.19000000000514,0.999999996269138
8220,82.20000000000515,0.9999999962757656
8221,82.21000000000515,0.9999999962823818
8222,82.22000000000516,0.9999999962889864
8223,82.23000000000516,0.9999999962955797
8224,82.24000000000517,0.9999999963021614
8225,82.25000000000517,0.9999999963087317
8226,82.26000000000518,0.9999999963152907
8227,82.27000000000518,0.9999999963218383
8228,82.28000000000519,0.9999999963283746
8229,82.2900000000052,0.9999999963348994
8230,82.3000000000052,0.999999996341413
8231,82.3100000000052,0.9999999963479154
8232,82.32000000000521,0.9999999963544064
8233,82.33000000000521,0.9999999963608862
8234,82.34000000000522,0.9999999963673547
8235,82.35000000000522,0.9999999963738121
8236,82.36000000000523,0.9999999963802582
8237,82.37000000000523,0.9999999963866932
8238,82.38000000000524,0.999999996393117
8239,82.39000000000524,0.9999999963995297
8240,82.40000000000525,0.9999999964059313
8241,82.41000000000525,0.9999999964123218
8242,82.42000000000526,0.9999999964187012
8243,82.43000000000526,0.9999999964250696
8244,82.44000000000527,0.9999999964314269
8245,82.45000000000528,0.9999999964377733
8246,82.46000000000528,0.9999999964441086
8247,82.47000000000529,0.9999999964504329
8248,82.48000000000529,0.9999999964567463
8249,82.4900000000053,0.9999999964630488
8250,82.5000000000053,0.9999999964693403
8251,82.5100000000053,0.999999996475621
8252,82.52000000000531,0.9999999964818909
8253,82.53000000000532,0.9999999964881497
8254,82.54000000000532,0.9999999964943979
8255,82.55000000000533,0.9999999965006351
8256,82.56000000000533,0.9999999965068616
8257,82.57000000000534,0.9999999965130772
8258,82.58000000000534,0.9999999965192821
8259,82.59000000000535,0.9999999965254763
8260,82.60000000000535,0.9999999965316597
8261,82.61000000000536,0.9999999965378324
8262,82.62000000000536,0.9999999965439945
8263,82.63000000000537,0.9999999965501459
8264,82.64000000000537,0.9999999965562867
8265,82.65000000000538,0.9999999965624168
8266,82.66000000000538,0.9999999965685362
8267,82.67000000000539,0.9999999965746452
8268,82.68000000000539,0.9999999965807435
8269,82.6900000000054,0.9999999965868313
8270,82.7000000000054,0.9999999965929085
8271,82.71000000000541,0.9999999965989752
8272,82.72000000000541,0.9999999966050315
8273,82.73000000000542,0.9999999966110772
8274,82.74000000000542,0.9999999966171125
8275,82.75000000000543,0.9999999966231373
8276,82.76000000000543,0.9999999966291517
8277,82.77000000000544,0.9999999966351558
8278,82.78000000000544,0.9999999966411494
8279,82.79000000000545,0.9999999966471327
8280,82.80000000000545,0.9999999966531056
8281,82.81000000000546,0.9999999966590681
8282,82.82000000000546,0.9999999966650204
8283,82.83000000000547,0.9999999966709623
8284,82.84000000000547,0.999999996676894
8285,82.85000000000548,0.9999999966828155
8286,82.86000000000548,0.9999999966887266
8287,82.87000000000549,0.9999999966946276
8288,82.8800000000055,0.9999999967005183
8289,82.8900000000055,0.9999999967063988
8290,82.9000000000055,0.9999999967122692
8291,82.91000000000551,0.9999999967181294
8292,82.92000000000552,0.9999999967239797
8293,82.93000000000552,0.9999999967298195
8294,82.94000000000553,0.9999999967356494
8295,82.95000000000553,0.9999999967414693
8296,82.96000000000554,0.999999996747279
8297,82.97000000000554,0.9999999967530787
8298,82.98000000000555,0.9999999967588684
8299,82.99000000000555,0.9999999967646481
8300,83.00000000000556,0.9999999967704177
8301,83.01000000000556,0.9999999967761775
8302,83.02000000000557,0.9999999967819272
8303,83.03000000000557,0.999999996787667
8304,83.04000000000558,0.9999999967933969
8305,83.05000000000558,0.9999999967991169
8306,83.06000000000559,0.999999996804827
8307,83.07000000000559,0.9999999968105272
8308,83.0800000000056,0.9999999968162177
8309,83.0900000000056,0.9999999968218982
8310,83.10000000000561,0.9999999968275689
8311,83.11000000000561,0.9999999968332298
8312,83.12000000000562,0.999999996838881
8313,83.13000000000562,0.9999999968445223
8314,83.14000000000563,0.999999996850154
8315,83.15000000000563,0.9999999968557759
8316,83.16000000000564,0.9999999968613881
8317,83.17000000000564,0.9999999968669906
8318,83.18000000000565,0.9999999968725835
8319,83.19000000000565,0.9999999968781665
8320,83.20000000000566,0.9999999968837401
8321,83.21000000000566,0.999999996889304
8322,83.22000000000567,0.9999999968948583
8323,83.23000000000567,0.999999996900403
8324,83.24000000000568,0.999999996905938
8325,83.25000000000568,0.9999999969114636
8326,83.26000000000569,0.9999999969169796
8327,83.2700000000057,0.9999999969224861
8328,83.2800000000057,0.999999996927983
8329,83.2900000000057,0.9999999969334705
8330,83.30000000000571,0.9999999969389485
8331,83.31000000000572,0.999999996944417
8332,83.32000000000572,0.9999999969498761
8333,83.33000000000573,0.9999999969553258
8334,83.34000000000573,0.999999996960766
8335,83.35000000000574,0.9999999969661969
8336,83.36000000000574,0.9999999969716185
8337,83.37000000000575,0.9999999969770306
8338,83.38000000000575,0.9999999969824334
8339,83.39000000000576,0.9999999969878268
8340,83.40000000000576,0.999999996993211
8341,83.41000000000577,0.9999999969985858
8342,83.42000000000577,0.9999999970039514
8343,83.43000000000578,0.9999999970093076
8344,83.44000000000578,0.9999999970146548
8345,83.45000000000579,0.9999999970199926
8346,83.46000000000579,0.9999999970253213
8347,83.4700000000058,0.9999999970306407
8348,83.4800000000058,0.9999999970359509
8349,83.49000000000581,0.999999997041252
8350,83.50000000000581,0.999999997046544
8351,83.51000000000582,0.9999999970518267
8352,83.52000000000582,0.9999999970571004
8353,83.53000000000583,0.9999999970623651
8354,83.54000000000583,0.9999999970676205
8355,83.55000000000584,0.999999997072867
8356,83.56000000000584,0.9999999970781044
8357,83.57000000000585,0.9999999970833328
8358,83.58000000000585,0.999999997088552
8359,83.59000000000586,0.9999999970937624
8360,83.60000000000586,0.9999999970989638
8361,83.61000000000587,0.9999999971041561
8362,83.62000000000587,0.9999999971093395
8363,83.63000000000588,0.999999997114514
8364,83.64000000000588,0.9999999971196796
8365,83.65000000000589,0.9999999971248362
8366,83.6600000000059,0.999999997129984
8367,83.6700000000059,0.9999999971351228
8368,83.6800000000059,0.9999999971402528
8369,83.69000000000591,0.999999997145374
8370,83.70000000000591,0.9999999971504863
8371,83.71000000000592,0.9999999971555898
8372,83.72000000000592,0.9999999971606846
8373,83.73000000000593,0.9999999971657705
8374,83.74000000000594,0.9999999971708476
8375,83.75000000000594,0.999999997175916
8376,83.76000000000595,0.9999999971809757
8377,83.77000000000595,0.9999999971860266
8378,83.78000000000596,0.9999999971910688
8379,83.79000000000596,0.9999999971961023
8380,83.80000000000597,0.9999999972011272
8381,83.81000000000597,0.9999999972061434
8382,83.82000000000598,0.999999997211151
8383,83.83000000000598,0.9999999972161498
8384,83.84000000000599,0.9999999972211402
8385,83.85000000000599,0.9999999972261219
8386,83.860000000006,0.999999997231095
8387,83.870000000006,0.9999999972360595
8388,83.880000000006,0.9999999972410155
8389,83.89000000000601,0.9999999972459629
8390,83.90000000000602,0.9999999972509018
8391,83.91000000000602,0.9999999972558322
8392,83.92000000000603,0.9999999972607542
8393,83.93000000000603,0.9999999972656676
8394,83.94000000000604,0.9999999972705725
8395,83.95000000000604,0.9999999972754691
8396,83.96000000000605,0.999999997280357
8397,83.97000000000605,0.9999999972852367
8398,83.98000000000606,0.999999997290108
8399,83.99000000000606,0.9999999972949708
8400,84.00000000000607,0.9999999972998252
8401,84.01000000000607,0.9999999973046714
8402,84.02000000000608,0.9999999973095092
8403,84.03000000000608,0.9999999973143385
8404,84.04000000000609,0.9999999973191597
8405,84.0500000000061,0.9999999973239724
8406,84.0600000000061,0.999999997328777
8407,84.0700000000061,0.9999999973335731
8408,84.08000000000611,0.9999999973383611
8409,84.09000000000611,0.9999999973431408
8410,84.10000000000612,0.9999999973479123
8411,84.11000000000612,0.9999999973526755
8412,84.12000000000613,0.9999999973574306
8413,84.13000000000613,0.9999999973621775
8414,84.14000000000614,0.9999999973669162
8415,84.15000000000614,0.9999999973716467
8416,84.16000000000615,0.9999999973763691
8417,84.17000000000616,0.9999999973810834
8418,84.18000000000616,0.9999999973857895
8419,84.19000000000617,0.9999999973904875
8420,84.20000000000617,0.9999999973951774
8421,84.21000000000618,0.9999999973998593
8422,84.22000000000618,0.9999999974045332
8423,84.23000000000619,0.9999999974091989
8424,84.24000000000619,0.9999999974138566
8425,84.2500000000062,0.9999999974185063
8426,84.2600000000062,0.999999997423148
8427,84.2700000000062,0.9999999974277817
8428,84.28000000000621,0.9999999974324074
8429,84.29000000000622,0.9999999974370252
8430,84.30000000000622,0.999999997441635
8431,84.31000000000623,0.9999999974462369
8432,84.32000000000623,0.9999999974508309
8433,84.33000000000624,0.9999999974554169
8434,84.34000000000624,0.9999999974599951
8435,84.35000000000625,0.9999999974645654
8436,84.36000000000625,0.9999999974691277
8437,84.37000000000626,0.9999999974736823
8438,84.38000000000626,0.999999997478229
8439,84.39000000000627,0.9999999974827679
8440,84.40000000000627,0.999999997487299
8441,84.41000000000628,0.9999999974918222
8442,84.42000000000628,0.9999999974963377
8443,84.43000000000629,0.9999999975008455
8444,84.4400000000063,0.9999999975053454
8445,84.4500000000063,0.9999999975098377
8446,84.4600000000063,0.9999999975143221
8447,84.47000000000631,0.999999997518799
8448,84.48000000000631,0.999999997523268
8449,84.49000000000632,0.9999999975277294
8450,84.50000000000632,0.999999997532183
8451,84.51000000000633,0.9999999975366292
8452,84.52000000000633,0.9999999975410675
8453,84.53000000000634,0.9999999975454983
8454,84.54000000000634,0.9999999975499214
8455,84.55000000000635,0.999999997554337
8456,84.56000000000635,0.9999999975587449
8457,84.57000000000636,0.9999999975631452
8458,84.58000000000636,0.999999997567538
8459,84.59000000000637,0.9999999975719231
8460,84.60000000000637,0.9999999975763009
8461,84.61000000000638,0.999999997580671
8462,84.62000000000639,0.9999999975850337
8463,84.63000000000639,0.9999999975893887
8464,84.6400000000064,0.9999999975937364
8465,84.6500000000064,0.9999999975980766
8466,84.6600000000064,0.9999999976024092
8467,84.67000000000641,0.9999999976067344
8468,84.68000000000642,0.9999999976110522
8469,84.69000000000642,0.9999999976153626
8470,84.70000000000643,0.9999999976196655
8471,84.71000000000643,0.9999999976239611
8472,84.72000000000644,0.9999999976282492
8473,84.73000000000644,0.99999999763253
8474,84.74000000000645,0.9999999976368035
8475,84.75000000000645,0.9999999976410695
8476,84.76000000000646,0.9999999976453283
8477,84.77000000000646,0.9999999976495797
8478,84.78000000000647,0.9999999976538237
8479,84.79000000000647,0.9999999976580606
8480,84.80000000000648,0.9999999976622901
8481,84.81000000000648,0.9999999976665124
8482,84.82000000000649,0.9999999976707273
8483,84.83000000000649,0.9999999976749351
8484,84.8400000000065,0.9999999976791356
8485,84.8500000000065,0.9999999976833289
8486,84.86000000000651,0.9999999976875149
8487,84.87000000000651,0.9999999976916938
8488,84.88000000000652,0.9999999976958656
8489,84.89000000000652,0.99999999770003
8490,84.90000000000653,0.9999999977041873
8491,84.91000000000653,0.9999999977083376
8492,84.92000000000654,0.9999999977124807
8493,84.93000000000654,0.9999999977166166
8494,84.94000000000655,0.9999999977207454
8495,84.95000000000655,0.9999999977248673
8496,84.96000000000656,0.9999999977289818
8497,84.97000000000656,0.9999999977330895
8498,84.98000000000657,0.99999999773719
8499,84.99000000000657,0.9999999977412835
8500,85.00000000000658,0.99999999774537
8501,85.01000000000658,0.9999999977494494
8502,85.02000000000659,0.9999999977535218
8503,85.0300000000066,0.9999999977575872
8504,85.0400000000066,0.9999999977616456
8505,85.0500000000066,0.999999997765697
8506,85.06000000000661,0.9999999977697415
8507,85.07000000000662,0.999999997773779
8508,85.08000000000662,0.9999999977778096
8509,85.09000000000663,0.9999999977818332
8510,85.10000000000663,0.99999999778585
8511,85.11000000000664,0.9999999977898598
8512,85.12000000000664,0.9999999977938627
8513,85.13000000000665,0.9999999977978589
8514,85.14000000000665,0.999999997801848
8515,85.15000000000666,0.9999999978058304
8516,85.16000000000666,0.9999999978098059
8517,85.17000000000667,0.9999999978137746
8518,85.18000000000667,0.9999999978177364
8519,85.19000000000668,0.9999999978216915
8520,85.20000000000668,0.9999999978256398
8521,85.21000000000669,0.9999999978295812
8522,85.22000000000669,0.9999999978335159
8523,85.2300000000067,0.9999999978374438
8524,85.2400000000067,0.999999997841365
8525,85.25000000000671,0.9999999978452794
8526,85.26000000000671,0.9999999978491871
8527,85.27000000000672,0.9999999978530881
8528,85.28000000000672,0.9999999978569825
8529,85.29000000000673,0.99999999786087
8530,85.30000000000673,0.9999999978647509
8531,85.31000000000674,0.9999999978686253
8532,85.32000000000674,0.9999999978724928
8533,85.33000000000675,0.9999999978763537
8534,85.34000000000675,0.9999999978802081
8535,85.35000000000676,0.9999999978840558
8536,85.36000000000676,0.9999999978878968
8537,85.37000000000677,0.9999999978917313
8538,85.38000000000677,0.9999999978955593
8539,85.39000000000678,0.9999999978993805
8540,85.40000000000678,0.9999999979031954
8541,85.41000000000679,0.9999999979070036
8542,85.4200000000068,0.9999999979108052
8543,85.4300000000068,0.9999999979146004
8544,85.4400000000068,0.999999997918389
8545,85.45000000000681,0.9999999979221711
8546,85.46000000000681,0.9999999979259467
8547,85.47000000000682,0.9999999979297158
8548,85.48000000000683,0.9999999979334785
8549,85.49000000000683,0.9999999979372346
8550,85.50000000000684,0.9999999979409844
8551,85.51000000000684,0.9999999979447277
8552,85.52000000000685,0.9999999979484645
8553,85.53000000000685,0.999999997952195
8554,85.54000000000686,0.999999997955919
8555,85.55000000000686,0.9999999979596367
8556,85.56000000000687,0.9999999979633479
8557,85.57000000000687,0.9999999979670527
8558,85.58000000000688,0.9999999979707512
8559,85.59000000000688,0.9999999979744435
8560,85.60000000000689,0.9999999979781292
8561,85.61000000000689,0.9999999979818087
8562,85.6200000000069,0.9999999979854819
8563,85.6300000000069,0.9999999979891487
8564,85.6400000000069,0.9999999979928094
8565,85.65000000000691,0.9999999979964636
8566,85.66000000000692,0.9999999980001116
8567,85.67000000000692,0.9999999980037533
8568,85.68000000000693,0.9999999980073888
8569,85.69000000000693,0.999999998011018
8570,85.70000000000694,0.999999998014641
8571,85.71000000000694,0.9999999980182578
8572,85.72000000000695,0.9999999980218683
8573,85.73000000000695,0.9999999980254727
8574,85.74000000000696,0.9999999980290709
8575,85.75000000000696,0.9999999980326629
8576,85.76000000000697,0.9999999980362487
8577,85.77000000000697,0.9999999980398283
8578,85.78000000000698,0.9999999980434019
8579,85.79000000000698,0.9999999980469693
8580,85.80000000000699,0.9999999980505305
8581,85.810000000007,0.9999999980540857
8582,85.820000000007,0.9999999980576346
8583,85.830000000007,0.9999999980611776
8584,85.84000000000701,0.9999999980647144
8585,85.85000000000701,0.9999999980682452
8586,85.86000000000702,0.99999999807177
8587,85.87000000000702,0.9999999980752886
8588,85.88000000000703,0.9999999980788012
8589,85.89000000000703,0.9999999980823078
8590,85.90000000000704,0.9999999980858083
8591,85.91000000000705,0.9999999980893028
8592,85.92000000000705,0.9999999980927914
8593,85.93000000000706,0.9999999980962739
8594,85.94000000000706,0.9999999980997506
8595,85.95000000000707,0.9999999981032212
8596,85.96000000000707,0.9999999981066858
8597,85.97000000000708,0.9999999981101445
8598,85.98000000000708,0.9999999981135972
8599,85.99000000000709,0.9999999981170441
8600,86.00000000000709,0.9999999981204849
8601,86.0100000000071,0.9999999981239199
8602,86.0200000000071,0.9999999981273491
8603,86.0300000000071,0.9999999981307722
8604,86.04000000000711,0.9999999981341896
8605,86.05000000000712,0.999999998137601
8606,86.06000000000712,0.9999999981410066
8607,86.07000000000713,0.9999999981444063
8608,86.08000000000713,0.9999999981478003
8609,86.09000000000714,0.9999999981511883
8610,86.10000000000714,0.9999999981545706
8611,86.11000000000715,0.999999998157947
8612,86.12000000000715,0.9999999981613177
8613,86.13000000000716,0.9999999981646825
8614,86.14000000000716,0.9999999981680416
8615,86.15000000000717,0.999999998171395
8616,86.16000000000717,0.9999999981747426
8617,86.17000000000718,0.9999999981780844
8618,86.18000000000718,0.9999999981814205
8619,86.19000000000719,0.9999999981847508
8620,86.2000000000072,0.9999999981880754
8621,86.2100000000072,0.9999999981913943
8622,86.2200000000072,0.9999999981947075
8623,86.23000000000721,0.9999999981980151
8624,86.24000000000721,0.9999999982013169
8625,86.25000000000722,0.999999998204613
8626,86.26000000000722,0.9999999982079035
8627,86.27000000000723,0.9999999982111885
8628,86.28000000000723,0.9999999982144676
8629,86.29000000000724,0.9999999982177412
8630,86.30000000000724,0.9999999982210092
8631,86.31000000000725,0.9999999982242715
8632,86.32000000000725,0.9999999982275283
8633,86.33000000000726,0.9999999982307795
8634,86.34000000000727,0.999999998234025
8635,86.35000000000727,0.999999998237265
8636,86.36000000000728,0.9999999982404995
8637,86.37000000000728,0.9999999982437283
8638,86.38000000000729,0.9999999982469516
8639,86.39000000000729,0.9999999982501694
8640,86.4000000000073,0.9999999982533817
8641,86.4100000000073,0.9999999982565885
8642,86.4200000000073,0.9999999982597897
8643,86.43000000000731,0.9999999982629854
8644,86.44000000000732,0.9999999982661757
8645,86.45000000000732,0.9999999982693604
8646,86.46000000000733,0.9999999982725397
8647,86.47000000000733,0.9999999982757135
8648,86.48000000000734,0.999999998278882
8649,86.49000000000734,0.9999999982820449
8650,86.50000000000735,0.9999999982852024
8651,86.51000000000735,0.9999999982883545
8652,86.52000000000736,0.9999999982915012
8653,86.53000000000736,0.9999999982946425
8654,86.54000000000737,0.9999999982977783
8655,86.55000000000737,0.9999999983009088
8656,86.56000000000738,0.9999999983040339
8657,86.57000000000738,0.9999999983071536
8658,86.58000000000739,0.999999998310268
8659,86.5900000000074,0.999999998313377
8660,86.6000000000074,0.9999999983164807
8661,86.6100000000074,0.9999999983195791
8662,86.62000000000741,0.9999999983226721
8663,86.63000000000741,0.9999999983257598
8664,86.64000000000742,0.9999999983288422
8665,86.65000000000742,0.9999999983319193
8666,86.66000000000743,0.9999999983349912
8667,86.67000000000743,0.9999999983380577
8668,86.68000000000744,0.999999998341119
8669,86.69000000000744,0.9999999983441751
8670,86.70000000000745,0.9999999983472259
8671,86.71000000000745,0.9999999983502713
8672,86.72000000000746,0.9999999983533117
8673,86.73000000000746,0.9999999983563467
8674,86.74000000000747,0.9999999983593766
8675,86.75000000000747,0.9999999983624013
8676,86.76000000000748,0.9999999983654208
8677,86.77000000000749,0.999999998368435
8678,86.78000000000749,0.999999998371444
8679,86.7900000000075,0.999999998374448
8680,86.8000000000075,0.9999999983774467
8681,86.8100000000075,0.9999999983804403
8682,86.82000000000751,0.9999999983834288
8683,86.83000000000752,0.9999999983864121
8684,86.84000000000752,0.9999999983893904
8685,86.85000000000753,0.9999999983923634
8686,86.86000000000753,0.9999999983953314
8687,86.87000000000754,0.9999999983982942
8688,86.88000000000754,0.999999998401252
8689,86.89000000000755,0.9999999984042047
8690,86.90000000000755,0.9999999984071523
8691,86.91000000000756,0.9999999984100949
8692,86.92000000000756,0.9999999984130323
8693,86.93000000000757,0.9999999984159648
8694,86.94000000000757,0.9999999984188922
8695,86.95000000000758,0.9999999984218145
8696,86.96000000000758,0.999999998424732
8697,86.97000000000759,0.9999999984276442
8698,86.98000000000759,0.9999999984305515
8699,86.9900000000076,0.9999999984334539
8700,87.0000000000076,0.9999999984363512
8701,87.01000000000761,0.9999999984392436
8702,87.02000000000761,0.999999998442131
8703,87.03000000000762,0.9999999984450134
8704,87.04000000000762,0.9999999984478909
8705,87.05000000000763,0.9999999984507634
8706,87.06000000000763,0.999999998453631
8707,87.07000000000764,0.9999999984564937
8708,87.08000000000764,0.9999999984593514
8709,87.09000000000765,0.9999999984622042
8710,87.10000000000765,0.9999999984650522
8711,87.11000000000766,0.9999999984678951
8712,87.12000000000766,0.9999999984707333
8713,87.13000000000767,0.9999999984735665
8714,87.14000000000767,0.9999999984763949
8715,87.15000000000768,0.9999999984792184
8716,87.16000000000768,0.999999998482037
8717,87.17000000000769,0.9999999984848509
8718,87.1800000000077,0.9999999984876599
8719,87.1900000000077,0.999999998490464
8720,87.2000000000077,0.9999999984932633
8721,87.21000000000771,0.9999999984960578
8722,87.22000000000772,0.9999999984988475
8723,87.23000000000772,0.9999999985016323
8724,87.24000000000773,0.9999999985044125
8725,87.25000000000773,0.9999999985071878
8726,87.26000000000774,0.9999999985099584
8727,87.27000000000774,0.9999999985127241
8728,87.28000000000775,0.9999999985154852
8729,87.29000000000775,0.9999999985182415
8730,87.30000000000776,0.999999998520993
8731,87.31000000000776,0.9999999985237398
8732,87.32000000000777,0.9999999985264819
8733,87.33000000000777,0.9999999985292193
8734,87.34000000000778,0.9999999985319519
8735,87.35000000000778,0.9999999985346799
8736,87.36000000000779,0.9999999985374031
8737,87.37000000000779,0.9999999985401217
8738,87.3800000000078,0.9999999985428356
8739,87.3900000000078,0.9999999985455448
8740,87.40000000000781,0.9999999985482494
8741,87.41000000000781,0.9999999985509492
8742,87.42000000000782,0.9999999985536445
8743,87.43000000000782,0.9999999985563351
8744,87.44000000000783,0.9999999985590211
8745,87.45000000000783,0.9999999985617025
8746,87.46000000000784,0.9999999985643793
8747,87.47000000000784,0.9999999985670515
8748,87.48000000000785,0.999999998569719
8749,87.49000000000785,0.999999998572382
8750,87.50000000000786,0.9999999985750403
8751,87.51000000000786,0.9999999985776942
8752,87.52000000000787,0.9999999985803434
8753,87.53000000000787,0.999999998582988
8754,87.54000000000788,0.9999999985856282
8755,87.55000000000788,0.9999999985882637
8756,87.56000000000789,0.9999999985908947
8757,87.5700000000079,0.9999999985935213
8758,87.5800000000079,0.9999999985961432
8759,87.5900000000079,0.9999999985987607
8760,87.60000000000791,0.9999999986013737
8761,87.61000000000791,0.9999999986039821
8762,87.62000000000792,0.9999999986065861
8763,87.63000000000793,0.9999999986091855
8764,87.64000000000793,0.9999999986117806
8765,87.65000000000794,0.9999999986143712
8766,87.66000000000794,0.9999999986169572
8767,87.67000000000795,0.9999999986195388
8768,87.68000000000795,0.999999998622116
8769,87.69000000000796,0.9999999986246888
8770,87.70000000000796,0.9999999986272571
8771,87.71000000000797,0.9999999986298209
8772,87.72000000000797,0.9999999986323804
8773,87.73000000000798,0.9999999986349355
8774,87.74000000000798,0.9999999986374861
8775,87.75000000000799,0.9999999986400324
8776,87.76000000000799,0.9999999986425743
8777,87.770000000008,0.9999999986451118
8778,87.780000000008,0.9999999986476449
8779,87.790000000008,0.9999999986501736
8780,87.80000000000801,0.9999999986526981
8781,87.81000000000802,0.9999999986552182
8782,87.82000000000802,0.9999999986577338
8783,87.83000000000803,0.9999999986602452
8784,87.84000000000803,0.9999999986627522
8785,87.85000000000804,0.999999998665255
8786,87.86000000000804,0.9999999986677534
8787,87.87000000000805,0.9999999986702475
8788,87.88000000000805,0.9999999986727373
8789,87.89000000000806,0.9999999986752228
8790,87.90000000000806,0.9999999986777041
8791,87.91000000000807,0.999999998680181
8792,87.92000000000807,0.9999999986826537
8793,87.93000000000808,0.9999999986851221
8794,87.94000000000808,0.9999999986875863
8795,87.95000000000809,0.9999999986900462
8796,87.9600000000081,0.9999999986925019
8797,87.9700000000081,0.9999999986949533
8798,87.9800000000081,0.9999999986974005
8799,87.99000000000811,0.9999999986998435
8800,88.00000000000811,0.9999999987022823
8801,88.01000000000812,0.9999999987047168
8802,88.02000000000812,0.9999999987071472
8803,88.03000000000813,0.9999999987095733
8804,88.04000000000813,0.9999999987119954
8805,88.05000000000814,0.9999999987144133
8806,88.06000000000815,0.9999999987168269
8807,88.07000000000815,0.9999999987192363
8808,88.08000000000816,0.9999999987216417
8809,88.09000000000816,0.9999999987240429
8810,88.10000000000817,0.9999999987264399
8811,88.11000000000817,0.9999999987288327
8812,88.12000000000818,0.9999999987312215
8813,88.13000000000818,0.9999999987336061
8814,88.14000000000819,0.9999999987359867
8815,88.15000000000819,0.9999999987383631
8816,88.1600000000082,0.9999999987407354
8817,88.1700000000082,0.9999999987431036
8818,88.1800000000082,0.9999999987454679
8819,88.19000000000821,0.9999999987478279
8820,88.20000000000822,0.9999999987501839
8821,88.21000000000822,0.9999999987525358
8822,88.22000000000823,0.9999999987548837
8823,88.23000000000823,0.9999999987572274
8824,88.24000000000824,0.9999999987595671
8825,88.25000000000824,0.9999999987619029
8826,88.26000000000825,0.9999999987642346
8827,88.27000000000825,0.9999999987665622
8828,88.28000000000826,0.9999999987688859
8829,88.29000000000826,0.9999999987712055
8830,88.30000000000827,0.9999999987735211
8831,88.31000000000827,0.9999999987758327
8832,88.32000000000828,0.9999999987781404
8833,88.33000000000828,0.999999998780444
8834,88.34000000000829,0.9999999987827437
8835,88.3500000000083,0.9999999987850393
8836,88.3600000000083,0.999999998787331
8837,88.3700000000083,0.9999999987896189
8838,88.38000000000831,0.9999999987919026
8839,88.39000000000831,0.9999999987941824
8840,88.40000000000832,0.9999999987964584
8841,88.41000000000832,0.9999999987987304
8842,88.42000000000833,0.9999999988009984
8843,88.43000000000833,0.9999999988032626
8844,88.44000000000834,0.9999999988055228
8845,88.45000000000834,0.9999999988077791
8846,88.46000000000835,0.9999999988100315
8847,88.47000000000835,0.9999999988122801
8848,88.48000000000836,0.9999999988145247
8849,88.49000000000837,0.9999999988167655
8850,88.50000000000837,0.9999999988190024
8851,88.51000000000838,0.9999999988212354
8852,88.52000000000838,0.9999999988234646
8853,88.53000000000839,0.9999999988256898
8854,88.54000000000839,0.9999999988279112
8855,88.5500000000084,0.9999999988301289
8856,88.5600000000084,0.9999999988323427
8857,88.5700000000084,0.9999999988345526
8858,88.58000000000841,0.9999999988367587
8859,88.59000000000842,0.9999999988389611
8860,88.60000000000842,0.9999999988411595
8861,88.61000000000843,0.9999999988433542
8862,88.62000000000843,0.9999999988455451
8863,88.63000000000844,0.9999999988477322
8864,88.64000000000844,0.9999999988499155
8865,88.65000000000845,0.999999998852095
8866,88.66000000000845,0.9999999988542708
8867,88.67000000000846,0.9999999988564429
8868,88.68000000000846,0.999999998858611
8869,88.69000000000847,0.9999999988607755
8870,88.70000000000847,0.9999999988629363
8871,88.71000000000848,0.9999999988650933
8872,88.72000000000848,0.9999999988672466
8873,88.73000000000849,0.9999999988693961
8874,88.7400000000085,0.9999999988715419
8875,88.7500000000085,0.999999998873684
8876,88.7600000000085,0.9999999988758224
8877,88.77000000000851,0.9999999988779571
8878,88.78000000000851,0.9999999988800881
8879,88.79000000000852,0.9999999988822154
8880,88.80000000000852,0.999999998884339
8881,88.81000000000853,0.9999999988864589
8882,88.82000000000853,0.9999999988885752
8883,88.83000000000854,0.9999999988906877
8884,88.84000000000854,0.9999999988927967
8885,88.85000000000855,0.999999998894902
8886,88.86000000000855,0.9999999988970035
8887,88.87000000000856,0.9999999988991015
8888,88.88000000000856,0.9999999989011958
8889,88.89000000000857,0.9999999989032866
8890,88.90000000000857,0.9999999989053737
8891,88.91000000000858,0.9999999989074572
8892,88.92000000000859,0.9999999989095371
8893,88.93000000000859,0.9999999989116133
8894,88.9400000000086,0.999999998913686
8895,88.9500000000086,0.999999998915755
8896,88.9600000000086,0.9999999989178204
8897,88.97000000000861,0.9999999989198823
8898,88.98000000000862,0.9999999989219407
8899,88.99000000000862,0.9999999989239954
8900,89.00000000000863,0.9999999989260466
8901,89.01000000000863,0.9999999989280942
8902,89.02000000000864,0.9999999989301382
8903,89.03000000000864,0.9999999989321788
8904,89.04000000000865,0.9999999989342158
8905,89.05000000000865,0.9999999989362492
8906,89.06000000000866,0.9999999989382792
8907,89.07000000000866,0.9999999989403056
8908,89.08000000000867,0.9999999989423284
8909,89.09000000000867,0.9999999989443478
8910,89.10000000000868,0.9999999989463636
8911,89.11000000000868,0.999999998948376
8912,89.12000000000869,0.9999999989503848
8913,89.13000000000869,0.9999999989523902
8914,89.1400000000087,0.9999999989543922
8915,89.1500000000087,0.9999999989563906
8916,89.16000000000871,0.9999999989583855
8917,89.17000000000871,0.999999998960377
8918,89.18000000000872,0.999999998962365
8919,89.19000000000872,0.9999999989643495
8920,89.20000000000873,0.9999999989663307
8921,89.21000000000873,0.9999999989683084
8922,89.22000000000874,0.9999999989702826
8923,89.23000000000874,0.9999999989722534
8924,89.24000000000875,0.9999999989742208
8925,89.25000000000875,0.9999999989761847
8926,89.26000000000876,0.9999999989781453
8927,89.27000000000876,0.9999999989801025
8928,89.28000000000877,0.9999999989820562
8929,89.29000000000877,0.9999999989840065
8930,89.30000000000878,0.9999999989859535
8931,89.31000000000878,0.999999998987897
8932,89.32000000000879,0.9999999989898373
8933,89.3300000000088,0.999999998991774
8934,89.3400000000088,0.9999999989937075
8935,89.3500000000088,0.9999999989956375
8936,89.36000000000881,0.9999999989975643
8937,89.37000000000882,0.9999999989994877
8938,89.38000000000882,0.9999999990014077
8939,89.39000000000883,0.9999999990033244
8940,89.40000000000883,0.9999999990052377
8941,89.41000000000884,0.9999999990071478
8942,89.42000000000884,0.9999999990090545
8943,89.43000000000885,0.9999999990109578
8944,89.44000000000885,0.9999999990128579
8945,89.45000000000886,0.9999999990147546
8946,89.46000000000886,0.999999999016648
8947,89.47000000000887,0.9999999990185382
8948,89.48000000000887,0.999999999020425
8949,89.49000000000888,0.9999999990223086
8950,89.50000000000888,0.9999999990241889
8951,89.51000000000889,0.999999999026066
8952,89.52000000000889,0.9999999990279397
8953,89.5300000000089,0.9999999990298102
8954,89.5400000000089,0.9999999990316774
8955,89.55000000000891,0.9999999990335413
8956,89.56000000000891,0.999999999035402
8957,89.57000000000892,0.9999999990372596
8958,89.58000000000892,0.9999999990391139
8959,89.59000000000893,0.9999999990409648
8960,89.60000000000893,0.9999999990428126
8961,89.61000000000894,0.9999999990446572
8962,89.62000000000894,0.9999999990464985
8963,89.63000000000895,0.9999999990483366
8964,89.64000000000895,0.9999999990501716
8965,89.65000000000896,0.9999999990520033
8966,89.66000000000896,0.9999999990538319
8967,89.67000000000897,0.9999999990556572
8968,89.68000000000897,0.9999999990574793
8969,89.69000000000898,0.9999999990592983
8970,89.70000000000898,0.999999999061114
8971,89.71000000000899,0.9999999990629267
8972,89.720000000009,0.9999999990647362
8973,89.730000000009,0.9999999990665425
8974,89.740000000009,0.9999999990683457
8975,89.75000000000901,0.9999999990701457
8976,89.76000000000901,0.9999999990719426
8977,89.77000000000902,0.9999999990737363
8978,89.78000000000903,0.9999999990755268
8979,89.79000000000903,0.9999999990773143
8980,89.80000000000904,0.9999999990790986
8981,89.81000000000904,0.9999999990808799
8982,89.82000000000905,0.999999999082658
8983,89.83000000000905,0.999999999084433
8984,89.84000000000906,0.999999999086205
8985,89.85000000000906,0.9999999990879738
8986,89.86000000000907,0.9999999990897395
8987,89.87000000000907,0.9999999990915022
8988,89.88000000000908,0.9999999990932618
8989,89.89000000000908,0.9999999990950182
8990,89.90000000000909,0.9999999990967716
8991,89.91000000000909,0.999999999098522
8992,89.9200000000091,0.9999999991002693
8993,89.9300000000091,0.9999999991020134
8994,89.9400000000091,0.9999999991037546
8995,89.95000000000911,0.9999999991054928
8996,89.96000000000912,0.9999999991072278
8997,89.97000000000912,0.9999999991089599
8998,89.98000000000913,0.9999999991106889
8999,89.99000000000913,0.9999999991124149
9000,90.00000000000914,0.999999999114138
9001,90.01000000000914,0.9999999991158579
9002,90.02000000000915,0.9999999991175749
9003,90.03000000000915,0.9999999991192887
9004,90.04000000000916,0.9999999991209997
9005,90.05000000000916,0.9999999991227077
9006,90.06000000000917,0.9999999991244126
9007,90.07000000000917,0.9999999991261146
9008,90.08000000000918,0.9999999991278136
9009,90.09000000000918,0.9999999991295095
9010,90.10000000000919,0.9999999991312026
9011,90.1100000000092,0.9999999991328927
9012,90.1200000000092,0.9999999991345798
9013,90.1300000000092,0.9999999991362639
9014,90.14000000000921,0.9999999991379451
9015,90.15000000000921,0.9999999991396235
9016,90.16000000000922,0.9999999991412988
9017,90.17000000000922,0.9999999991429711
9018,90.18000000000923,0.9999999991446406
9019,90.19000000000923,0.9999999991463071
9020,90.20000000000924,0.9999999991479707
9021,90.21000000000925,0.9999999991496313
9022,90.22000000000925,0.9999999991512891
9023,90.23000000000926,0.999999999152944
9024,90.24000000000926,0.9999999991545959
9025,90.25000000000927,0.9999999991562449
9026,90.26000000000927,0.9999999991578912
9027,90.27000000000928,0.9999999991595344
9028,90.28000000000928,0.9999999991611748
9029,90.29000000000929,0.9999999991628122
9030,90.30000000000929,0.9999999991644469
9031,90.3100000000093,0.9999999991660786
9032,90.3200000000093,0.9999999991677075
9033,90.3300000000093,0.9999999991693336
9034,90.34000000000931,0.9999999991709567
9035,90.35000000000932,0.9999999991725771
9036,90.36000000000932,0.9999999991741946
9037,90.37000000000933,0.9999999991758092
9038,90.38000000000933,0.999999999177421
9039,90.39000000000934,0.9999999991790299
9040,90.40000000000934,0.9999999991806361
9041,90.41000000000935,0.9999999991822394
9042,90.42000000000935,0.9999999991838399
9043,90.43000000000936,0.9999999991854376
9044,90.44000000000936,0.9999999991870324
9045,90.45000000000937,0.9999999991886245
9046,90.46000000000937,0.9999999991902138
9047,90.47000000000938,0.9999999991918003
9048,90.48000000000938,0.9999999991933839
9049,90.49000000000939,0.9999999991949647
9050,90.5000000000094,0.9999999991965429
9051,90.5100000000094,0.9999999991981182
9052,90.5200000000094,0.9999999991996907
9053,90.53000000000941,0.9999999992012606
9054,90.54000000000941,0.9999999992028276
9055,90.55000000000942,0.9999999992043919
9056,90.56000000000942,0.9999999992059534
9057,90.57000000000943,0.9999999992075121
9058,90.58000000000943,0.9999999992090681
9059,90.59000000000944,0.9999999992106213
9060,90.60000000000944,0.9999999992121719
9061,90.61000000000945,0.9999999992137197
9062,90.62000000000945,0.9999999992152648
9063,90.63000000000946,0.9999999992168072
9064,90.64000000000946,0.9999999992183467
9065,90.65000000000947,0.9999999992198837
9066,90.66000000000948,0.9999999992214179
9067,90.67000000000948,0.9999999992229494
9068,90.68000000000949,0.9999999992244781
9069,90.69000000000949,0.9999999992260042
9070,90.7000000000095,0.9999999992275277
9071,90.7100000000095,0.9999999992290484
9072,90.7200000000095,0.9999999992305664
9073,90.73000000000951,0.9999999992320818
9074,90.74000000000952,0.9999999992335945
9075,90.75000000000952,0.9999999992351045
9076,90.76000000000953,0.9999999992366118
9077,90.77000000000953,0.9999999992381164
9078,90.78000000000954,0.9999999992396186
9079,90.79000000000954,0.9999999992411179
9080,90.80000000000955,0.9999999992426146
9081,90.81000000000955,0.9999999992441087
9082,90.82000000000956,0.9999999992456001
9083,90.83000000000956,0.9999999992470889
9084,90.84000000000957,0.9999999992485751
9085,90.85000000000957,0.9999999992500587
9086,90.86000000000958,0.9999999992515396
9087,90.87000000000958,0.9999999992530179
9088,90.88000000000959,0.9999999992544936
9089,90.8900000000096,0.9999999992559666
9090,90.9000000000096,0.9999999992574371
9091,90.9100000000096,0.999999999258905
9092,90.92000000000961,0.9999999992603703
9093,90.93000000000961,0.9999999992618329
9094,90.94000000000962,0.9999999992632931
9095,90.95000000000962,0.9999999992647506
9096,90.96000000000963,0.9999999992662055
9097,90.97000000000963,0.9999999992676578
9098,90.98000000000964,0.9999999992691077
9099,90.99000000000964,0.9999999992705548
9100,91.00000000000965,0.9999999992719995
9101,91.01000000000965,0.9999999992734415
9102,91.02000000000966,0.9999999992748811
9103,91.03000000000966,0.9999999992763181
9104,91.04000000000967,0.9999999992777525
9105,91.05000000000967,0.9999999992791844
9106,91.06000000000968,0.9999999992806138
9107,91.07000000000968,0.9999999992820406
9108,91.08000000000969,0.999999999283465
9109,91.0900000000097,0.9999999992848867
9110,91.1000000000097,0.9999999992863059
9111,91.1100000000097,0.9999999992877227
9112,91.12000000000971,0.9999999992891369
9113,91.13000000000972,0.9999999992905486
9114,91.14000000000972,0.9999999992919577
9115,91.15000000000973,0.9999999992933645
9116,91.16000000000973,0.9999999992947687
9117,91.17000000000974,0.9999999992961703
9118,91.18000000000974,0.9999999992975696
9119,91.19000000000975,0.9999999992989663
9120,91.20000000000975,0.9999999993003605
9121,91.21000000000976,0.9999999993017523
9122,91.22000000000976,0.9999999993031417
9123,91.23000000000977,0.9999999993045285
9124,91.24000000000977,0.9999999993059129
9125,91.25000000000978,0.9999999993072948
9126,91.26000000000978,0.9999999993086742
9127,91.27000000000979,0.9999999993100512
9128,91.28000000000979,0.9999999993114258
9129,91.2900000000098,0.9999999993127979
9130,91.3000000000098,0.9999999993141676
9131,91.31000000000981,0.9999999993155348
9132,91.32000000000981,0.9999999993168996
9133,91.33000000000982,0.999999999318262
9134,91.34000000000982,0.9999999993196219
9135,91.35000000000983,0.9999999993209795
9136,91.36000000000983,0.9999999993223345
9137,91.37000000000984,0.9999999993236872
9138,91.38000000000984,0.9999999993250376
9139,91.39000000000985,0.9999999993263854
9140,91.40000000000985,0.9999999993277309
9141,91.41000000000986,0.999999999329074
9142,91.42000000000986,0.9999999993304146
9143,91.43000000000987,0.999999999331753
9144,91.44000000000987,0.9999999993330889
9145,91.45000000000988,0.9999999993344224
9146,91.46000000000988,0.9999999993357536
9147,91.47000000000989,0.9999999993370824
9148,91.4800000000099,0.9999999993384088
9149,91.4900000000099,0.9999999993397328
9150,91.5000000000099,0.9999999993410545
9151,91.51000000000991,0.9999999993423738
9152,91.52000000000992,0.9999999993436908
9153,91.53000000000992,0.9999999993450054
9154,91.54000000000993,0.9999999993463177
9155,91.55000000000993,0.9999999993476276
9156,91.56000000000994,0.9999999993489352
9157,91.57000000000994,0.9999999993502405
9158,91.58000000000995,0.9999999993515434
9159,91.59000000000995,0.999999999352844
9160,91.60000000000996,0.9999999993541423
9161,91.61000000000996,0.9999999993554383
9162,91.62000000000997,0.9999999993567319
9163,91.63000000000997,0.9999999993580232
9164,91.64000000000998,0.9999999993593123
9165,91.65000000000998,0.9999999993605989
9166,91.66000000000999,0.9999999993618833
9167,91.67000000000999,0.9999999993631654
9168,91.68000000001,0.9999999993644453
9169,91.69000000001,0.9999999993657228
9170,91.70000000001001,0.999999999366998
9171,91.71000000001001,0.999999999368271
9172,91.72000000001002,0.9999999993695418
9173,91.73000000001002,0.9999999993708101
9174,91.74000000001003,0.9999999993720763
9175,91.75000000001003,0.9999999993733402
9176,91.76000000001004,0.9999999993746017
9177,91.77000000001004,0.999999999375861
9178,91.78000000001005,0.9999999993771181
9179,91.79000000001005,0.999999999378373
9180,91.80000000001006,0.9999999993796256
9181,91.81000000001006,0.9999999993808759
9182,91.82000000001007,0.999999999382124
9183,91.83000000001007,0.9999999993833699
9184,91.84000000001008,0.9999999993846135
9185,91.85000000001008,0.9999999993858549
9186,91.86000000001009,0.999999999387094
9187,91.8700000000101,0.9999999993883311
9188,91.8800000000101,0.9999999993895657
9189,91.8900000000101,0.9999999993907983
9190,91.90000000001011,0.9999999993920285
9191,91.91000000001011,0.9999999993932567
9192,91.92000000001012,0.9999999993944826
9193,91.93000000001012,0.9999999993957063
9194,91.94000000001013,0.9999999993969277
9195,91.95000000001014,0.999999999398147
9196,91.96000000001014,0.9999999993993641
9197,91.97000000001015,0.999999999400579
9198,91.98000000001015,0.9999999994017917
9199,91.99000000001016,0.9999999994030022
9200,92.00000000001016,0.9999999994042106
9201,92.01000000001017,0.9999999994054168
9202,92.02000000001017,0.9999999994066209
9203,92.03000000001018,0.9999999994078227
9204,92.04000000001018,0.9999999994090224
9205,92.05000000001019,0.99999999941022
9206,92.06000000001019,0.9999999994114154
9207,92.0700000000102,0.9999999994126085
9208,92.0800000000102,0.9999999994137996
9209,92.0900000000102,0.9999999994149885
9210,92.10000000001021,0.9999999994161753
9211,92.11000000001022,0.9999999994173601
9212,92.12000000001022,0.9999999994185426
9213,92.13000000001023,0.999999999419723
9214,92.14000000001023,0.9999999994209012
9215,92.15000000001024,0.9999999994220773
9216,92.16000000001024,0.9999999994232514
9217,92.17000000001025,0.9999999994244232
9218,92.18000000001025,0.999999999425593
9219,92.19000000001026,0.9999999994267607
9220,92.20000000001026,0.9999999994279263
9221,92.21000000001027,0.9999999994290897
9222,92.22000000001027,0.9999999994302511
9223,92.23000000001028,0.9999999994314104
9224,92.24000000001028,0.9999999994325676
9225,92.25000000001029,0.9999999994337226
9226,92.2600000000103,0.9999999994348756
9227,92.2700000000103,0.9999999994360266
9228,92.2800000000103,0.9999999994371753
9229,92.29000000001031,0.9999999994383222
9230,92.30000000001031,0.9999999994394668
9231,92.31000000001032,0.9999999994406095
9232,92.32000000001032,0.99999999944175
9233,92.33000000001033,0.9999999994428884
9234,92.34000000001033,0.999999999444025
9235,92.35000000001034,0.9999999994451593
9236,92.36000000001034,0.9999999994462916
9237,92.37000000001035,0.9999999994474219
9238,92.38000000001036,0.9999999994485501
9239,92.39000000001036,0.9999999994496763
9240,92.40000000001037,0.9999999994508004
9241,92.41000000001037,0.9999999994519225
9242,92.42000000001038,0.9999999994530426
9243,92.43000000001038,0.9999999994541606
9244,92.44000000001039,0.9999999994552766
9245,92.45000000001039,0.9999999994563906
9246,92.4600000000104,0.9999999994575026
9247,92.4700000000104,0.9999999994586126
9248,92.4800000000104,0.9999999994597205
9249,92.49000000001041,0.9999999994608265
9250,92.50000000001042,0.9999999994619304
9251,92.51000000001042,0.9999999994630323
9252,92.52000000001043,0.9999999994641323
9253,92.53000000001043,0.9999999994652302
9254,92.54000000001044,0.9999999994663261
9255,92.55000000001044,0.9999999994674201
9256,92.56000000001045,0.999999999468512
9257,92.57000000001045,0.999999999469602
9258,92.58000000001046,0.9999999994706901
9259,92.59000000001046,0.9999999994717761
9260,92.60000000001047,0.9999999994728601
9261,92.61000000001047,0.9999999994739421
9262,92.62000000001048,0.9999999994750223
9263,92.63000000001048,0.9999999994761004
9264,92.64000000001049,0.9999999994771767
9265,92.6500000000105,0.9999999994782509
9266,92.6600000000105,0.9999999994793232
9267,92.6700000000105,0.9999999994803934
9268,92.68000000001051,0.9999999994814618
9269,92.69000000001051,0.9999999994825283
9270,92.70000000001052,0.9999999994835927
9271,92.71000000001052,0.9999999994846553
9272,92.72000000001053,0.9999999994857159
9273,92.73000000001053,0.9999999994867745
9274,92.74000000001054,0.9999999994878314
9275,92.75000000001054,0.9999999994888862
9276,92.76000000001055,0.9999999994899391
9277,92.77000000001055,0.99999999949099
9278,92.78000000001056,0.9999999994920391
9279,92.79000000001056,0.9999999994930863
9280,92.80000000001057,0.9999999994941315
9281,92.81000000001058,0.9999999994951748
9282,92.82000000001058,0.9999999994962163
9283,92.83000000001059,0.9999999994972558
9284,92.84000000001059,0.9999999994982934
9285,92.8500000000106,0.9999999994993292
9286,92.8600000000106,0.999999999500363
9287,92.8700000000106,0.999999999501395
9288,92.88000000001061,0.999999999502425
9289,92.89000000001062,0.9999999995034533
9290,92.90000000001062,0.9999999995044796
9291,92.91000000001063,0.999999999505504
9292,92.92000000001063,0.9999999995065265
9293,92.93000000001064,0.9999999995075473
9294,92.94000000001064,0.9999999995085661
9295,92.95000000001065,0.9999999995095831
9296,92.96000000001065,0.9999999995105981
9297,92.97000000001066,0.9999999995116113
9298,92.98000000001066,0.9999999995126228
9299,92.99000000001067,0.9999999995136323
9300,93.00000000001067,0.99999999951464
9301,93.01000000001068,0.9999999995156458
9302,93.02000000001068,0.9999999995166499
9303,93.03000000001069,0.999999999517652
9304,93.04000000001069,0.9999999995186523
9305,93.0500000000107,0.9999999995196508
9306,93.0600000000107,0.9999999995206474
9307,93.07000000001071,0.9999999995216423
9308,93.08000000001071,0.9999999995226353
9309,93.09000000001072,0.9999999995236264
9310,93.10000000001072,0.9999999995246158
9311,93.11000000001073,0.9999999995256034
9312,93.12000000001073,0.9999999995265891
9313,93.13000000001074,0.999999999527573
9314,93.14000000001074,0.9999999995285551
9315,93.15000000001075,0.9999999995295354
9316,93.16000000001075,0.999999999530514
9317,93.17000000001076,0.9999999995314907
9318,93.18000000001076,0.9999999995324655
9319,93.19000000001077,0.9999999995334387
9320,93.20000000001077,0.99999999953441
9321,93.21000000001078,0.9999999995353795
9322,93.22000000001078,0.9999999995363473
9323,93.23000000001079,0.9999999995373133
9324,93.2400000000108,0.9999999995382776
9325,93.2500000000108,0.99999999953924
9326,93.2600000000108,0.9999999995402006
9327,93.27000000001081,0.9999999995411595
9328,93.28000000001082,0.9999999995421166
9329,93.29000000001082,0.9999999995430721
9330,93.30000000001083,0.9999999995440256
9331,93.31000000001083,0.9999999995449774
9332,93.32000000001084,0.9999999995459276
9333,93.33000000001084,0.9999999995468759
9334,93.34000000001085,0.9999999995478225
9335,93.35000000001085,0.9999999995487673
9336,93.36000000001086,0.9999999995497104
9337,93.37000000001086,0.9999999995506518
9338,93.38000000001087,0.9999999995515914
9339,93.39000000001087,0.9999999995525293
9340,93.40000000001088,0.9999999995534654
9341,93.41000000001088,0.9999999995543999
9342,93.42000000001089,0.9999999995553326
9343,93.43000000001089,0.9999999995562635
9344,93.4400000000109,0.9999999995571928
9345,93.4500000000109,0.9999999995581204
9346,93.46000000001091,0.9999999995590462
9347,93.47000000001091,0.9999999995599703
9348,93.48000000001092,0.9999999995608927
9349,93.49000000001092,0.9999999995618134
9350,93.50000000001093,0.9999999995627323
9351,93.51000000001093,0.9999999995636497
9352,93.52000000001094,0.9999999995645653
9353,93.53000000001094,0.9999999995654791
9354,93.54000000001095,0.9999999995663914
9355,93.55000000001095,0.9999999995673019
9356,93.56000000001096,0.9999999995682107
9357,93.57000000001096,0.9999999995691179
9358,93.58000000001097,0.9999999995700234
9359,93.59000000001097,0.9999999995709271
9360,93.60000000001098,0.9999999995718293
9361,93.61000000001098,0.9999999995727297
9362,93.62000000001099,0.9999999995736284
9363,93.630000000011,0.9999999995745256
9364,93.640000000011,0.999999999575421
9365,93.650000000011,0.9999999995763148
9366,93.66000000001101,0.9999999995772069
9367,93.67000000001102,0.9999999995780973
9368,93.68000000001102,0.9999999995789861
9369,93.69000000001103,0.9999999995798733
9370,93.70000000001103,0.9999999995807588
9371,93.71000000001104,0.9999999995816427
9372,93.72000000001104,0.9999999995825248
9373,93.73000000001105,0.9999999995834055
9374,93.74000000001105,0.9999999995842843
9375,93.75000000001106,0.9999999995851616
9376,93.76000000001106,0.9999999995860374
9377,93.77000000001107,0.9999999995869113
9378,93.78000000001107,0.9999999995877837
9379,93.79000000001108,0.9999999995886546
9380,93.80000000001108,0.9999999995895237
9381,93.81000000001109,0.9999999995903913
9382,93.82000000001109,0.9999999995912572
9383,93.8300000000111,0.9999999995921215
9384,93.8400000000111,0.9999999995929842
9385,93.85000000001111,0.9999999995938453
9386,93.86000000001111,0.9999999995947048
9387,93.87000000001112,0.9999999995955627
9388,93.88000000001112,0.9999999995964189
9389,93.89000000001113,0.9999999995972737
9390,93.90000000001113,0.9999999995981268
9391,93.91000000001114,0.9999999995989782
9392,93.92000000001114,0.9999999995998282
9393,93.93000000001115,0.9999999996006765
9394,93.94000000001115,0.9999999996015232
9395,93.95000000001116,0.9999999996023684
9396,93.96000000001116,0.999999999603212
9397,93.97000000001117,0.999999999604054
9398,93.98000000001117,0.9999999996048944
9399,93.99000000001118,0.9999999996057333
9400,94.00000000001118,0.9999999996065705
9401,94.01000000001119,0.9999999996074063
9402,94.0200000000112,0.9999999996082404
9403,94.0300000000112,0.999999999609073
9404,94.0400000000112,0.999999999609904
9405,94.05000000001121,0.9999999996107335
9406,94.06000000001121,0.9999999996115614
9407,94.07000000001122,0.9999999996123878
9408,94.08000000001122,0.9999999996132126
9409,94.09000000001123,0.999999999614036
9410,94.10000000001124,0.9999999996148576
9411,94.11000000001124,0.9999999996156779
9412,94.12000000001125,0.9999999996164964
9413,94.13000000001125,0.9999999996173136
9414,94.14000000001126,0.9999999996181292
9415,94.15000000001126,0.9999999996189433
9416,94.16000000001127,0.9999999996197557
9417,94.17000000001127,0.9999999996205667
9418,94.18000000001128,0.9999999996213762
9419,94.19000000001128,0.9999999996221842
9420,94.20000000001129,0.9999999996229907
9421,94.21000000001129,0.9999999996237956
9422,94.2200000000113,0.999999999624599
9423,94.2300000000113,0.9999999996254009
9424,94.2400000000113,0.9999999996262012
9425,94.25000000001131,0.9999999996270001
9426,94.26000000001132,0.9999999996277975
9427,94.27000000001132,0.9999999996285934
9428,94.28000000001133,0.9999999996293878
9429,94.29000000001133,0.9999999996301806
9430,94.30000000001134,0.9999999996309721
9431,94.31000000001134,0.9999999996317619
9432,94.32000000001135,0.9999999996325504
9433,94.33000000001135,0.9999999996333373
9434,94.34000000001136,0.9999999996341227
9435,94.35000000001136,0.9999999996349067
9436,94.36000000001137,0.9999999996356892
9437,94.37000000001137,0.9999999996364701
9438,94.38000000001138,0.9999999996372497
9439,94.39000000001138,0.9999999996380278
9440,94.40000000001139,0.9999999996388044
9441,94.4100000000114,0.9999999996395794
9442,94.4200000000114,0.9999999996403531
9443,94.4300000000114,0.9999999996411253
9444,94.44000000001141,0.999999999641896
9445,94.45000000001141,0.9999999996426653
9446,94.46000000001142,0.9999999996434331
9447,94.47000000001142,0.9999999996441995
9448,94.48000000001143,0.9999999996449644
9449,94.49000000001143,0.9999999996457279
9450,94.50000000001144,0.99999999964649
9451,94.51000000001144,0.9999999996472505
9452,94.52000000001145,0.9999999996480097
9453,94.53000000001146,0.9999999996487674
9454,94.54000000001146,0.9999999996495237
9455,94.55000000001147,0.9999999996502785
9456,94.56000000001147,0.9999999996510319
9457,94.57000000001148,0.9999999996517839
9458,94.58000000001148,0.9999999996525345
9459,94.59000000001149,0.9999999996532837
9460,94.60000000001149,0.9999999996540313
9461,94.6100000000115,0.9999999996547776
9462,94.6200000000115,0.9999999996555226
9463,94.6300000000115,0.999999999656266
9464,94.64000000001151,0.999999999657008
9465,94.65000000001152,0.9999999996577487
9466,94.66000000001152,0.999999999658488
9467,94.67000000001153,0.9999999996592257
9468,94.68000000001153,0.9999999996599621
9469,94.69000000001154,0.9999999996606972
9470,94.70000000001154,0.9999999996614308
9471,94.71000000001155,0.999999999662163
9472,94.72000000001155,0.9999999996628939
9473,94.73000000001156,0.9999999996636233
9474,94.74000000001156,0.9999999996643514
9475,94.75000000001157,0.9999999996650781
9476,94.76000000001157,0.9999999996658033
9477,94.77000000001158,0.9999999996665273
9478,94.78000000001158,0.9999999996672498
9479,94.79000000001159,0.9999999996679709
9480,94.8000000000116,0.9999999996686908
9481,94.8100000000116,0.9999999996694091
9482,94.8200000000116,0.9999999996701262
9483,94.83000000001161,0.9999999996708419
9484,94.84000000001161,0.9999999996715562
9485,94.85000000001162,0.999999999672269
9486,94.86000000001162,0.9999999996729807
9487,94.87000000001163,0.9999999996736909
9488,94.88000000001163,0.9999999996743998
9489,94.89000000001164,0.9999999996751072
9490,94.90000000001164,0.9999999996758134
9491,94.91000000001165,0.9999999996765182
9492,94.92000000001165,0.9999999996772216
9493,94.93000000001166,0.9999999996779237
9494,94.94000000001166,0.9999999996786245
9495,94.95000000001167,0.999999999679324
9496,94.96000000001168,0.9999999996800221
9497,94.97000000001168,0.9999999996807188
9498,94.98000000001169,0.9999999996814143
9499,94.99000000001169,0.9999999996821083
9500,95.0000000000117,0.9999999996828011
9501,95.0100000000117,0.9999999996834925
9502,95.0200000000117,0.9999999996841826
9503,95.03000000001171,0.9999999996848714
9504,95.04000000001172,0.9999999996855589
9505,95.05000000001172,0.999999999686245
9506,95.06000000001173,0.9999999996869299
9507,95.07000000001173,0.9999999996876133
9508,95.08000000001174,0.9999999996882956
9509,95.09000000001174,0.9999999996889765
9510,95.10000000001175,0.999999999689656
9511,95.11000000001175,0.9999999996903343
9512,95.12000000001176,0.9999999996910113
9513,95.13000000001176,0.999999999691687
9514,95.14000000001177,0.9999999996923613
9515,95.15000000001177,0.9999999996930343
9516,95.16000000001178,0.9999999996937061
9517,95.17000000001178,0.9999999996943766
9518,95.18000000001179,0.9999999996950458
9519,95.19000000001179,0.9999999996957137
9520,95.2000000000118,0.9999999996963803
9521,95.2100000000118,0.9999999996970457
9522,95.22000000001181,0.9999999996977097
9523,95.23000000001181,0.9999999996983725
9524,95.24000000001182,0.999999999699034
9525,95.25000000001182,0.9999999996996942
9526,95.26000000001183,0.9999999997003531
9527,95.27000000001183,0.9999999997010108
9528,95.28000000001184,0.9999999997016673
9529,95.29000000001184,0.9999999997023225
9530,95.30000000001185,0.9999999997029763
9531,95.31000000001185,0.999999999703629
9532,95.32000000001186,0.9999999997042802
9533,95.33000000001186,0.9999999997049304
9534,95.34000000001187,0.9999999997055792
9535,95.35000000001187,0.9999999997062268
9536,95.36000000001188,0.9999999997068731
9537,95.37000000001188,0.9999999997075182
9538,95.38000000001189,0.999999999708162
9539,95.3900000000119,0.9999999997088046
9540,95.4000000000119,0.999999999709446
9541,95.4100000000119,0.999999999710086
9542,95.42000000001191,0.999999999710725
9543,95.43000000001192,0.9999999997113626
9544,95.44000000001192,0.9999999997119989
9545,95.45000000001193,0.9999999997126341
9546,95.46000000001193,0.999999999713268
9547,95.47000000001194,0.9999999997139007
9548,95.48000000001194,0.9999999997145322
9549,95.49000000001195,0.9999999997151624
9550,95.50000000001195,0.9999999997157915
9551,95.51000000001196,0.9999999997164193
9552,95.52000000001196,0.9999999997170458
9553,95.53000000001197,0.9999999997176712
9554,95.54000000001197,0.9999999997182953
9555,95.55000000001198,0.9999999997189183
9556,95.56000000001198,0.99999999971954
9557,95.57000000001199,0.9999999997201605
9558,95.58000000001199,0.9999999997207798
9559,95.590000000012,0.999999999721398
9560,95.600000000012,0.9999999997220148
9561,95.61000000001201,0.9999999997226305
9562,95.62000000001201,0.999999999723245
9563,95.63000000001202,0.9999999997238583
9564,95.64000000001202,0.9999999997244705
9565,95.65000000001203,0.9999999997250814
9566,95.66000000001203,0.9999999997256911
9567,95.67000000001204,0.9999999997262996
9568,95.68000000001204,0.999999999726907
9569,95.69000000001205,0.9999999997275132
9570,95.70000000001205,0.9999999997281181
9571,95.71000000001206,0.999999999728722
9572,95.72000000001206,0.9999999997293246
9573,95.73000000001207,0.999999999729926
9574,95.74000000001207,0.9999999997305263
9575,95.75000000001208,0.9999999997311254
9576,95.76000000001208,0.9999999997317234
9577,95.77000000001209,0.9999999997323201
9578,95.7800000000121,0.9999999997329156
9579,95.7900000000121,0.9999999997335102
9580,95.8000000000121,0.9999999997341034
9581,95.81000000001211,0.9999999997346954
9582,95.82000000001212,0.9999999997352864
9583,95.83000000001212,0.9999999997358763
9584,95.84000000001213,0.9999999997364649
9585,95.85000000001213,0.9999999997370523
9586,95.86000000001214,0.9999999997376386
9587,95.87000000001214,0.9999999997382238
9588,95.88000000001215,0.9999999997388079
9589,95.89000000001215,0.9999999997393908
9590,95.90000000001216,0.9999999997399726
9591,95.91000000001216,0.9999999997405532
9592,95.92000000001217,0.9999999997411326
9593,95.93000000001217,0.9999999997417109
9594,95.94000000001218,0.9999999997422881
9595,95.95000000001218,0.9999999997428642
9596,95.96000000001219,0.9999999997434391
9597,95.97000000001219,0.9999999997440129
9598,95.9800000000122,0.9999999997445856
9599,95.9900000000122,0.9999999997451572
9600,96.00000000001221,0.9999999997457275
9601,96.01000000001221,0.9999999997462968
9602,96.02000000001222,0.999999999746865
9603,96.03000000001222,0.999999999747432
9604,96.04000000001223,0.999999999747998
9605,96.05000000001223,0.9999999997485629
9606,96.06000000001224,0.9999999997491266
9607,96.07000000001224,0.9999999997496892
9608,96.08000000001225,0.9999999997502507
9609,96.09000000001225,0.9999999997508111
9610,96.10000000001226,0.9999999997513703
9611,96.11000000001226,0.9999999997519285
9612,96.12000000001227,0.9999999997524855
9613,96.13000000001227,0.9999999997530415
9614,96.14000000001228,0.9999999997535964
9615,96.15000000001228,0.9999999997541502
9616,96.16000000001229,0.9999999997547029
9617,96.1700000000123,0.9999999997552546
9618,96.1800000000123,0.999999999755805
9619,96.1900000000123,0.9999999997563545
9620,96.20000000001231,0.9999999997569028
9621,96.21000000001231,0.99999999975745
9622,96.22000000001232,0.9999999997579962
9623,96.23000000001232,0.9999999997585413
9624,96.24000000001233,0.9999999997590853
9625,96.25000000001234,0.9999999997596282
9626,96.26000000001234,0.9999999997601701
9627,96.27000000001235,0.9999999997607109
9628,96.28000000001235,0.9999999997612505
9629,96.29000000001236,0.9999999997617892
9630,96.30000000001236,0.9999999997623268
9631,96.31000000001237,0.9999999997628632
9632,96.32000000001237,0.9999999997633987
9633,96.33000000001238,0.9999999997639331
9634,96.34000000001238,0.9999999997644664
9635,96.35000000001239,0.9999999997649986
9636,96.36000000001239,0.9999999997655299
9637,96.3700000000124,0.99999999976606
9638,96.3800000000124,0.999999999766589
9639,96.3900000000124,0.9999999997671171
9640,96.40000000001241,0.9999999997676441
9641,96.41000000001242,0.99999999976817
9642,96.42000000001242,0.9999999997686949
9643,96.43000000001243,0.9999999997692187
9644,96.44000000001243,0.9999999997697415
9645,96.45000000001244,0.9999999997702633
9646,96.46000000001244,0.999999999770784
9647,96.47000000001245,0.9999999997713037
9648,96.48000000001245,0.9999999997718224
9649,96.49000000001246,0.99999999977234
9650,96.50000000001246,0.9999999997728566
9651,96.51000000001247,0.9999999997733722
9652,96.52000000001247,0.9999999997738866
9653,96.53000000001248,0.9999999997744001
9654,96.54000000001248,0.9999999997749126
9655,96.55000000001249,0.9999999997754241
9656,96.5600000000125,0.9999999997759345
9657,96.5700000000125,0.9999999997764439
9658,96.5800000000125,0.9999999997769523
9659,96.59000000001251,0.9999999997774597
9660,96.60000000001251,0.999999999777966
9661,96.61000000001252,0.9999999997784713
9662,96.62000000001252,0.9999999997789757
9663,96.63000000001253,0.9999999997794791
9664,96.64000000001253,0.9999999997799813
9665,96.65000000001254,0.9999999997804826
9666,96.66000000001254,0.999999999780983
9667,96.67000000001255,0.9999999997814822
9668,96.68000000001256,0.9999999997819805
9669,96.69000000001256,0.9999999997824779
9670,96.70000000001257,0.9999999997829742
9671,96.71000000001257,0.9999999997834694
9672,96.72000000001258,0.9999999997839638
9673,96.73000000001258,0.9999999997844571
9674,96.74000000001259,0.9999999997849495
9675,96.75000000001259,0.9999999997854407
9676,96.7600000000126,0.9999999997859311
9677,96.7700000000126,0.9999999997864205
9678,96.7800000000126,0.9999999997869089
9679,96.79000000001261,0.9999999997873963
9680,96.80000000001262,0.9999999997878827
9681,96.81000000001262,0.9999999997883682
9682,96.82000000001263,0.9999999997888527
9683,96.83000000001263,0.9999999997893362
9684,96.84000000001264,0.9999999997898187
9685,96.85000000001264,0.9999999997903002
9686,96.86000000001265,0.9999999997907808
9687,96.87000000001265,0.9999999997912604
9688,96.88000000001266,0.999999999791739
9689,96.89000000001266,0.9999999997922168
9690,96.90000000001267,0.9999999997926934
9691,96.91000000001267,0.9999999997931692
9692,96.92000000001268,0.999999999793644
9693,96.93000000001268,0.9999999997941178
9694,96.94000000001269,0.9999999997945906
9695,96.9500000000127,0.9999999997950626
9696,96.9600000000127,0.9999999997955336
9697,96.9700000000127,0.9999999997960036
9698,96.98000000001271,0.9999999997964727
9699,96.99000000001271,0.9999999997969408
9700,97.00000000001272,0.999999999797408
9701,97.01000000001272,0.9999999997978741
9702,97.02000000001273,0.9999999997983394
9703,97.03000000001273,0.9999999997988037
9704,97.04000000001274,0.9999999997992671
9705,97.05000000001274,0.9999999997997296
9706,97.06000000001275,0.9999999998001912
9707,97.07000000001275,0.9999999998006517
9708,97.08000000001276,0.9999999998011114
9709,97.09000000001276,0.9999999998015701
9710,97.10000000001277,0.9999999998020279
9711,97.11000000001277,0.9999999998024848
9712,97.12000000001278,0.9999999998029406
9713,97.13000000001279,0.9999999998033957
9714,97.14000000001279,0.9999999998038498
9715,97.1500000000128,0.9999999998043029
9716,97.1600000000128,0.9999999998047552
9717,97.1700000000128,0.9999999998052065
9718,97.18000000001281,0.9999999998056569
9719,97.19000000001282,0.9999999998061063
9720,97.20000000001282,0.999999999806555
9721,97.21000000001283,0.9999999998070026
9722,97.22000000001283,0.9999999998074494
9723,97.23000000001284,0.9999999998078951
9724,97.24000000001284,0.9999999998083401
9725,97.25000000001285,0.9999999998087841
9726,97.26000000001285,0.9999999998092273
9727,97.27000000001286,0.9999999998096695
9728,97.28000000001286,0.9999999998101108
9729,97.29000000001287,0.9999999998105511
9730,97.30000000001287,0.9999999998109906
9731,97.31000000001288,0.9999999998114293
9732,97.32000000001288,0.999999999811867
9733,97.33000000001289,0.9999999998123038
9734,97.34000000001289,0.9999999998127398
9735,97.3500000000129,0.9999999998131748
9736,97.3600000000129,0.999999999813609
9737,97.37000000001291,0.9999999998140422
9738,97.38000000001291,0.9999999998144745
9739,97.39000000001292,0.9999999998149061
9740,97.40000000001292,0.9999999998153367
9741,97.41000000001293,0.9999999998157664
9742,97.42000000001293,0.9999999998161953
9743,97.43000000001294,0.9999999998166232
9744,97.44000000001294,0.9999999998170503
9745,97.45000000001295,0.9999999998174766
9746,97.46000000001295,0.9999999998179019
9747,97.47000000001296,0.9999999998183263
9748,97.48000000001296,0.9999999998187499
9749,97.49000000001297,0.9999999998191726
9750,97.50000000001297,0.9999999998195945
9751,97.51000000001298,0.9999999998200155
9752,97.52000000001298,0.9999999998204356
9753,97.53000000001299,0.9999999998208549
9754,97.540000000013,0.9999999998212733
9755,97.550000000013,0.9999999998216909
9756,97.560000000013,0.9999999998221075
9757,97.57000000001301,0.9999999998225233
9758,97.58000000001302,0.9999999998229383
9759,97.59000000001302,0.9999999998233524
9760,97.60000000001303,0.9999999998237658
9761,97.61000000001303,0.9999999998241781
9762,97.62000000001304,0.9999999998245896
9763,97.63000000001304,0.9999999998250004
9764,97.64000000001305,0.9999999998254102
9765,97.65000000001305,0.9999999998258193
9766,97.66000000001306,0.9999999998262274
9767,97.67000000001306,0.9999999998266348
9768,97.68000000001307,0.9999999998270412
9769,97.69000000001307,0.9999999998274469
9770,97.70000000001308,0.9999999998278518
9771,97.71000000001308,0.9999999998282557
9772,97.72000000001309,0.999999999828659
9773,97.73000000001309,0.9999999998290612
9774,97.7400000000131,0.9999999998294626
9775,97.7500000000131,0.9999999998298633
9776,97.76000000001311,0.9999999998302631
9777,97.77000000001311,0.9999999998306621
9778,97.78000000001312,0.9999999998310604
9779,97.79000000001312,0.9999999998314577
9780,97.80000000001313,0.9999999998318542
9781,97.81000000001313,0.9999999998322499
9782,97.82000000001314,0.9999999998326448
9783,97.83000000001314,0.9999999998330389
9784,97.84000000001315,0.9999999998334321
9785,97.85000000001315,0.9999999998338245
9786,97.86000000001316,0.9999999998342162
9787,97.87000000001316,0.999999999834607
9788,97.88000000001317,0.9999999998349969
9789,97.89000000001317,0.9999999998353861
9790,97.90000000001318,0.9999999998357745
9791,97.91000000001318,0.9999999998361621
9792,97.92000000001319,0.9999999998365487
9793,97.9300000000132,0.9999999998369348
9794,97.9400000000132,0.9999999998373199
9795,97.9500000000132,0.9999999998377043
9796,97.96000000001321,0.9999999998380877
9797,97.97000000001321,0.9999999998384705
9798,97.98000000001322,0.9999999998388525
9799,97.99000000001323,0.9999999998392336
9800,98.00000000001323,0.999999999839614
9801,98.01000000001324,0.9999999998399935
9802,98.02000000001324,0.9999999998403724
9803,98.03000000001325,0.9999999998407503
9804,98.04000000001325,0.9999999998411275
9805,98.05000000001326,0.9999999998415039
9806,98.06000000001326,0.9999999998418796
9807,98.07000000001327,0.9999999998422544
9808,98.08000000001327,0.9999999998426284
9809,98.09000000001328,0.9999999998430017
9810,98.10000000001328,0.9999999998433742
9811,98.11000000001329,0.9999999998437459
9812,98.12000000001329,0.9999999998441169
9813,98.1300000000133,0.9999999998444871
9814,98.1400000000133,0.9999999998448564
9815,98.1500000000133,0.999999999845225
9816,98.16000000001331,0.9999999998455928
9817,98.17000000001332,0.99999999984596
9818,98.18000000001332,0.9999999998463263
9819,98.19000000001333,0.9999999998466917
9820,98.20000000001333,0.9999999998470566
9821,98.21000000001334,0.9999999998474206
9822,98.22000000001334,0.9999999998477838
9823,98.23000000001335,0.9999999998481462
9824,98.24000000001335,0.999999999848508
9825,98.25000000001336,0.9999999998488689
9826,98.26000000001336,0.9999999998492292
9827,98.27000000001337,0.9999999998495885
9828,98.28000000001337,0.9999999998499473
9829,98.29000000001338,0.9999999998503052
9830,98.30000000001338,0.9999999998506623
9831,98.31000000001339,0.9999999998510188
9832,98.3200000000134,0.9999999998513744
9833,98.3300000000134,0.9999999998517294
9834,98.3400000000134,0.9999999998520835
9835,98.35000000001341,0.999999999852437
9836,98.36000000001341,0.9999999998527896
9837,98.37000000001342,0.9999999998531417
9838,98.38000000001342,0.9999999998534929
9839,98.39000000001343,0.9999999998538434
9840,98.40000000001343,0.9999999998541931
9841,98.41000000001344,0.999999999854542
9842,98.42000000001345,0.9999999998548903
9843,98.43000000001345,0.9999999998552378
9844,98.44000000001346,0.9999999998555845
9845,98.45000000001346,0.9999999998559306
9846,98.46000000001347,0.999999999856276
9847,98.47000000001347,0.9999999998566205
9848,98.48000000001348,0.9999999998569643
9849,98.49000000001348,0.9999999998573075
9850,98.50000000001349,0.9999999998576499
9851,98.51000000001349,0.9999999998579916
9852,98.5200000000135,0.9999999998583325
9853,98.5300000000135,0.9999999998586727
9854,98.5400000000135,0.9999999998590122
9855,98.55000000001351,0.9999999998593511
9856,98.56000000001352,0.9999999998596891
9857,98.57000000001352,0.9999999998600264
9858,98.58000000001353,0.9999999998603631
9859,98.59000000001353,0.999999999860699
9860,98.60000000001354,0.9999999998610343
9861,98.61000000001354,0.9999999998613688
9862,98.62000000001355,0.9999999998617025
9863,98.63000000001355,0.9999999998620356
9864,98.64000000001356,0.999999999862368
9865,98.65000000001356,0.9999999998626996
9866,98.66000000001357,0.9999999998630306
9867,98.67000000001357,0.9999999998633609
9868,98.68000000001358,0.9999999998636904
9869,98.69000000001358,0.9999999998640192
9870,98.70000000001359,0.9999999998643474
9871,98.7100000000136,0.9999999998646748
9872,98.7200000000136,0.9999999998650017
9873,98.7300000000136,0.9999999998653276
9874,98.74000000001361,0.999999999865653
9875,98.75000000001361,0.9999999998659777
9876,98.76000000001362,0.9999999998663016
9877,98.77000000001362,0.9999999998666249
9878,98.78000000001363,0.9999999998669475
9879,98.79000000001363,0.9999999998672694
9880,98.80000000001364,0.9999999998675907
9881,98.81000000001364,0.9999999998679112
9882,98.82000000001365,0.9999999998682311
9883,98.83000000001365,0.9999999998685501
9884,98.84000000001366,0.9999999998688687
9885,98.85000000001367,0.9999999998691864
9886,98.86000000001367,0.9999999998695036
9887,98.87000000001368,0.99999999986982
9888,98.88000000001368,0.9999999998701358
9889,98.89000000001369,0.9999999998704509
9890,98.90000000001369,0.9999999998707653
9891,98.9100000000137,0.999999999871079
9892,98.9200000000137,0.9999999998713921
9893,98.9300000000137,0.9999999998717045
9894,98.94000000001371,0.9999999998720162
9895,98.95000000001372,0.9999999998723272
9896,98.96000000001372,0.9999999998726377
9897,98.97000000001373,0.9999999998729473
9898,98.98000000001373,0.9999999998732564
9899,98.99000000001374,0.9999999998735648
9900,99.00000000001374,0.9999999998738724
9901,99.01000000001375,0.9999999998741795
9902,99.02000000001375,0.999999999874486
9903,99.03000000001376,0.9999999998747917
9904,99.04000000001376,0.9999999998750968
9905,99.05000000001377,0.9999999998754012
9906,99.06000000001377,0.999999999875705
9907,99.07000000001378,0.9999999998760081
9908,99.08000000001378,0.9999999998763106
9909,99.09000000001379,0.9999999998766124
9910,99.1000000000138,0.9999999998769136
9911,99.1100000000138,0.999999999877214
9912,99.1200000000138,0.9999999998775139
9913,99.13000000001381,0.9999999998778131
9914,99.14000000001381,0.9999999998781117
9915,99.15000000001382,0.9999999998784096
9916,99.16000000001382,0.9999999998787069
9917,99.17000000001383,0.9999999998790036
9918,99.18000000001383,0.9999999998792996
9919,99.19000000001384,0.9999999998795949
9920,99.20000000001384,0.9999999998798896
9921,99.21000000001385,0.9999999998801836
9922,99.22000000001385,0.9999999998804772
9923,99.23000000001386,0.9999999998807699
9924,99.24000000001386,0.9999999998810621
9925,99.25000000001387,0.9999999998813537
9926,99.26000000001387,0.9999999998816446
9927,99.27000000001388,0.9999999998819348
9928,99.28000000001389,0.9999999998822244
9929,99.29000000001389,0.9999999998825135
9930,99.3000000000139,0.9999999998828019
9931,99.3100000000139,0.9999999998830896
9932,99.3200000000139,0.9999999998833768
9933,99.33000000001391,0.9999999998836633
9934,99.34000000001392,0.9999999998839492
9935,99.35000000001392,0.9999999998842345
9936,99.36000000001393,0.9999999998845192
9937,99.37000000001393,0.9999999998848031
9938,99.38000000001394,0.9999999998850866
9939,99.39000000001394,0.9999999998853694
9940,99.40000000001395,0.9999999998856516
9941,99.41000000001395,0.9999999998859331
9942,99.42000000001396,0.9999999998862141
9943,99.43000000001396,0.9999999998864945
9944,99.44000000001397,0.9999999998867741
9945,99.45000000001397,0.9999999998870532
9946,99.46000000001398,0.9999999998873318
9947,99.47000000001398,0.9999999998876097
9948,99.48000000001399,0.999999999887887
9949,99.49000000001399,0.9999999998881637
9950,99.500000000014,0.9999999998884398
9951,99.510000000014,0.9999999998887152
9952,99.52000000001401,0.9999999998889901
9953,99.53000000001401,0.9999999998892645
9954,99.54000000001402,0.9999999998895381
9955,99.55000000001402,0.9999999998898113
9956,99.56000000001403,0.9999999998900837
9957,99.57000000001403,0.9999999998903556
9958,99.58000000001404,0.9999999998906269
9959,99.59000000001404,0.9999999998908976
9960,99.60000000001405,0.9999999998911677
9961,99.61000000001405,0.9999999998914372
9962,99.62000000001406,0.9999999998917062
9963,99.63000000001406,0.9999999998919745
9964,99.64000000001407,0.9999999998922422
9965,99.65000000001407,0.9999999998925094
9966,99.66000000001408,0.999999999892776
9967,99.67000000001408,0.9999999998930419
9968,99.68000000001409,0.9999999998933073
9969,99.6900000000141,0.9999999998935721
9970,99.7000000000141,0.9999999998938364
9971,99.7100000000141,0.9999999998941
9972,99.72000000001411,0.9999999998943632
9973,99.73000000001412,0.9999999998946256
9974,99.74000000001412,0.9999999998948875
9975,99.75000000001413,0.9999999998951489
9976,99.76000000001413,0.9999999998954097
9977,99.77000000001414,0.9999999998956699
9978,99.78000000001414,0.9999999998959295
9979,99.79000000001415,0.9999999998961885
9980,99.80000000001415,0.9999999998964471
9981,99.81000000001416,0.999999999896705
9982,99.82000000001416,0.9999999998969622
9983,99.83000000001417,0.999999999897219
9984,99.84000000001417,0.9999999998974752
9985,99.85000000001418,0.9999999998977308
9986,99.86000000001418,0.9999999998979859
9987,99.87000000001419,0.9999999998982404
9988,99.88000000001419,0.9999999998984944
9989,99.8900000000142,0.9999999998987478
9990,99.9000000000142,0.9999999998990006
9991,99.91000000001421,0.9999999998992528
9992,99.92000000001421,0.9999999998995046
9993,99.93000000001422,0.9999999998997557
9994,99.94000000001422,0.9999999999000063
9995,99.95000000001423,0.9999999999002563
9996,99.96000000001423,0.9999999999005058
9997,99.97000000001424,0.9999999999007547
9998,99.98000000001424,0.9999999999010032
9999,99.99000000001425,0.999999999901251
10000,100.00000000001425,0.9999999999014982
10001,100.01000000001426,0.9999999999017449
10002,100.02000000001426,0.9999999999019912
10003,100.03000000001427,0.9999999999022368
10004,100.04000000001427,0.9999999999024819
10005,100.05000000001428,0.9999999999027264
10006,100.06000000001428,0.9999999999029704
10007,100.07000000001429,0.9999999999032139
10008,100.0800000000143,0.9999999999034568
10009,100.0900000000143,0.9999999999036991
10010,100.1000000000143,0.999999999903941
10011,100.11000000001431,0.9999999999041823
10012,100.12000000001431,0.999999999904423
10013,100.13000000001432,0.9999999999046633
10014,100.14000000001433,0.999999999904903
10015,100.15000000001433,0.9999999999051421
10016,100.16000000001434,0.9999999999053807
10017,100.17000000001434,0.9999999999056188
10018,100.18000000001435,0.9999999999058563
10019,100.19000000001435,0.9999999999060933
10020,100.20000000001436,0.9999999999063299
10021,100.21000000001436,0.9999999999065659
10022,100.22000000001437,0.9999999999068013
10023,100.23000000001437,0.9999999999070361
10024,100.24000000001438,0.9999999999072706
10025,100.25000000001438,0.9999999999075044
10026,100.26000000001439,0.9999999999077378
10027,100.27000000001439,0.9999999999079706
10028,100.2800000000144,0.9999999999082029
10029,100.2900000000144,0.9999999999084347
10030,100.3000000000144,0.999999999908666
10031,100.31000000001441,0.9999999999088967
10032,100.32000000001442,0.9999999999091269
10033,100.33000000001442,0.9999999999093566
10034,100.34000000001443,0.9999999999095858
10035,100.35000000001443,0.9999999999098145
10036,100.36000000001444,0.9999999999100426
10037,100.37000000001444,0.9999999999102702
10038,100.38000000001445,0.9999999999104974
10039,100.39000000001445,0.999999999910724
10040,100.40000000001446,0.9999999999109501
10041,100.41000000001446,0.9999999999111757
10042,100.42000000001447,0.9999999999114009
10043,100.43000000001447,0.9999999999116255
10044,100.44000000001448,0.9999999999118495
10045,100.45000000001448,0.9999999999120731
10046,100.46000000001449,0.9999999999122962
10047,100.4700000000145,0.9999999999125188
10048,100.4800000000145,0.9999999999127408
10049,100.4900000000145,0.9999999999129624
10050,100.50000000001451,0.9999999999131834
10051,100.51000000001451,0.999999999913404
10052,100.52000000001452,0.9999999999136242
10053,100.53000000001452,0.9999999999138437
10054,100.54000000001453,0.9999999999140629
10055,100.55000000001453,0.9999999999142815
10056,100.56000000001454,0.9999999999144995
10057,100.57000000001455,0.9999999999147171
10058,100.58000000001455,0.9999999999149343
10059,100.59000000001456,0.9999999999151509
10060,100.60000000001456,0.999999999915367
10061,100.61000000001457,0.9999999999155826
10062,100.62000000001457,0.9999999999157978
10063,100.63000000001458,0.9999999999160124
10064,100.64000000001458,0.9999999999162267
10065,100.65000000001459,0.9999999999164403
10066,100.66000000001459,0.9999999999166536
10067,100.6700000000146,0.9999999999168663
10068,100.6800000000146,0.9999999999170786
10069,100.6900000000146,0.9999999999172903
10070,100.70000000001461,0.9999999999175015
10071,100.71000000001462,0.9999999999177124
10072,100.72000000001462,0.9999999999179227
10073,100.73000000001463,0.9999999999181325
10074,100.74000000001463,0.9999999999183419
10075,100.75000000001464,0.9999999999185508
10076,100.76000000001464,0.9999999999187592
10077,100.77000000001465,0.9999999999189672
10078,100.78000000001465,0.9999999999191747
10079,100.79000000001466,0.9999999999193816
10080,100.80000000001466,0.9999999999195881
10081,100.81000000001467,0.9999999999197942
10082,100.82000000001467,0.9999999999199998
10083,100.83000000001468,0.9999999999202049
10084,100.84000000001468,0.9999999999204096
10085,100.85000000001469,0.9999999999206137
10086,100.8600000000147,0.9999999999208175
10087,100.8700000000147,0.9999999999210207
10088,100.8800000000147,0.9999999999212235
10089,100.89000000001471,0.9999999999214259
10090,100.90000000001471,0.9999999999216277
10091,100.91000000001472,0.9999999999218291
10092,100.92000000001472,0.99999999992203
10093,100.93000000001473,0.9999999999222305
10094,100.94000000001473,0.9999999999224305
10095,100.95000000001474,0.9999999999226301
10096,100.96000000001474,0.9999999999228292
10097,100.97000000001475,0.9999999999230279
10098,100.98000000001475,0.9999999999232261
10099,100.99000000001476,0.9999999999234238
10100,101.00000000001477,0.9999999999236211
10101,101.01000000001477,0.9999999999238179
10102,101.02000000001478,0.9999999999240143
10103,101.03000000001478,0.9999999999242103
10104,101.04000000001479,0.9999999999244057
10105,101.05000000001479,0.9999999999246008
10106,101.0600000000148,0.9999999999247954
10107,101.0700000000148,0.9999999999249896
10108,101.0800000000148,0.9999999999251832
10109,101.09000000001481,0.9999999999253765
10110,101.10000000001482,0.9999999999255693
10111,101.11000000001482,0.9999999999257616
10112,101.12000000001483,0.9999999999259536
10113,101.13000000001483,0.9999999999261451
10114,101.14000000001484,0.999999999926336
10115,101.15000000001484,0.9999999999265267
10116,101.16000000001485,0.9999999999267168
10117,101.17000000001485,0.9999999999269066
10118,101.18000000001486,0.9999999999270959
10119,101.19000000001486,0.9999999999272847
10120,101.20000000001487,0.9999999999274731
10121,101.21000000001487,0.9999999999276611
10122,101.22000000001488,0.9999999999278486
10123,101.23000000001488,0.9999999999280357
10124,101.24000000001489,0.9999999999282224
10125,101.2500000000149,0.9999999999284086
10126,101.2600000000149,0.9999999999285945
10127,101.2700000000149,0.9999999999287799
10128,101.28000000001491,0.9999999999289648
10129,101.29000000001491,0.9999999999291493
10130,101.30000000001492,0.9999999999293334
10131,101.31000000001492,0.999999999929517
10132,101.32000000001493,0.9999999999297003
10133,101.33000000001493,0.9999999999298832
10134,101.34000000001494,0.9999999999300656
10135,101.35000000001494,0.9999999999302476
10136,101.36000000001495,0.9999999999304291
10137,101.37000000001495,0.9999999999306103
10138,101.38000000001496,0.9999999999307909
10139,101.39000000001496,0.9999999999309712
10140,101.40000000001497,0.9999999999311511
10141,101.41000000001497,0.9999999999313306
10142,101.42000000001498,0.9999999999315097
10143,101.43000000001499,0.9999999999316882
10144,101.44000000001499,0.9999999999318665
10145,101.450000000015,0.9999999999320442
10146,101.460000000015,0.9999999999322217
10147,101.470000000015,0.9999999999323986
10148,101.48000000001501,0.9999999999325752
10149,101.49000000001502,0.9999999999327513
10150,101.50000000001502,0.9999999999329271
10151,101.51000000001503,0.9999999999331024
10152,101.52000000001503,0.9999999999332773
10153,101.53000000001504,0.9999999999334518
10154,101.54000000001504,0.9999999999336259
10155,101.55000000001505,0.9999999999337996
10156,101.56000000001505,0.9999999999339729
10157,101.57000000001506,0.9999999999341458
10158,101.58000000001506,0.9999999999343182
10159,101.59000000001507,0.9999999999344903
10160,101.60000000001507,0.999999999934662
10161,101.61000000001508,0.9999999999348332
10162,101.62000000001508,0.9999999999350042
10163,101.63000000001509,0.9999999999351746
10164,101.64000000001509,0.9999999999353447
10165,101.6500000000151,0.9999999999355144
10166,101.6600000000151,0.9999999999356837
10167,101.67000000001511,0.9999999999358525
10168,101.68000000001511,0.9999999999360211
10169,101.69000000001512,0.9999999999361892
10170,101.70000000001512,0.9999999999363568
10171,101.71000000001513,0.9999999999365241
10172,101.72000000001513,0.9999999999366911
10173,101.73000000001514,0.9999999999368576
10174,101.74000000001514,0.9999999999370237
10175,101.75000000001515,0.9999999999371895
10176,101.76000000001515,0.9999999999373548
10177,101.77000000001516,0.9999999999375198
10178,101.78000000001516,0.9999999999376843
10179,101.79000000001517,0.9999999999378485
10180,101.80000000001517,0.9999999999380124
10181,101.81000000001518,0.9999999999381758
10182,101.82000000001518,0.9999999999383388
10183,101.83000000001519,0.9999999999385014
10184,101.8400000000152,0.9999999999386637
10185,101.8500000000152,0.9999999999388256
10186,101.8600000000152,0.999999999938987
10187,101.87000000001521,0.9999999999391482
10188,101.88000000001522,0.9999999999393089
10189,101.89000000001522,0.9999999999394693
10190,101.90000000001523,0.9999999999396293
10191,101.91000000001523,0.9999999999397888
10192,101.92000000001524,0.999999999939948
10193,101.93000000001524,0.9999999999401069
10194,101.94000000001525,0.9999999999402654
10195,101.95000000001525,0.9999999999404235
10196,101.96000000001526,0.9999999999405812
10197,101.97000000001526,0.9999999999407386
10198,101.98000000001527,0.9999999999408956
10199,101.99000000001527,0.9999999999410522
10200,102.00000000001528,0.9999999999412085
10201,102.01000000001528,0.9999999999413642
10202,102.02000000001529,0.9999999999415198
10203,102.03000000001529,0.9999999999416749
10204,102.0400000000153,0.9999999999418296
10205,102.0500000000153,0.9999999999419841
10206,102.06000000001531,0.9999999999421381
10207,102.07000000001531,0.9999999999422917
10208,102.08000000001532,0.999999999942445
10209,102.09000000001532,0.999999999942598
10210,102.10000000001533,0.9999999999427506
10211,102.11000000001533,0.9999999999429028
10212,102.12000000001534,0.9999999999430547
10213,102.13000000001534,0.9999999999432061
10214,102.14000000001535,0.9999999999433572
10215,102.15000000001535,0.999999999943508
10216,102.16000000001536,0.9999999999436584
10217,102.17000000001536,0.9999999999438085
10218,102.18000000001537,0.9999999999439582
10219,102.19000000001537,0.9999999999441075
10220,102.20000000001538,0.9999999999442565
10221,102.21000000001538,0.9999999999444051
10222,102.22000000001539,0.9999999999445534
10223,102.2300000000154,0.9999999999447012
10224,102.2400000000154,0.9999999999448489
10225,102.2500000000154,0.999999999944996
10226,102.26000000001541,0.9999999999451429
10227,102.27000000001541,0.9999999999452894
10228,102.28000000001542,0.9999999999454355
10229,102.29000000001543,0.9999999999455814
10230,102.30000000001543,0.9999999999457269
10231,102.31000000001544,0.999999999945872
10232,102.32000000001544,0.9999999999460167
10233,102.33000000001545,0.9999999999461612
10234,102.34000000001545,0.9999999999463052
10235,102.35000000001546,0.999999999946449
10236,102.36000000001546,0.9999999999465923
10237,102.37000000001547,0.9999999999467354
10238,102.38000000001547,0.999999999946878
10239,102.39000000001548,0.9999999999470204
10240,102.40000000001548,0.9999999999471624
10241,102.41000000001549,0.999999999947304
10242,102.42000000001549,0.9999999999474454
10243,102.4300000000155,0.9999999999475864
10244,102.4400000000155,0.999999999947727
10245,102.4500000000155,0.9999999999478674
10246,102.46000000001551,0.9999999999480074
10247,102.47000000001552,0.999999999948147
10248,102.48000000001552,0.9999999999482864
10249,102.49000000001553,0.9999999999484253
10250,102.50000000001553,0.9999999999485639
10251,102.51000000001554,0.9999999999487023
10252,102.52000000001554,0.9999999999488401
10253,102.53000000001555,0.9999999999489778
10254,102.54000000001555,0.9999999999491151
10255,102.55000000001556,0.9999999999492521
10256,102.56000000001556,0.9999999999493887
10257,102.57000000001557,0.999999999949525
10258,102.58000000001557,0.999999999949661
10259,102.59000000001558,0.9999999999497967
10260,102.60000000001558,0.999999999949932
10261,102.61000000001559,0.999999999950067
10262,102.6200000000156,0.9999999999502017
10263,102.6300000000156,0.9999999999503361
10264,102.6400000000156,0.9999999999504701
10265,102.65000000001561,0.9999999999506038
10266,102.66000000001561,0.9999999999507372
10267,102.67000000001562,0.9999999999508702
10268,102.68000000001562,0.999999999951003
10269,102.69000000001563,0.9999999999511354
10270,102.70000000001563,0.9999999999512674
10271,102.71000000001564,0.9999999999513992
10272,102.72000000001565,0.9999999999515307
10273,102.73000000001565,0.9999999999516618
10274,102.74000000001566,0.9999999999517927
10275,102.75000000001566,0.9999999999519231
10276,102.76000000001567,0.9999999999520534
10277,102.77000000001567,0.9999999999521831
10278,102.78000000001568,0.9999999999523127
10279,102.79000000001568,0.9999999999524419
10280,102.80000000001569,0.9999999999525708
10281,102.81000000001569,0.9999999999526995
10282,102.8200000000157,0.9999999999528277
10283,102.8300000000157,0.9999999999529557
10284,102.8400000000157,0.9999999999530834
10285,102.85000000001571,0.9999999999532108
10286,102.86000000001572,0.9999999999533379
10287,102.87000000001572,0.9999999999534646
10288,102.88000000001573,0.999999999953591
10289,102.89000000001573,0.9999999999537171
10290,102.90000000001574,0.9999999999538429
10291,102.91000000001574,0.9999999999539685
10292,102.92000000001575,0.9999999999540936
10293,102.93000000001575,0.9999999999542185
10294,102.94000000001576,0.9999999999543432
10295,102.95000000001576,0.9999999999544674
10296,102.96000000001577,0.9999999999545914
10297,102.97000000001577,0.9999999999547151
10298,102.98000000001578,0.9999999999548385
10299,102.99000000001578,0.9999999999549616
10300,103.00000000001579,0.9999999999550844
10301,103.0100000000158,0.9999999999552068
10302,103.0200000000158,0.999999999955329
10303,103.0300000000158,0.9999999999554509
10304,103.04000000001581,0.9999999999555724
10305,103.05000000001581,0.9999999999556937
10306,103.06000000001582,0.9999999999558147
10307,103.07000000001582,0.9999999999559354
10308,103.08000000001583,0.9999999999560558
10309,103.09000000001583,0.9999999999561758
10310,103.10000000001584,0.9999999999562956
10311,103.11000000001584,0.9999999999564152
10312,103.12000000001585,0.9999999999565343
10313,103.13000000001585,0.9999999999566533
10314,103.14000000001586,0.9999999999567719
10315,103.15000000001586,0.9999999999568903
10316,103.16000000001587,0.9999999999570083
10317,103.17000000001588,0.9999999999571261
10318,103.18000000001588,0.9999999999572435
10319,103.19000000001589,0.9999999999573607
10320,103.20000000001589,0.9999999999574776
10321,103.2100000000159,0.9999999999575941
10322,103.2200000000159,0.9999999999577105
10323,103.2300000000159,0.9999999999578265
10324,103.24000000001591,0.9999999999579422
10325,103.25000000001592,0.9999999999580577
10326,103.26000000001592,0.9999999999581729
10327,103.27000000001593,0.9999999999582878
10328,103.28000000001593,0.9999999999584024
10329,103.29000000001594,0.9999999999585166
10330,103.30000000001594,0.9999999999586308
10331,103.31000000001595,0.9999999999587444
10332,103.32000000001595,0.9999999999588579
10333,103.33000000001596,0.9999999999589712
10334,103.34000000001596,0.9999999999590841
10335,103.35000000001597,0.9999999999591966
10336,103.36000000001597,0.999999999959309
10337,103.37000000001598,0.9999999999594211
10338,103.38000000001598,0.9999999999595329
10339,103.39000000001599,0.9999999999596444
10340,103.400000000016,0.9999999999597556
10341,103.410000000016,0.9999999999598667
10342,103.420000000016,0.9999999999599773
10343,103.43000000001601,0.9999999999600877
10344,103.44000000001601,0.9999999999601978
10345,103.45000000001602,0.9999999999603078
10346,103.46000000001602,0.9999999999604173
10347,103.47000000001603,0.9999999999605267
10348,103.48000000001603,0.9999999999606357
10349,103.49000000001604,0.9999999999607445
10350,103.50000000001604,0.999999999960853
10351,103.51000000001605,0.9999999999609612
10352,103.52000000001605,0.9999999999610693
10353,103.53000000001606,0.9999999999611769
10354,103.54000000001606,0.9999999999612844
10355,103.55000000001607,0.9999999999613916
10356,103.56000000001607,0.9999999999614985
10357,103.57000000001608,0.999999999961605
10358,103.58000000001608,0.9999999999617115
10359,103.59000000001609,0.9999999999618175
10360,103.6000000000161,0.9999999999619235
10361,103.6100000000161,0.999999999962029
10362,103.6200000000161,0.9999999999621343
10363,103.63000000001611,0.9999999999622393
10364,103.64000000001612,0.9999999999623441
10365,103.65000000001612,0.9999999999624487
10366,103.66000000001613,0.999999999962553
10367,103.67000000001613,0.999999999962657
10368,103.68000000001614,0.9999999999627607
10369,103.69000000001614,0.9999999999628642
10370,103.70000000001615,0.9999999999629674
10371,103.71000000001615,0.9999999999630703
10372,103.72000000001616,0.999999999963173
10373,103.73000000001616,0.9999999999632755
10374,103.74000000001617,0.9999999999633777
10375,103.75000000001617,0.9999999999634797
10376,103.76000000001618,0.9999999999635814
10377,103.77000000001618,0.9999999999636827
10378,103.78000000001619,0.999999999963784
10379,103.79000000001619,0.9999999999638849
10380,103.8000000000162,0.9999999999639855
10381,103.8100000000162,0.999999999964086
10382,103.82000000001621,0.9999999999641861
10383,103.83000000001621,0.999999999964286
10384,103.84000000001622,0.9999999999643857
10385,103.85000000001622,0.9999999999644851
10386,103.86000000001623,0.9999999999645842
10387,103.87000000001623,0.9999999999646831
10388,103.88000000001624,0.9999999999647818
10389,103.89000000001624,0.9999999999648802
10390,103.90000000001625,0.9999999999649783
10391,103.91000000001625,0.9999999999650763
10392,103.92000000001626,0.999999999965174
10393,103.93000000001626,0.9999999999652713
10394,103.94000000001627,0.9999999999653686
10395,103.95000000001627,0.9999999999654655
10396,103.96000000001628,0.9999999999655622
10397,103.97000000001628,0.9999999999656586
10398,103.98000000001629,0.9999999999657548
10399,103.9900000000163,0.9999999999658508
10400,104.0000000000163,0.9999999999659465
10401,104.0100000000163,0.9999999999660419
10402,104.02000000001631,0.9999999999661372
10403,104.03000000001632,0.9999999999662321
10404,104.04000000001632,0.9999999999663269
10405,104.05000000001633,0.9999999999664214
10406,104.06000000001633,0.9999999999665157
10407,104.07000000001634,0.9999999999666097
10408,104.08000000001634,0.9999999999667035
10409,104.09000000001635,0.9999999999667971
10410,104.10000000001635,0.9999999999668904
10411,104.11000000001636,0.9999999999669835
10412,104.12000000001636,0.9999999999670763
10413,104.13000000001637,0.9999999999671689
10414,104.14000000001637,0.9999999999672613
10415,104.15000000001638,0.9999999999673534
10416,104.16000000001638,0.9999999999674454
10417,104.17000000001639,0.9999999999675371
10418,104.18000000001639,0.9999999999676285
10419,104.1900000000164,0.9999999999677197
10420,104.2000000000164,0.9999999999678106
10421,104.21000000001641,0.9999999999679015
10422,104.22000000001641,0.9999999999679919
10423,104.23000000001642,0.9999999999680822
10424,104.24000000001642,0.9999999999681722
10425,104.25000000001643,0.999999999968262
10426,104.26000000001643,0.9999999999683516
10427,104.27000000001644,0.999999999968441
10428,104.28000000001644,0.9999999999685302
10429,104.29000000001645,0.9999999999686191
10430,104.30000000001645,0.9999999999687078
10431,104.31000000001646,0.9999999999687962
10432,104.32000000001646,0.9999999999688844
10433,104.33000000001647,0.9999999999689725
10434,104.34000000001647,0.9999999999690603
10435,104.35000000001648,0.9999999999691478
10436,104.36000000001648,0.9999999999692352
10437,104.37000000001649,0.9999999999693222
10438,104.3800000000165,0.9999999999694091
10439,104.3900000000165,0.9999999999694958
10440,104.4000000000165,0.9999999999695822
10441,104.41000000001651,0.9999999999696685
10442,104.42000000001651,0.9999999999697545
10443,104.43000000001652,0.9999999999698402
10444,104.44000000001652,0.9999999999699258
10445,104.45000000001653,0.9999999999700112
10446,104.46000000001654,0.9999999999700963
10447,104.47000000001654,0.9999999999701812
10448,104.48000000001655,0.9999999999702659
10449,104.49000000001655,0.9999999999703504
10450,104.50000000001656,0.9999999999704346
10451,104.51000000001656,0.9999999999705187
10452,104.52000000001657,0.9999999999706025
10453,104.53000000001657,0.9999999999706861
10454,104.54000000001658,0.9999999999707695
10455,104.55000000001658,0.9999999999708526
10456,104.56000000001659,0.9999999999709356
10457,104.57000000001659,0.9999999999710183
10458,104.5800000000166,0.9999999999711009
10459,104.5900000000166,0.9999999999711832
10460,104.6000000000166,0.9999999999712653
10461,104.61000000001661,0.9999999999713473
10462,104.62000000001662,0.9999999999714289
10463,104.63000000001662,0.9999999999715103
10464,104.64000000001663,0.9999999999715916
10465,104.65000000001663,0.9999999999716727
10466,104.66000000001664,0.9999999999717536
10467,104.67000000001664,0.9999999999718342
10468,104.68000000001665,0.9999999999719146
10469,104.69000000001665,0.9999999999719948
10470,104.70000000001666,0.9999999999720749
10471,104.71000000001666,0.9999999999721547
10472,104.72000000001667,0.9999999999722343
10473,104.73000000001667,0.9999999999723137
10474,104.74000000001668,0.9999999999723929
10475,104.75000000001668,0.9999999999724718
10476,104.76000000001669,0.9999999999725506
10477,104.7700000000167,0.9999999999726292
10478,104.7800000000167,0.9999999999727076
10479,104.7900000000167,0.9999999999727858
10480,104.80000000001671,0.9999999999728637
10481,104.81000000001671,0.9999999999729415
10482,104.82000000001672,0.999999999973019
10483,104.83000000001672,0.9999999999730964
10484,104.84000000001673,0.9999999999731736
10485,104.85000000001673,0.9999999999732505
10486,104.86000000001674,0.9999999999733273
10487,104.87000000001674,0.9999999999734038
10488,104.88000000001675,0.9999999999734802
10489,104.89000000001676,0.9999999999735564
10490,104.90000000001676,0.9999999999736323
10491,104.91000000001677,0.9999999999737081
10492,104.92000000001677,0.9999999999737837
10493,104.93000000001678,0.9999999999738591
10494,104.94000000001678,0.9999999999739343
10495,104.95000000001679,0.9999999999740092
10496,104.96000000001679,0.9999999999740841
10497,104.9700000000168,0.9999999999741587
10498,104.9800000000168,0.9999999999742331
10499,104.9900000000168,0.9999999999743072
10500,105.00000000001681,0.9999999999743813
10501,105.01000000001682,0.9999999999744551
10502,105.02000000001682,0.9999999999745287
10503,105.03000000001683,0.9999999999746021
10504,105.04000000001683,0.9999999999746754
10505,105.05000000001684,0.9999999999747484
10506,105.06000000001684,0.9999999999748213
10507,105.07000000001685,0.999999999974894
10508,105.08000000001685,0.9999999999749665
10509,105.09000000001686,0.9999999999750387
10510,105.10000000001686,0.9999999999751108
10511,105.11000000001687,0.9999999999751827
10512,105.12000000001687,0.9999999999752545
10513,105.13000000001688,0.999999999975326
10514,105.14000000001688,0.9999999999753973
10515,105.15000000001689,0.9999999999754685
10516,105.1600000000169,0.9999999999755395
10517,105.1700000000169,0.9999999999756103
10518,105.1800000000169,0.9999999999756809
10519,105.19000000001691,0.9999999999757513
10520,105.20000000001691,0.9999999999758215
10521,105.21000000001692,0.9999999999758915
10522,105.22000000001692,0.9999999999759615
10523,105.23000000001693,0.9999999999760311
10524,105.24000000001693,0.9999999999761006
10525,105.25000000001694,0.99999999997617
10526,105.26000000001694,0.999999999976239
10527,105.27000000001695,0.999999999976308
10528,105.28000000001695,0.9999999999763768
10529,105.29000000001696,0.9999999999764453
10530,105.30000000001696,0.9999999999765138
10531,105.31000000001697,0.999999999976582
10532,105.32000000001698,0.99999999997665
10533,105.33000000001698,0.9999999999767178
10534,105.34000000001699,0.9999999999767856
10535,105.35000000001699,0.9999999999768531
10536,105.360000000017,0.9999999999769205
10537,105.370000000017,0.9999999999769875
10538,105.380000000017,0.9999999999770546
10539,105.39000000001701,0.9999999999771213
10540,105.40000000001702,0.9999999999771879
10541,105.41000000001702,0.9999999999772544
10542,105.42000000001703,0.9999999999773207
10543,105.43000000001703,0.9999999999773868
10544,105.44000000001704,0.9999999999774527
10545,105.45000000001704,0.9999999999775184
10546,105.46000000001705,0.999999999977584
10547,105.47000000001705,0.9999999999776494
10548,105.48000000001706,0.9999999999777146
10549,105.49000000001706,0.9999999999777797
10550,105.50000000001707,0.9999999999778446
10551,105.51000000001707,0.9999999999779093
10552,105.52000000001708,0.9999999999779738
10553,105.53000000001708,0.9999999999780382
10554,105.54000000001709,0.9999999999781024
10555,105.55000000001709,0.9999999999781664
10556,105.5600000000171,0.9999999999782303
10557,105.5700000000171,0.9999999999782939
10558,105.58000000001711,0.9999999999783574
10559,105.59000000001711,0.9999999999784208
10560,105.60000000001712,0.999999999978484
10561,105.61000000001712,0.9999999999785469
10562,105.62000000001713,0.9999999999786099
10563,105.63000000001713,0.9999999999786725
10564,105.64000000001714,0.999999999978735
10565,105.65000000001714,0.9999999999787974
10566,105.66000000001715,0.9999999999788596
10567,105.67000000001715,0.9999999999789215
10568,105.68000000001716,0.9999999999789834
10569,105.69000000001716,0.9999999999790451
10570,105.70000000001717,0.9999999999791066
10571,105.71000000001717,0.9999999999791679
10572,105.72000000001718,0.9999999999792292
10573,105.73000000001718,0.9999999999792901
10574,105.74000000001719,0.999999999979351
10575,105.7500000000172,0.9999999999794117
10576,105.7600000000172,0.9999999999794722
10577,105.7700000000172,0.9999999999795326
10578,105.78000000001721,0.9999999999795929
10579,105.79000000001722,0.9999999999796528
10580,105.80000000001722,0.9999999999797128
10581,105.81000000001723,0.9999999999797725
10582,105.82000000001723,0.9999999999798321
10583,105.83000000001724,0.9999999999798915
10584,105.84000000001724,0.9999999999799507
10585,105.85000000001725,0.9999999999800099
10586,105.86000000001725,0.9999999999800687
10587,105.87000000001726,0.9999999999801276
10588,105.88000000001726,0.9999999999801862
10589,105.89000000001727,0.9999999999802446
10590,105.90000000001727,0.999999999980303
10591,105.91000000001728,0.999999999980361
10592,105.92000000001728,0.9999999999804191
10593,105.93000000001729,0.999999999980477
10594,105.94000000001729,0.9999999999805346
10595,105.9500000000173,0.9999999999805921
10596,105.9600000000173,0.9999999999806495
10597,105.97000000001731,0.9999999999807068
10598,105.98000000001731,0.9999999999807637
10599,105.99000000001732,0.9999999999808207
10600,106.00000000001732,0.9999999999808774
10601,106.01000000001733,0.999999999980934
10602,106.02000000001733,0.9999999999809905
10603,106.03000000001734,0.9999999999810468
10604,106.04000000001734,0.9999999999811029
10605,106.05000000001735,0.999999999981159
10606,106.06000000001735,0.9999999999812148
10607,106.07000000001736,0.9999999999812704
10608,106.08000000001736,0.999999999981326
10609,106.09000000001737,0.9999999999813814
10610,106.10000000001737,0.9999999999814366
10611,106.11000000001738,0.9999999999814918
10612,106.12000000001738,0.9999999999815467
10613,106.13000000001739,0.9999999999816015
10614,106.1400000000174,0.9999999999816561
10615,106.1500000000174,0.9999999999817106
10616,106.1600000000174,0.999999999981765
10617,106.17000000001741,0.9999999999818192
10618,106.18000000001742,0.9999999999818733
10619,106.19000000001742,0.9999999999819272
10620,106.20000000001743,0.999999999981981
10621,106.21000000001743,0.9999999999820346
10622,106.22000000001744,0.9999999999820881
10623,106.23000000001744,0.9999999999821414
10624,106.24000000001745,0.9999999999821946
10625,106.25000000001745,0.9999999999822476
10626,106.26000000001746,0.9999999999823005
10627,106.27000000001746,0.9999999999823532
10628,106.28000000001747,0.9999999999824059
10629,106.29000000001747,0.9999999999824584
10630,106.30000000001748,0.9999999999825107
10631,106.31000000001748,0.9999999999825628
10632,106.32000000001749,0.9999999999826149
10633,106.33000000001749,0.9999999999826668
10634,106.3400000000175,0.9999999999827186
10635,106.3500000000175,0.9999999999827702
10636,106.36000000001751,0.9999999999828216
10637,106.37000000001751,0.999999999982873
10638,106.38000000001752,0.9999999999829242
10639,106.39000000001752,0.9999999999829753
10640,106.40000000001753,0.9999999999830261
10641,106.41000000001753,0.999999999983077
10642,106.42000000001754,0.9999999999831276
10643,106.43000000001754,0.9999999999831781
10644,106.44000000001755,0.9999999999832284
10645,106.45000000001755,0.9999999999832787
10646,106.46000000001756,0.9999999999833288
10647,106.47000000001756,0.9999999999833787
10648,106.48000000001757,0.9999999999834286
10649,106.49000000001757,0.9999999999834782
10650,106.50000000001758,0.9999999999835277
10651,106.51000000001758,0.9999999999835771
10652,106.52000000001759,0.9999999999836264
10653,106.5300000000176,0.9999999999836756
10654,106.5400000000176,0.9999999999837246
10655,106.5500000000176,0.9999999999837735
10656,106.56000000001761,0.9999999999838223
10657,106.57000000001761,0.9999999999838708
10658,106.58000000001762,0.9999999999839193
10659,106.59000000001762,0.9999999999839676
10660,106.60000000001763,0.9999999999840158
10661,106.61000000001764,0.9999999999840639
10662,106.62000000001764,0.9999999999841118
10663,106.63000000001765,0.9999999999841597
10664,106.64000000001765,0.9999999999842073
10665,106.65000000001766,0.9999999999842549
10666,106.66000000001766,0.9999999999843023
10667,106.67000000001767,0.9999999999843496
10668,106.68000000001767,0.9999999999843967
10669,106.69000000001768,0.9999999999844438
10670,106.70000000001768,0.9999999999844906
10671,106.71000000001769,0.9999999999845375
10672,106.72000000001769,0.9999999999845841
10673,106.7300000000177,0.9999999999846306
10674,106.7400000000177,0.9999999999846769
10675,106.7500000000177,0.9999999999847232
10676,106.76000000001771,0.9999999999847694
10677,106.77000000001772,0.9999999999848154
10678,106.78000000001772,0.9999999999848612
10679,106.79000000001773,0.999999999984907
10680,106.80000000001773,0.9999999999849526
10681,106.81000000001774,0.9999999999849981
10682,106.82000000001774,0.9999999999850434
10683,106.83000000001775,0.9999999999850887
10684,106.84000000001775,0.9999999999851338
10685,106.85000000001776,0.9999999999851789
10686,106.86000000001776,0.9999999999852237
10687,106.87000000001777,0.9999999999852685
10688,106.88000000001777,0.9999999999853131
10689,106.89000000001778,0.9999999999853575
10690,106.90000000001778,0.9999999999854019
10691,106.91000000001779,0.9999999999854462
10692,106.9200000000178,0.9999999999854903
10693,106.9300000000178,0.9999999999855343
10694,106.9400000000178,0.9999999999855782
10695,106.95000000001781,0.999999999985622
10696,106.96000000001781,0.9999999999856656
10697,106.97000000001782,0.9999999999857091
10698,106.98000000001782,0.9999999999857525
10699,106.99000000001783,0.9999999999857958
10700,107.00000000001783,0.999999999985839
10701,107.01000000001784,0.999999999985882
10702,107.02000000001784,0.9999999999859249
10703,107.03000000001785,0.9999999999859677
10704,107.04000000001786,0.9999999999860104
10705,107.05000000001786,0.9999999999860529
10706,107.06000000001787,0.9999999999860955
10707,107.07000000001787,0.9999999999861378
10708,107.08000000001788,0.9999999999861799
10709,107.09000000001788,0.999999999986222
10710,107.10000000001789,0.999999999986264
10711,107.11000000001789,0.9999999999863058
10712,107.1200000000179,0.9999999999863476
10713,107.1300000000179,0.9999999999863892
10714,107.1400000000179,0.9999999999864307
10715,107.15000000001791,0.9999999999864722
10716,107.16000000001792,0.9999999999865135
10717,107.17000000001792,0.9999999999865545
10718,107.18000000001793,0.9999999999865956
10719,107.19000000001793,0.9999999999866366
10720,107.20000000001794,0.9999999999866773
10721,107.21000000001794,0.9999999999867181
10722,107.22000000001795,0.9999999999867587
10723,107.23000000001795,0.9999999999867991
10724,107.24000000001796,0.9999999999868395
10725,107.25000000001796,0.9999999999868797
10726,107.26000000001797,0.9999999999869199
10727,107.27000000001797,0.9999999999869599
10728,107.28000000001798,0.9999999999869998
10729,107.29000000001798,0.9999999999870396
10730,107.30000000001799,0.9999999999870793
10731,107.310000000018,0.9999999999871189
10732,107.320000000018,0.9999999999871584
10733,107.330000000018,0.9999999999871977
10734,107.34000000001801,0.999999999987237
10735,107.35000000001801,0.9999999999872761
10736,107.36000000001802,0.9999999999873151
10737,107.37000000001802,0.999999999987354
10738,107.38000000001803,0.9999999999873929
10739,107.39000000001803,0.9999999999874315
10740,107.40000000001804,0.9999999999874701
10741,107.41000000001804,0.9999999999875087
10742,107.42000000001805,0.999999999987547
10743,107.43000000001805,0.9999999999875853
10744,107.44000000001806,0.9999999999876233
10745,107.45000000001806,0.9999999999876614
10746,107.46000000001807,0.9999999999876994
10747,107.47000000001808,0.9999999999877373
10748,107.48000000001808,0.999999999987775
10749,107.49000000001809,0.9999999999878125
10750,107.50000000001809,0.99999999998785
10751,107.5100000000181,0.9999999999878875
10752,107.5200000000181,0.9999999999879248
10753,107.5300000000181,0.999999999987962
10754,107.54000000001811,0.9999999999879992
10755,107.55000000001812,0.9999999999880361
10756,107.56000000001812,0.999999999988073
10757,107.57000000001813,0.9999999999881097
10758,107.58000000001813,0.9999999999881465
10759,107.59000000001814,0.999999999988183
10760,107.60000000001814,0.9999999999882195
10761,107.61000000001815,0.9999999999882558
10762,107.62000000001815,0.9999999999882921
10763,107.63000000001816,0.9999999999883282
10764,107.64000000001816,0.9999999999883643
10765,107.65000000001817,0.9999999999884003
10766,107.66000000001817,0.9999999999884361
10767,107.67000000001818,0.9999999999884719
10768,107.68000000001818,0.9999999999885075
10769,107.69000000001819,0.999999999988543
10770,107.70000000001819,0.9999999999885786
10771,107.7100000000182,0.9999999999886139
10772,107.7200000000182,0.9999999999886492
10773,107.73000000001821,0.9999999999886843
10774,107.74000000001821,0.9999999999887194
10775,107.75000000001822,0.9999999999887543
10776,107.76000000001822,0.9999999999887892
10777,107.77000000001823,0.9999999999888239
10778,107.78000000001823,0.9999999999888586
10779,107.79000000001824,0.9999999999888931
10780,107.80000000001824,0.9999999999889275
10781,107.81000000001825,0.9999999999889619
10782,107.82000000001825,0.9999999999889961
10783,107.83000000001826,0.9999999999890303
10784,107.84000000001826,0.9999999999890644
10785,107.85000000001827,0.9999999999890984
10786,107.86000000001827,0.9999999999891322
10787,107.87000000001828,0.999999999989166
10788,107.88000000001828,0.9999999999891998
10789,107.89000000001829,0.9999999999892333
10790,107.9000000000183,0.9999999999892668
10791,107.9100000000183,0.9999999999893001
10792,107.9200000000183,0.9999999999893334
10793,107.93000000001831,0.9999999999893666
10794,107.94000000001832,0.9999999999893998
10795,107.95000000001832,0.9999999999894328
10796,107.96000000001833,0.9999999999894656
10797,107.97000000001833,0.9999999999894985
10798,107.98000000001834,0.9999999999895313
10799,107.99000000001834,0.9999999999895639
10800,108.00000000001835,0.9999999999895964
10801,108.01000000001835,0.9999999999896289
10802,108.02000000001836,0.9999999999896613
10803,108.03000000001836,0.9999999999896935
10804,108.04000000001837,0.9999999999897257
10805,108.05000000001837,0.9999999999897577
10806,108.06000000001838,0.9999999999897897
10807,108.07000000001838,0.9999999999898216
10808,108.08000000001839,0.9999999999898534
10809,108.09000000001839,0.9999999999898851
10810,108.1000000000184,0.9999999999899167
10811,108.1100000000184,0.9999999999899483
10812,108.12000000001841,0.9999999999899797
10813,108.13000000001841,0.9999999999900111
10814,108.14000000001842,0.9999999999900423
10815,108.15000000001842,0.9999999999900735
10816,108.16000000001843,0.9999999999901046
10817,108.17000000001843,0.9999999999901356
10818,108.18000000001844,0.9999999999901664
10819,108.19000000001844,0.9999999999901973
10820,108.20000000001845,0.999999999990228
10821,108.21000000001845,0.9999999999902587
10822,108.22000000001846,0.9999999999902892
10823,108.23000000001846,0.9999999999903196
10824,108.24000000001847,0.99999999999035
10825,108.25000000001847,0.9999999999903803
10826,108.26000000001848,0.9999999999904104
10827,108.27000000001848,0.9999999999904406
10828,108.28000000001849,0.9999999999904706
10829,108.2900000000185,0.9999999999905006
10830,108.3000000000185,0.9999999999905304
10831,108.3100000000185,0.9999999999905601
10832,108.32000000001851,0.9999999999905899
10833,108.33000000001852,0.9999999999906194
10834,108.34000000001852,0.9999999999906489
10835,108.35000000001853,0.9999999999906783
10836,108.36000000001853,0.9999999999907077
10837,108.37000000001854,0.999999999990737
10838,108.38000000001854,0.999999999990766
10839,108.39000000001855,0.9999999999907951
10840,108.40000000001855,0.9999999999908242
10841,108.41000000001856,0.9999999999908531
10842,108.42000000001856,0.999999999990882
10843,108.43000000001857,0.9999999999909107
10844,108.44000000001857,0.9999999999909394
10845,108.45000000001858,0.9999999999909679
10846,108.46000000001858,0.9999999999909964
10847,108.47000000001859,0.9999999999910248
10848,108.48000000001859,0.9999999999910532
10849,108.4900000000186,0.9999999999910814
10850,108.5000000000186,0.9999999999911096
10851,108.51000000001861,0.9999999999911376
10852,108.52000000001861,0.9999999999911656
10853,108.53000000001862,0.9999999999911936
10854,108.54000000001862,0.9999999999912214
10855,108.55000000001863,0.9999999999912491
10856,108.56000000001863,0.9999999999912769
10857,108.57000000001864,0.9999999999913044
10858,108.58000000001864,0.9999999999913319
10859,108.59000000001865,0.9999999999913594
10860,108.60000000001865,0.9999999999913868
10861,108.61000000001866,0.999999999991414
10862,108.62000000001866,0.9999999999914412
10863,108.63000000001867,0.9999999999914684
10864,108.64000000001867,0.9999999999914954
10865,108.65000000001868,0.9999999999915223
10866,108.66000000001868,0.9999999999915492
10867,108.67000000001869,0.9999999999915761
10868,108.6800000000187,0.9999999999916027
10869,108.6900000000187,0.9999999999916294
10870,108.7000000000187,0.999999999991656
10871,108.71000000001871,0.9999999999916824
10872,108.72000000001871,0.9999999999917089
10873,108.73000000001872,0.9999999999917352
10874,108.74000000001872,0.9999999999917615
10875,108.75000000001873,0.9999999999917877
10876,108.76000000001874,0.9999999999918138
10877,108.77000000001874,0.9999999999918397
10878,108.78000000001875,0.9999999999918657
10879,108.79000000001875,0.9999999999918916
10880,108.80000000001876,0.9999999999919175
10881,108.81000000001876,0.9999999999919431
10882,108.82000000001877,0.9999999999919688
10883,108.83000000001877,0.9999999999919944
10884,108.84000000001878,0.9999999999920198
10885,108.85000000001878,0.9999999999920453
10886,108.86000000001879,0.9999999999920707
10887,108.87000000001879,0.9999999999920959
10888,108.8800000000188,0.9999999999921211
10889,108.8900000000188,0.9999999999921463
10890,108.9000000000188,0.9999999999921713
10891,108.91000000001881,0.9999999999921962
10892,108.92000000001882,0.9999999999922212
10893,108.93000000001882,0.999999999992246
10894,108.94000000001883,0.9999999999922707
10895,108.95000000001883,0.9999999999922955
10896,108.96000000001884,0.9999999999923201
10897,108.97000000001884,0.9999999999923447
10898,108.98000000001885,0.9999999999923691
10899,108.99000000001885,0.9999999999923935
10900,109.00000000001886,0.9999999999924178
10901,109.01000000001886,0.999999999992442
10902,109.02000000001887,0.9999999999924662
10903,109.03000000001887,0.9999999999924903
10904,109.04000000001888,0.9999999999925144
10905,109.05000000001888,0.9999999999925384
10906,109.06000000001889,0.9999999999925623
10907,109.0700000000189,0.9999999999925862
10908,109.0800000000189,0.9999999999926099
10909,109.0900000000189,0.9999999999926336
10910,109.10000000001891,0.9999999999926572
10911,109.11000000001891,0.9999999999926807
10912,109.12000000001892,0.9999999999927042
10913,109.13000000001892,0.9999999999927276
10914,109.14000000001893,0.9999999999927509
10915,109.15000000001893,0.9999999999927742
10916,109.16000000001894,0.9999999999927974
10917,109.17000000001894,0.9999999999928205
10918,109.18000000001895,0.9999999999928436
10919,109.19000000001896,0.9999999999928666
10920,109.20000000001896,0.9999999999928896
10921,109.21000000001897,0.9999999999929124
10922,109.22000000001897,0.9999999999929352
10923,109.23000000001898,0.999999999992958
10924,109.24000000001898,0.9999999999929806
10925,109.25000000001899,0.9999999999930032
10926,109.26000000001899,0.9999999999930257
10927,109.270000000019,0.9999999999930481
10928,109.280000000019,0.9999999999930705
10929,109.290000000019,0.9999999999930929
10930,109.30000000001901,0.9999999999931151
10931,109.31000000001902,0.9999999999931373
10932,109.32000000001902,0.9999999999931595
10933,109.33000000001903,0.9999999999931815
10934,109.34000000001903,0.9999999999932034
10935,109.35000000001904,0.9999999999932254
10936,109.36000000001904,0.9999999999932473
10937,109.37000000001905,0.999999999993269
10938,109.38000000001905,0.9999999999932908
10939,109.39000000001906,0.9999999999933125
10940,109.40000000001906,0.999999999993334
10941,109.41000000001907,0.9999999999933555
10942,109.42000000001907,0.9999999999933771
10943,109.43000000001908,0.9999999999933985
10944,109.44000000001908,0.9999999999934198
10945,109.45000000001909,0.9999999999934411
10946,109.4600000000191,0.9999999999934623
10947,109.4700000000191,0.9999999999934834
10948,109.4800000000191,0.9999999999935045
10949,109.49000000001911,0.9999999999935256
10950,109.50000000001911,0.9999999999935465
10951,109.51000000001912,0.9999999999935675
10952,109.52000000001912,0.9999999999935882
10953,109.53000000001913,0.9999999999936091
10954,109.54000000001913,0.9999999999936298
10955,109.55000000001914,0.9999999999936504
10956,109.56000000001914,0.9999999999936711
10957,109.57000000001915,0.9999999999936916
10958,109.58000000001915,0.999999999993712
10959,109.59000000001916,0.9999999999937325
10960,109.60000000001916,0.9999999999937528
10961,109.61000000001917,0.9999999999937731
10962,109.62000000001917,0.9999999999937933
10963,109.63000000001918,0.9999999999938134
10964,109.64000000001919,0.9999999999938336
10965,109.65000000001919,0.9999999999938536
10966,109.6600000000192,0.9999999999938736
10967,109.6700000000192,0.9999999999938934
10968,109.6800000000192,0.9999999999939133
10969,109.69000000001921,0.9999999999939332
10970,109.70000000001922,0.999999999993953
10971,109.71000000001922,0.9999999999939726
10972,109.72000000001923,0.9999999999939923
10973,109.73000000001923,0.9999999999940118
10974,109.74000000001924,0.9999999999940313
10975,109.75000000001924,0.9999999999940508
10976,109.76000000001925,0.9999999999940701
10977,109.77000000001925,0.9999999999940894
10978,109.78000000001926,0.9999999999941087
10979,109.79000000001926,0.9999999999941279
10980,109.80000000001927,0.9999999999941471
10981,109.81000000001927,0.9999999999941662
10982,109.82000000001928,0.9999999999941852
10983,109.83000000001928,0.9999999999942042
10984,109.84000000001929,0.9999999999942232
10985,109.85000000001929,0.999999999994242
10986,109.8600000000193,0.9999999999942608
10987,109.8700000000193,0.9999999999942796
10988,109.88000000001931,0.9999999999942982
10989,109.89000000001931,0.9999999999943169
10990,109.90000000001932,0.9999999999943355
10991,109.91000000001932,0.999999999994354
10992,109.92000000001933,0.9999999999943725
10993,109.93000000001933,0.9999999999943909
10994,109.94000000001934,0.9999999999944092
10995,109.95000000001934,0.9999999999944276
10996,109.96000000001935,0.9999999999944458
10997,109.97000000001935,0.999999999994464
10998,109.98000000001936,0.9999999999944822
10999,109.99000000001936,0.9999999999945003
11000,110.00000000001937,0.9999999999945183
11001,110.01000000001937,0.9999999999945363
11002,110.02000000001938,0.9999999999945541
11003,110.03000000001938,0.999999999994572
11004,110.04000000001939,0.9999999999945899
11005,110.0500000000194,0.9999999999946076
11006,110.0600000000194,0.9999999999946253
11007,110.0700000000194,0.999999999994643
11008,110.08000000001941,0.9999999999946605
11009,110.09000000001942,0.999999999994678
11010,110.10000000001942,0.9999999999946956
11011,110.11000000001943,0.999999999994713
11012,110.12000000001943,0.9999999999947304
11013,110.13000000001944,0.9999999999947478
11014,110.14000000001944,0.999999999994765
11015,110.15000000001945,0.9999999999947822
11016,110.16000000001945,0.9999999999947994
11017,110.17000000001946,0.9999999999948165
11018,110.18000000001946,0.9999999999948336
11019,110.19000000001947,0.9999999999948506
11020,110.20000000001947,0.9999999999948675
11021,110.21000000001948,0.9999999999948844
11022,110.22000000001948,0.9999999999949013
11023,110.23000000001949,0.9999999999949182
11024,110.24000000001949,0.9999999999949349
11025,110.2500000000195,0.9999999999949516
11026,110.2600000000195,0.9999999999949682
11027,110.27000000001951,0.9999999999949849
11028,110.28000000001951,0.9999999999950014
11029,110.29000000001952,0.9999999999950179
11030,110.30000000001952,0.9999999999950344
11031,110.31000000001953,0.9999999999950507
11032,110.32000000001953,0.9999999999950672
11033,110.33000000001954,0.9999999999950834
11034,110.34000000001954,0.9999999999950997
11035,110.35000000001955,0.9999999999951159
11036,110.36000000001955,0.999999999995132
11037,110.37000000001956,0.9999999999951481
11038,110.38000000001956,0.9999999999951642
11039,110.39000000001957,0.9999999999951802
11040,110.40000000001957,0.9999999999951962
11041,110.41000000001958,0.999999999995212
11042,110.42000000001958,0.9999999999952279
11043,110.43000000001959,0.9999999999952437
11044,110.4400000000196,0.9999999999952595
11045,110.4500000000196,0.9999999999952752
11046,110.4600000000196,0.9999999999952909
11047,110.47000000001961,0.9999999999953064
11048,110.48000000001961,0.999999999995322
11049,110.49000000001962,0.9999999999953375
11050,110.50000000001963,0.999999999995353
11051,110.51000000001963,0.9999999999953685
11052,110.52000000001964,0.9999999999953838
11053,110.53000000001964,0.9999999999953991
11054,110.54000000001965,0.9999999999954144
11055,110.55000000001965,0.9999999999954297
11056,110.56000000001966,0.9999999999954449
11057,110.57000000001966,0.99999999999546
11058,110.58000000001967,0.9999999999954751
11059,110.59000000001967,0.9999999999954902
11060,110.60000000001968,0.9999999999955052
11061,110.61000000001968,0.99999999999552
11062,110.62000000001969,0.999999999995535
11063,110.63000000001969,0.9999999999955499
11064,110.6400000000197,0.9999999999955647
11065,110.6500000000197,0.9999999999955794
11066,110.6600000000197,0.9999999999955942
11067,110.67000000001971,0.9999999999956088
11068,110.68000000001972,0.9999999999956235
11069,110.69000000001972,0.999999999995638
11070,110.70000000001973,0.9999999999956526
11071,110.71000000001973,0.9999999999956671
11072,110.72000000001974,0.9999999999956816
11073,110.73000000001974,0.999999999995696
11074,110.74000000001975,0.9999999999957103
11075,110.75000000001975,0.9999999999957246
11076,110.76000000001976,0.999999999995739
11077,110.77000000001976,0.9999999999957532
11078,110.78000000001977,0.9999999999957674
11079,110.79000000001977,0.9999999999957815
11080,110.80000000001978,0.9999999999957956
11081,110.81000000001978,0.9999999999958097
11082,110.82000000001979,0.9999999999958237
11083,110.8300000000198,0.9999999999958377
11084,110.8400000000198,0.9999999999958515
11085,110.8500000000198,0.9999999999958654
11086,110.86000000001981,0.9999999999958793
11087,110.87000000001981,0.9999999999958931
11088,110.88000000001982,0.9999999999959068
11089,110.89000000001982,0.9999999999959205
11090,110.90000000001983,0.9999999999959341
11091,110.91000000001983,0.9999999999959478
11092,110.92000000001984,0.9999999999959615
11093,110.93000000001985,0.9999999999959749
11094,110.94000000001985,0.9999999999959884
11095,110.95000000001986,0.9999999999960019
11096,110.96000000001986,0.9999999999960153
11097,110.97000000001987,0.9999999999960287
11098,110.98000000001987,0.999999999996042
11099,110.99000000001988,0.9999999999960553
11100,111.00000000001988,0.9999999999960686
11101,111.01000000001989,0.9999999999960818
11102,111.02000000001989,0.9999999999960949
11103,111.0300000000199,0.999999999996108
11104,111.0400000000199,0.9999999999961211
11105,111.0500000000199,0.9999999999961342
11106,111.06000000001991,0.9999999999961472
11107,111.07000000001992,0.9999999999961601
11108,111.08000000001992,0.9999999999961731
11109,111.09000000001993,0.9999999999961859
11110,111.10000000001993,0.9999999999961987
11111,111.11000000001994,0.9999999999962116
11112,111.12000000001994,0.9999999999962244
11113,111.13000000001995,0.999999999996237
11114,111.14000000001995,0.9999999999962497
11115,111.15000000001996,0.9999999999962623
11116,111.16000000001996,0.999999999996275
11117,111.17000000001997,0.9999999999962875
11118,111.18000000001997,0.9999999999963001
11119,111.19000000001998,0.9999999999963125
11120,111.20000000001998,0.9999999999963249
11121,111.21000000001999,0.9999999999963374
11122,111.22000000002,0.9999999999963497
11123,111.23000000002,0.999999999996362
11124,111.24000000002,0.9999999999963743
11125,111.25000000002001,0.9999999999963866
11126,111.26000000002001,0.9999999999963988
11127,111.27000000002002,0.999999999996411
11128,111.28000000002002,0.9999999999964231
11129,111.29000000002003,0.9999999999964352
11130,111.30000000002003,0.9999999999964473
11131,111.31000000002004,0.9999999999964593
11132,111.32000000002004,0.9999999999964713
11133,111.33000000002005,0.9999999999964831
11134,111.34000000002005,0.9999999999964951
11135,111.35000000002006,0.999999999996507
11136,111.36000000002007,0.9999999999965188
11137,111.37000000002007,0.9999999999965306
11138,111.38000000002008,0.9999999999965423
11139,111.39000000002008,0.9999999999965541
11140,111.40000000002009,0.9999999999965657
11141,111.41000000002009,0.9999999999965774
11142,111.4200000000201,0.9999999999965891
11143,111.4300000000201,0.9999999999966006
11144,111.4400000000201,0.9999999999966122
11145,111.45000000002011,0.9999999999966236
11146,111.46000000002012,0.9999999999966351
11147,111.47000000002012,0.9999999999966465
11148,111.48000000002013,0.9999999999966579
11149,111.49000000002013,0.9999999999966692
11150,111.50000000002014,0.9999999999966805
11151,111.51000000002014,0.9999999999966919
11152,111.52000000002015,0.9999999999967031
11153,111.53000000002015,0.9999999999967143
11154,111.54000000002016,0.9999999999967255
11155,111.55000000002016,0.9999999999967366
11156,111.56000000002017,0.9999999999967477
11157,111.57000000002017,0.9999999999967588
11158,111.58000000002018,0.9999999999967698
11159,111.59000000002018,0.9999999999967808
11160,111.60000000002019,0.9999999999967918
11161,111.6100000000202,0.9999999999968028
11162,111.6200000000202,0.9999999999968137
11163,111.6300000000202,0.9999999999968245
11164,111.64000000002021,0.9999999999968353
11165,111.65000000002021,0.9999999999968461
11166,111.66000000002022,0.9999999999968568
11167,111.67000000002022,0.9999999999968676
11168,111.68000000002023,0.9999999999968783
11169,111.69000000002023,0.9999999999968889
11170,111.70000000002024,0.9999999999968996
11171,111.71000000002024,0.9999999999969101
11172,111.72000000002025,0.9999999999969207
11173,111.73000000002025,0.9999999999969312
11174,111.74000000002026,0.9999999999969417
11175,111.75000000002026,0.9999999999969522
11176,111.76000000002027,0.9999999999969625
11177,111.77000000002027,0.999999999996973
11178,111.78000000002028,0.9999999999969833
11179,111.79000000002029,0.9999999999969936
11180,111.80000000002029,0.999999999997004
11181,111.8100000000203,0.9999999999970142
11182,111.8200000000203,0.9999999999970244
11183,111.8300000000203,0.9999999999970346
11184,111.84000000002031,0.9999999999970448
11185,111.85000000002032,0.9999999999970549
11186,111.86000000002032,0.999999999997065
11187,111.87000000002033,0.999999999997075
11188,111.88000000002033,0.9999999999970851
11189,111.89000000002034,0.9999999999970951
11190,111.90000000002034,0.999999999997105
11191,111.91000000002035,0.999999999997115
11192,111.92000000002035,0.9999999999971249
11193,111.93000000002036,0.9999999999971347
11194,111.94000000002036,0.9999999999971446
11195,111.95000000002037,0.9999999999971544
11196,111.96000000002037,0.9999999999971642
11197,111.97000000002038,0.9999999999971739
11198,111.98000000002038,0.9999999999971836
11199,111.99000000002039,0.9999999999971932
11200,112.00000000002039,0.9999999999972029
11201,112.0100000000204,0.9999999999972126
11202,112.0200000000204,0.9999999999972221
11203,112.03000000002041,0.9999999999972317
11204,112.04000000002041,0.9999999999972412
11205,112.05000000002042,0.9999999999972508
11206,112.06000000002042,0.9999999999972602
11207,112.07000000002043,0.9999999999972696
11208,112.08000000002043,0.9999999999972791
11209,112.09000000002044,0.9999999999972884
11210,112.10000000002044,0.9999999999972977
11211,112.11000000002045,0.999999999997307
11212,112.12000000002045,0.9999999999973164
11213,112.13000000002046,0.9999999999973256
11214,112.14000000002046,0.9999999999973348
11215,112.15000000002047,0.999999999997344
11216,112.16000000002047,0.9999999999973532
11217,112.17000000002048,0.9999999999973623
11218,112.18000000002048,0.9999999999973714
11219,112.19000000002049,0.9999999999973805
11220,112.2000000000205,0.9999999999973895
11221,112.2100000000205,0.9999999999973985
11222,112.2200000000205,0.9999999999974075
11223,112.23000000002051,0.9999999999974165
11224,112.24000000002052,0.9999999999974255
11225,112.25000000002052,0.9999999999974344
11226,112.26000000002053,0.9999999999974433
11227,112.27000000002053,0.999999999997452
11228,112.28000000002054,0.9999999999974609
11229,112.29000000002054,0.9999999999974697
11230,112.30000000002055,0.9999999999974785
11231,112.31000000002055,0.9999999999974872
11232,112.32000000002056,0.9999999999974959
11233,112.33000000002056,0.9999999999975046
11234,112.34000000002057,0.9999999999975132
11235,112.35000000002057,0.9999999999975219
11236,112.36000000002058,0.9999999999975304
11237,112.37000000002058,0.999999999997539
11238,112.38000000002059,0.9999999999975475
11239,112.39000000002059,0.9999999999975561
11240,112.4000000000206,0.9999999999975645
11241,112.4100000000206,0.9999999999975729
11242,112.42000000002061,0.9999999999975814
11243,112.43000000002061,0.9999999999975898
11244,112.44000000002062,0.9999999999975981
11245,112.45000000002062,0.9999999999976065
11246,112.46000000002063,0.9999999999976148
11247,112.47000000002063,0.9999999999976231
11248,112.48000000002064,0.9999999999976313
11249,112.49000000002064,0.9999999999976397
11250,112.50000000002065,0.9999999999976478
11251,112.51000000002065,0.999999999997656
11252,112.52000000002066,0.9999999999976642
11253,112.53000000002066,0.9999999999976723
11254,112.54000000002067,0.9999999999976804
11255,112.55000000002067,0.9999999999976885
11256,112.56000000002068,0.9999999999976965
11257,112.57000000002068,0.9999999999977045
11258,112.58000000002069,0.9999999999977125
11259,112.5900000000207,0.9999999999977205
11260,112.6000000000207,0.9999999999977285
11261,112.6100000000207,0.9999999999977364
11262,112.62000000002071,0.9999999999977442
11263,112.63000000002071,0.9999999999977521
11264,112.64000000002072,0.99999999999776
11265,112.65000000002073,0.9999999999977678
11266,112.66000000002073,0.9999999999977756
11267,112.67000000002074,0.9999999999977833
11268,112.68000000002074,0.9999999999977911
11269,112.69000000002075,0.9999999999977989
11270,112.70000000002075,0.9999999999978065
11271,112.71000000002076,0.9999999999978142
11272,112.72000000002076,0.9999999999978219
11273,112.73000000002077,0.9999999999978294
11274,112.74000000002077,0.9999999999978371
11275,112.75000000002078,0.9999999999978446
11276,112.76000000002078,0.9999999999978522
11277,112.77000000002079,0.9999999999978596
11278,112.78000000002079,0.9999999999978672
11279,112.7900000000208,0.9999999999978746
11280,112.8000000000208,0.999999999997882
11281,112.8100000000208,0.9999999999978895
11282,112.82000000002081,0.9999999999978969
11283,112.83000000002082,0.9999999999979042
11284,112.84000000002082,0.9999999999979116
11285,112.85000000002083,0.9999999999979189
11286,112.86000000002083,0.9999999999979262
11287,112.87000000002084,0.9999999999979334
11288,112.88000000002084,0.9999999999979408
11289,112.89000000002085,0.999999999997948
11290,112.90000000002085,0.9999999999979552
11291,112.91000000002086,0.9999999999979623
11292,112.92000000002086,0.9999999999979695
11293,112.93000000002087,0.9999999999979766
11294,112.94000000002087,0.9999999999979837
11295,112.95000000002088,0.9999999999979908
11296,112.96000000002088,0.9999999999979979
11297,112.97000000002089,0.9999999999980049
11298,112.9800000000209,0.9999999999980119
11299,112.9900000000209,0.9999999999980189
11300,113.0000000000209,0.9999999999980259
11301,113.01000000002091,0.9999999999980328
11302,113.02000000002091,0.9999999999980398
11303,113.03000000002092,0.9999999999980467
11304,113.04000000002092,0.9999999999980536
11305,113.05000000002093,0.9999999999980604
11306,113.06000000002093,0.9999999999980672
11307,113.07000000002094,0.9999999999980741
11308,113.08000000002095,0.9999999999980809
11309,113.09000000002095,0.9999999999980876
11310,113.10000000002096,0.9999999999980943
11311,113.11000000002096,0.9999999999981011
11312,113.12000000002097,0.9999999999981077
11313,113.13000000002097,0.9999999999981144
11314,113.14000000002098,0.9999999999981211
11315,113.15000000002098,0.9999999999981277
11316,113.16000000002099,0.9999999999981344
11317,113.17000000002099,0.9999999999981409
11318,113.180000000021,0.9999999999981475
11319,113.190000000021,0.999999999998154
11320,113.200000000021,0.9999999999981606
11321,113.21000000002101,0.999999999998167
11322,113.22000000002102,0.9999999999981736
11323,113.23000000002102,0.99999999999818
11324,113.24000000002103,0.9999999999981865
11325,113.25000000002103,0.9999999999981929
11326,113.26000000002104,0.9999999999981992
11327,113.27000000002104,0.9999999999982057
11328,113.28000000002105,0.999999999998212
11329,113.29000000002105,0.9999999999982183
11330,113.30000000002106,0.9999999999982246
11331,113.31000000002106,0.9999999999982309
11332,113.32000000002107,0.9999999999982372
11333,113.33000000002107,0.9999999999982434
11334,113.34000000002108,0.9999999999982496
11335,113.35000000002108,0.9999999999982558
11336,113.36000000002109,0.9999999999982621
11337,113.3700000000211,0.9999999999982682
11338,113.3800000000211,0.9999999999982744
11339,113.3900000000211,0.9999999999982805
11340,113.40000000002111,0.9999999999982866
11341,113.41000000002111,0.9999999999982927
11342,113.42000000002112,0.9999999999982987
11343,113.43000000002112,0.9999999999983048
11344,113.44000000002113,0.9999999999983108
11345,113.45000000002113,0.9999999999983168
11346,113.46000000002114,0.9999999999983228
11347,113.47000000002114,0.9999999999983288
11348,113.48000000002115,0.9999999999983347
11349,113.49000000002115,0.9999999999983405
11350,113.50000000002116,0.9999999999983465
11351,113.51000000002117,0.9999999999983524
11352,113.52000000002117,0.9999999999983582
11353,113.53000000002118,0.9999999999983641
11354,113.54000000002118,0.99999999999837
11355,113.55000000002119,0.9999999999983757
11356,113.56000000002119,0.9999999999983815
11357,113.5700000000212,0.9999999999983873
11358,113.5800000000212,0.9999999999983931
11359,113.5900000000212,0.9999999999983987
11360,113.60000000002121,0.9999999999984045
11361,113.61000000002122,0.9999999999984102
11362,113.62000000002122,0.9999999999984158
11363,113.63000000002123,0.9999999999984215
11364,113.64000000002123,0.9999999999984271
11365,113.65000000002124,0.9999999999984327
11366,113.66000000002124,0.9999999999984384
11367,113.67000000002125,0.9999999999984439
11368,113.68000000002125,0.9999999999984495
11369,113.69000000002126,0.999999999998455
11370,113.70000000002126,0.9999999999984606
11371,113.71000000002127,0.999999999998466
11372,113.72000000002127,0.9999999999984716
11373,113.73000000002128,0.999999999998477
11374,113.74000000002128,0.9999999999984824
11375,113.75000000002129,0.9999999999984879
11376,113.7600000000213,0.9999999999984933
11377,113.7700000000213,0.9999999999984986
11378,113.7800000000213,0.9999999999985041
11379,113.79000000002131,0.9999999999985094
11380,113.80000000002131,0.9999999999985147
11381,113.81000000002132,0.9999999999985201
11382,113.82000000002132,0.9999999999985254
11383,113.83000000002133,0.9999999999985306
11384,113.84000000002133,0.999999999998536
11385,113.85000000002134,0.9999999999985412
11386,113.86000000002134,0.9999999999985464
11387,113.87000000002135,0.9999999999985516
11388,113.88000000002135,0.9999999999985568
11389,113.89000000002136,0.9999999999985619
11390,113.90000000002136,0.9999999999985671
11391,113.91000000002137,0.9999999999985723
11392,113.92000000002137,0.9999999999985774
11393,113.93000000002138,0.9999999999985825
11394,113.94000000002139,0.9999999999985876
11395,113.95000000002139,0.9999999999985927
11396,113.9600000000214,0.9999999999985978
11397,113.9700000000214,0.9999999999986028
11398,113.9800000000214,0.9999999999986078
11399,113.99000000002141,0.9999999999986128
11400,114.00000000002142,0.9999999999986178
11401,114.01000000002142,0.9999999999986228
11402,114.02000000002143,0.9999999999986278
11403,114.03000000002143,0.9999999999986326
11404,114.04000000002144,0.9999999999986376
11405,114.05000000002144,0.9999999999986425
11406,114.06000000002145,0.9999999999986474
11407,114.07000000002145,0.9999999999986523
11408,114.08000000002146,0.9999999999986571
11409,114.09000000002146,0.999999999998662
11410,114.10000000002147,0.9999999999986668
11411,114.11000000002147,0.9999999999986716
11412,114.12000000002148,0.9999999999986764
11413,114.13000000002148,0.9999999999986812
11414,114.14000000002149,0.9999999999986859
11415,114.15000000002149,0.9999999999986907
11416,114.1600000000215,0.9999999999986954
11417,114.1700000000215,0.9999999999987002
11418,114.18000000002151,0.9999999999987048
11419,114.19000000002151,0.9999999999987095
11420,114.20000000002152,0.9999999999987141
11421,114.21000000002152,0.9999999999987188
11422,114.22000000002153,0.9999999999987235
11423,114.23000000002153,0.999999999998728
11424,114.24000000002154,0.9999999999987327
11425,114.25000000002154,0.9999999999987372
11426,114.26000000002155,0.9999999999987418
11427,114.27000000002155,0.9999999999987463
11428,114.28000000002156,0.9999999999987509
11429,114.29000000002156,0.9999999999987554
11430,114.30000000002157,0.9999999999987599
11431,114.31000000002157,0.9999999999987644
11432,114.32000000002158,0.9999999999987689
11433,114.33000000002158,0.9999999999987733
11434,114.34000000002159,0.9999999999987778
11435,114.3500000000216,0.9999999999987822
11436,114.3600000000216,0.9999999999987866
11437,114.3700000000216,0.9999999999987911
11438,114.38000000002161,0.9999999999987954
11439,114.39000000002162,0.9999999999987997
11440,114.40000000002162,0.9999999999988042
11441,114.41000000002163,0.9999999999988085
11442,114.42000000002163,0.9999999999988128
11443,114.43000000002164,0.9999999999988172
11444,114.44000000002164,0.9999999999988214
11445,114.45000000002165,0.9999999999988257
11446,114.46000000002165,0.9999999999988299
11447,114.47000000002166,0.9999999999988343
11448,114.48000000002166,0.9999999999988385
11449,114.49000000002167,0.9999999999988427
11450,114.50000000002167,0.9999999999988469
11451,114.51000000002168,0.999999999998851
11452,114.52000000002168,0.9999999999988552
11453,114.53000000002169,0.9999999999988595
11454,114.54000000002169,0.9999999999988636
11455,114.5500000000217,0.9999999999988677
11456,114.5600000000217,0.9999999999988718
11457,114.57000000002171,0.9999999999988759
11458,114.58000000002171,0.99999999999888
11459,114.59000000002172,0.9999999999988841
11460,114.60000000002172,0.9999999999988882
11461,114.61000000002173,0.9999999999988922
11462,114.62000000002173,0.9999999999988963
11463,114.63000000002174,0.9999999999989003
11464,114.64000000002174,0.9999999999989043
11465,114.65000000002175,0.9999999999989083
11466,114.66000000002175,0.9999999999989123
11467,114.67000000002176,0.9999999999989163
11468,114.68000000002176,0.9999999999989202
11469,114.69000000002177,0.9999999999989242
11470,114.70000000002177,0.9999999999989281
11471,114.71000000002178,0.9999999999989321
11472,114.72000000002178,0.999999999998936
11473,114.73000000002179,0.9999999999989398
11474,114.7400000000218,0.9999999999989437
11475,114.7500000000218,0.9999999999989475
11476,114.7600000000218,0.9999999999989514
11477,114.77000000002181,0.9999999999989553
11478,114.78000000002181,0.999999999998959
11479,114.79000000002182,0.9999999999989628
11480,114.80000000002183,0.9999999999989667
11481,114.81000000002183,0.9999999999989705
11482,114.82000000002184,0.9999999999989743
11483,114.83000000002184,0.9999999999989779
11484,114.84000000002185,0.9999999999989817
11485,114.85000000002185,0.9999999999989855
11486,114.86000000002186,0.9999999999989891
11487,114.87000000002186,0.9999999999989929
11488,114.88000000002187,0.9999999999989966
11489,114.89000000002187,0.9999999999990002
11490,114.90000000002188,0.9999999999990039
11491,114.91000000002188,0.9999999999990076
11492,114.92000000002189,0.9999999999990112
11493,114.93000000002189,0.9999999999990149
11494,114.9400000000219,0.9999999999990185
11495,114.9500000000219,0.9999999999990221
11496,114.9600000000219,0.9999999999990257
11497,114.97000000002191,0.9999999999990292
11498,114.98000000002192,0.9999999999990328
11499,114.99000000002192,0.9999999999990363
11500,115.00000000002193,0.9999999999990399
11501,115.01000000002193,0.9999999999990434
11502,115.02000000002194,0.999999999999047
11503,115.03000000002194,0.9999999999990504
11504,115.04000000002195,0.999999999999054
11505,115.05000000002195,0.9999999999990574
11506,115.06000000002196,0.9999999999990609
11507,115.07000000002196,0.9999999999990644
11508,115.08000000002197,0.9999999999990679
11509,115.09000000002197,0.9999999999990713
11510,115.10000000002198,0.9999999999990746
11511,115.11000000002198,0.9999999999990781
11512,115.12000000002199,0.9999999999990815
11513,115.130000000022,0.9999999999990848
11514,115.140000000022,0.9999999999990883
11515,115.150000000022,0.9999999999990916
11516,115.16000000002201,0.999999999999095
11517,115.17000000002201,0.9999999999990983
11518,115.18000000002202,0.9999999999991016
11519,115.19000000002202,0.9999999999991049
11520,115.20000000002203,0.9999999999991083
11521,115.21000000002203,0.9999999999991115
11522,115.22000000002204,0.9999999999991148
11523,115.23000000002205,0.999999999999118
11524,115.24000000002205,0.9999999999991214
11525,115.25000000002206,0.9999999999991246
11526,115.26000000002206,0.9999999999991278
11527,115.27000000002207,0.999999999999131
11528,115.28000000002207,0.9999999999991342
11529,115.29000000002208,0.9999999999991375
11530,115.30000000002208,0.9999999999991407
11531,115.31000000002209,0.9999999999991438
11532,115.32000000002209,0.999999999999147
11533,115.3300000000221,0.9999999999991501
11534,115.3400000000221,0.9999999999991533
11535,115.3500000000221,0.9999999999991565
11536,115.36000000002211,0.9999999999991596
11537,115.37000000002212,0.9999999999991627
11538,115.38000000002212,0.9999999999991658
11539,115.39000000002213,0.9999999999991689
11540,115.40000000002213,0.999999999999172
11541,115.41000000002214,0.999999999999175
11542,115.42000000002214,0.9999999999991781
11543,115.43000000002215,0.9999999999991811
11544,115.44000000002215,0.9999999999991842
11545,115.45000000002216,0.9999999999991872
11546,115.46000000002216,0.9999999999991902
11547,115.47000000002217,0.9999999999991932
11548,115.48000000002217,0.9999999999991962
11549,115.49000000002218,0.9999999999991992
11550,115.50000000002218,0.9999999999992022
11551,115.51000000002219,0.9999999999992052
11552,115.5200000000222,0.9999999999992081
11553,115.5300000000222,0.9999999999992111
11554,115.5400000000222,0.999999999999214
11555,115.55000000002221,0.999999999999217
11556,115.56000000002221,0.9999999999992198
11557,115.57000000002222,0.9999999999992227
11558,115.58000000002222,0.9999999999992256
11559,115.59000000002223,0.9999999999992285
11560,115.60000000002223,0.9999999999992314
11561,115.61000000002224,0.9999999999992343
11562,115.62000000002224,0.999999999999237
11563,115.63000000002225,0.9999999999992399
11564,115.64000000002225,0.9999999999992428
11565,115.65000000002226,0.9999999999992456
11566,115.66000000002226,0.9999999999992484
11567,115.67000000002227,0.9999999999992513
11568,115.68000000002228,0.999999999999254
11569,115.69000000002228,0.9999999999992568
11570,115.70000000002229,0.9999999999992596
11571,115.71000000002229,0.9999999999992624
11572,115.7200000000223,0.999999999999265
11573,115.7300000000223,0.9999999999992678
11574,115.7400000000223,0.9999999999992706
11575,115.75000000002231,0.9999999999992732
11576,115.76000000002232,0.999999999999276
11577,115.77000000002232,0.9999999999992787
11578,115.78000000002233,0.9999999999992814
11579,115.79000000002233,0.9999999999992841
11580,115.80000000002234,0.9999999999992868
11581,115.81000000002234,0.9999999999992895
11582,115.82000000002235,0.9999999999992921
11583,115.83000000002235,0.9999999999992948
11584,115.84000000002236,0.9999999999992973
11585,115.85000000002236,0.9999999999993
11586,115.86000000002237,0.9999999999993027
11587,115.87000000002237,0.9999999999993052
11588,115.88000000002238,0.9999999999993079
11589,115.89000000002238,0.9999999999993104
11590,115.90000000002239,0.999999999999313
11591,115.9100000000224,0.9999999999993155
11592,115.9200000000224,0.9999999999993182
11593,115.9300000000224,0.9999999999993208
11594,115.94000000002241,0.9999999999993233
11595,115.95000000002241,0.9999999999993258
11596,115.96000000002242,0.9999999999993283
11597,115.97000000002242,0.9999999999993309
11598,115.98000000002243,0.9999999999993333
11599,115.99000000002243,0.9999999999993359
11600,116.00000000002244,0.9999999999993384
11601,116.01000000002244,0.9999999999993409
11602,116.02000000002245,0.9999999999993433
11603,116.03000000002245,0.9999999999993457
11604,116.04000000002246,0.9999999999993483
11605,116.05000000002246,0.9999999999993507
11606,116.06000000002247,0.9999999999993532
11607,116.07000000002247,0.9999999999993556
11608,116.08000000002248,0.999999999999358
11609,116.09000000002248,0.9999999999993604
11610,116.10000000002249,0.9999999999993628
11611,116.1100000000225,0.9999999999993652
11612,116.1200000000225,0.9999999999993676
11613,116.1300000000225,0.99999999999937
11614,116.14000000002251,0.9999999999993724
11615,116.15000000002252,0.9999999999993747
11616,116.16000000002252,0.999999999999377
11617,116.17000000002253,0.9999999999993794
11618,116.18000000002253,0.9999999999993817
11619,116.19000000002254,0.999999999999384
11620,116.20000000002254,0.9999999999993864
11621,116.21000000002255,0.9999999999993887
11622,116.22000000002255,0.999999999999391
11623,116.23000000002256,0.9999999999993934
11624,116.24000000002256,0.9999999999993956
11625,116.25000000002257,0.9999999999993979
11626,116.26000000002257,0.9999999999994001
11627,116.27000000002258,0.9999999999994025
11628,116.28000000002258,0.9999999999994047
11629,116.29000000002259,0.9999999999994069
11630,116.30000000002259,0.9999999999994091
11631,116.3100000000226,0.9999999999994115
11632,116.3200000000226,0.9999999999994137
11633,116.33000000002261,0.9999999999994159
11634,116.34000000002261,0.9999999999994181
11635,116.35000000002262,0.9999999999994202
11636,116.36000000002262,0.9999999999994225
11637,116.37000000002263,0.9999999999994247
11638,116.38000000002263,0.9999999999994268
11639,116.39000000002264,0.999999999999429
11640,116.40000000002264,0.9999999999994311
11641,116.41000000002265,0.9999999999994333
11642,116.42000000002265,0.9999999999994355
11643,116.43000000002266,0.9999999999994376
11644,116.44000000002266,0.9999999999994398
11645,116.45000000002267,0.9999999999994419
11646,116.46000000002267,0.999999999999444
11647,116.47000000002268,0.9999999999994461
11648,116.48000000002268,0.9999999999994482
11649,116.49000000002269,0.9999999999994503
11650,116.5000000000227,0.9999999999994523
11651,116.5100000000227,0.9999999999994544
11652,116.5200000000227,0.9999999999994565
11653,116.53000000002271,0.9999999999994585
11654,116.54000000002272,0.9999999999994607
11655,116.55000000002272,0.9999999999994627
11656,116.56000000002273,0.9999999999994648
11657,116.57000000002273,0.9999999999994668
11658,116.58000000002274,0.9999999999994688
11659,116.59000000002274,0.9999999999994708
11660,116.60000000002275,0.9999999999994729
11661,116.61000000002275,0.9999999999994749
11662,116.62000000002276,0.9999999999994769
11663,116.63000000002276,0.9999999999994789
11664,116.64000000002277,0.9999999999994807
11665,116.65000000002277,0.9999999999994827
11666,116.66000000002278,0.9999999999994847
11667,116.67000000002278,0.9999999999994867
11668,116.68000000002279,0.9999999999994886
11669,116.69000000002279,0.9999999999994906
11670,116.7000000000228,0.9999999999994925
11671,116.7100000000228,0.9999999999994945
11672,116.72000000002281,0.9999999999994964
11673,116.73000000002281,0.9999999999994983
11674,116.74000000002282,0.9999999999995003
11675,116.75000000002282,0.9999999999995022
11676,116.76000000002283,0.9999999999995041
11677,116.77000000002283,0.999999999999506
11678,116.78000000002284,0.9999999999995078
11679,116.79000000002284,0.9999999999995097
11680,116.80000000002285,0.9999999999995116
11681,116.81000000002285,0.9999999999995134
11682,116.82000000002286,0.9999999999995153
11683,116.83000000002286,0.9999999999995172
11684,116.84000000002287,0.9999999999995189
11685,116.85000000002287,0.9999999999995208
11686,116.86000000002288,0.9999999999995226
11687,116.87000000002288,0.9999999999995245
11688,116.88000000002289,0.9999999999995263
11689,116.8900000000229,0.9999999999995282
11690,116.9000000000229,0.9999999999995299
11691,116.9100000000229,0.9999999999995317
11692,116.92000000002291,0.9999999999995335
11693,116.93000000002291,0.9999999999995353
11694,116.94000000002292,0.999999999999537
11695,116.95000000002292,0.9999999999995388
11696,116.96000000002293,0.9999999999995406
11697,116.97000000002294,0.9999999999995424
11698,116.98000000002294,0.9999999999995441
11699,116.99000000002295,0.9999999999995459
11700,117.00000000002295,0.9999999999995476
11701,117.01000000002296,0.9999999999995494
11702,117.02000000002296,0.999999999999551
11703,117.03000000002297,0.9999999999995528
11704,117.04000000002297,0.9999999999995545
11705,117.05000000002298,0.9999999999995562
11706,117.06000000002298,0.9999999999995579
11707,117.07000000002299,0.9999999999995596
11708,117.08000000002299,0.9999999999995614
11709,117.090000000023,0.999999999999563
11710,117.100000000023,0.9999999999995647
11711,117.110000000023,0.9999999999995663
11712,117.12000000002301,0.999999999999568
11713,117.13000000002302,0.9999999999995697
11714,117.14000000002302,0.9999999999995713
11715,117.15000000002303,0.999999999999573
11716,117.16000000002303,0.9999999999995747
11717,117.17000000002304,0.9999999999995762
11718,117.18000000002304,0.9999999999995779
11719,117.19000000002305,0.9999999999995796
11720,117.20000000002305,0.9999999999995811
11721,117.21000000002306,0.9999999999995828
11722,117.22000000002306,0.9999999999995843
11723,117.23000000002307,0.999999999999586
11724,117.24000000002307,0.9999999999995876
11725,117.25000000002308,0.9999999999995891
11726,117.26000000002308,0.9999999999995908
11727,117.27000000002309,0.9999999999995923
11728,117.2800000000231,0.9999999999995939
11729,117.2900000000231,0.9999999999995954
11730,117.3000000000231,0.999999999999597
11731,117.31000000002311,0.9999999999995985
11732,117.32000000002311,0.9999999999996001
11733,117.33000000002312,0.9999999999996017
11734,117.34000000002312,0.9999999999996032
11735,117.35000000002313,0.9999999999996048
11736,117.36000000002313,0.9999999999996062
11737,117.37000000002314,0.9999999999996078
11738,117.38000000002314,0.9999999999996093
11739,117.39000000002315,0.9999999999996108
11740,117.40000000002316,0.9999999999996123
11741,117.41000000002316,0.9999999999996138
11742,117.42000000002317,0.9999999999996153
11743,117.43000000002317,0.9999999999996168
11744,117.44000000002318,0.9999999999996182
11745,117.45000000002318,0.9999999999996197
11746,117.46000000002319,0.9999999999996212
11747,117.47000000002319,0.9999999999996226
11748,117.4800000000232,0.9999999999996241
11749,117.4900000000232,0.9999999999996255
11750,117.5000000000232,0.9999999999996271
11751,117.51000000002321,0.9999999999996285
11752,117.52000000002322,0.99999999999963
11753,117.53000000002322,0.9999999999996313
11754,117.54000000002323,0.9999999999996327
11755,117.55000000002323,0.9999999999996342
11756,117.56000000002324,0.9999999999996356
11757,117.57000000002324,0.9999999999996371
11758,117.58000000002325,0.9999999999996384
11759,117.59000000002325,0.9999999999996398
11760,117.60000000002326,0.9999999999996413
11761,117.61000000002326,0.9999999999996426
11762,117.62000000002327,0.9999999999996441
11763,117.63000000002327,0.9999999999996454
11764,117.64000000002328,0.9999999999996467
11765,117.65000000002328,0.9999999999996482
11766,117.66000000002329,0.9999999999996495
11767,117.6700000000233,0.9999999999996508
11768,117.6800000000233,0.9999999999996523
11769,117.6900000000233,0.9999999999996536
11770,117.70000000002331,0.9999999999996549
11771,117.71000000002331,0.9999999999996563
11772,117.72000000002332,0.9999999999996576
11773,117.73000000002332,0.9999999999996589
11774,117.74000000002333,0.9999999999996603
11775,117.75000000002333,0.9999999999996616
11776,117.76000000002334,0.9999999999996629
11777,117.77000000002334,0.9999999999996643
11778,117.78000000002335,0.9999999999996655
11779,117.79000000002335,0.9999999999996668
11780,117.80000000002336,0.9999999999996682
11781,117.81000000002336,0.9999999999996694
11782,117.82000000002337,0.9999999999996707
11783,117.83000000002338,0.999999999999672
11784,117.84000000002338,0.9999999999996733
11785,117.85000000002339,0.9999999999996746
11786,117.86000000002339,0.9999999999996758
11787,117.8700000000234,0.999999999999677
11788,117.8800000000234,0.9999999999996784
11789,117.8900000000234,0.9999999999996796
11790,117.90000000002341,0.9999999999996808
11791,117.91000000002342,0.999999999999682
11792,117.92000000002342,0.9999999999996834
11793,117.93000000002343,0.9999999999996846
11794,117.94000000002343,0.9999999999996858
11795,117.95000000002344,0.999999999999687
11796,117.96000000002344,0.9999999999996882
11797,117.97000000002345,0.9999999999996895
11798,117.98000000002345,0.9999999999996907
11799,117.99000000002346,0.9999999999996919
11800,118.00000000002346,0.9999999999996931
11801,118.01000000002347,0.9999999999996942
11802,118.02000000002347,0.9999999999996955
11803,118.03000000002348,0.9999999999996967
11804,118.04000000002348,0.9999999999996979
11805,118.05000000002349,0.999999999999699
11806,118.06000000002349,0.9999999999997002
11807,118.0700000000235,0.9999999999997014
11808,118.0800000000235,0.9999999999997026
11809,118.09000000002351,0.9999999999997038
11810,118.10000000002351,0.9999999999997049
11811,118.11000000002352,0.999999999999706
11812,118.12000000002352,0.9999999999997072
11813,118.13000000002353,0.9999999999997083
11814,118.14000000002353,0.9999999999997095
11815,118.15000000002354,0.9999999999997107
11816,118.16000000002354,0.9999999999997118
11817,118.17000000002355,0.9999999999997129
11818,118.18000000002355,0.999999999999714
11819,118.19000000002356,0.9999999999997151
11820,118.20000000002356,0.9999999999997162
11821,118.21000000002357,0.9999999999997173
11822,118.22000000002357,0.9999999999997184
11823,118.23000000002358,0.9999999999997196
11824,118.24000000002358,0.9999999999997207
11825,118.25000000002359,0.9999999999997218
11826,118.2600000000236,0.9999999999997229
11827,118.2700000000236,0.999999999999724
11828,118.2800000000236,0.9999999999997251
11829,118.29000000002361,0.9999999999997261
11830,118.30000000002362,0.9999999999997272
11831,118.31000000002362,0.9999999999997283
11832,118.32000000002363,0.9999999999997293
11833,118.33000000002363,0.9999999999997304
11834,118.34000000002364,0.9999999999997315
11835,118.35000000002364,0.9999999999997325
11836,118.36000000002365,0.9999999999997337
11837,118.37000000002365,0.9999999999997347
11838,118.38000000002366,0.9999999999997357
11839,118.39000000002366,0.9999999999997368
11840,118.40000000002367,0.9999999999997378
11841,118.41000000002367,0.9999999999997388
11842,118.42000000002368,0.9999999999997399
11843,118.43000000002368,0.9999999999997409
11844,118.44000000002369,0.9999999999997419
11845,118.45000000002369,0.9999999999997429
11846,118.4600000000237,0.999999999999744
11847,118.4700000000237,0.999999999999745
11848,118.48000000002371,0.999999999999746
11849,118.49000000002371,0.999999999999747
11850,118.50000000002372,0.999999999999748
11851,118.51000000002372,0.999999999999749
11852,118.52000000002373,0.99999999999975
11853,118.53000000002373,0.999999999999751
11854,118.54000000002374,0.9999999999997519
11855,118.55000000002374,0.9999999999997529
11856,118.56000000002375,0.9999999999997539
11857,118.57000000002375,0.9999999999997549
11858,118.58000000002376,0.9999999999997559
11859,118.59000000002376,0.9999999999997568
11860,118.60000000002377,0.9999999999997577
11861,118.61000000002377,0.9999999999997587
11862,118.62000000002378,0.9999999999997596
11863,118.63000000002378,0.9999999999997606
11864,118.64000000002379,0.9999999999997615
11865,118.6500000000238,0.9999999999997625
11866,118.6600000000238,0.9999999999997634
11867,118.6700000000238,0.9999999999997644
11868,118.68000000002381,0.9999999999997653
11869,118.69000000002382,0.9999999999997662
11870,118.70000000002382,0.9999999999997672
11871,118.71000000002383,0.9999999999997681
11872,118.72000000002383,0.999999999999769
11873,118.73000000002384,0.99999999999977
11874,118.74000000002384,0.9999999999997708
11875,118.75000000002385,0.9999999999997717
11876,118.76000000002385,0.9999999999997726
11877,118.77000000002386,0.9999999999997735
11878,118.78000000002386,0.9999999999997744
11879,118.79000000002387,0.9999999999997754
11880,118.80000000002387,0.9999999999997763
11881,118.81000000002388,0.9999999999997772
11882,118.82000000002388,0.9999999999997781
11883,118.83000000002389,0.999999999999779
11884,118.84000000002389,0.9999999999997797
11885,118.8500000000239,0.9999999999997806
11886,118.8600000000239,0.9999999999997815
11887,118.87000000002391,0.9999999999997824
11888,118.88000000002391,0.9999999999997833
11889,118.89000000002392,0.9999999999997842
11890,118.90000000002392,0.999999999999785
11891,118.91000000002393,0.9999999999997858
11892,118.92000000002393,0.9999999999997867
11893,118.93000000002394,0.9999999999997875
11894,118.94000000002394,0.9999999999997884
11895,118.95000000002395,0.9999999999997893
11896,118.96000000002395,0.9999999999997901
11897,118.97000000002396,0.999999999999791
11898,118.98000000002396,0.9999999999997917
11899,118.99000000002397,0.9999999999997926
11900,119.00000000002397,0.9999999999997934
11901,119.01000000002398,0.9999999999997943
11902,119.02000000002398,0.999999999999795
11903,119.03000000002399,0.9999999999997958
11904,119.040000000024,0.9999999999997967
11905,119.050000000024,0.9999999999997975
11906,119.060000000024,0.9999999999997983
11907,119.07000000002401,0.999999999999799
11908,119.08000000002401,0.9999999999997999
11909,119.09000000002402,0.9999999999998007
11910,119.10000000002402,0.9999999999998015
11911,119.11000000002403,0.9999999999998023
11912,119.12000000002404,0.999999999999803
11913,119.13000000002404,0.9999999999998038
11914,119.14000000002405,0.9999999999998046
11915,119.15000000002405,0.9999999999998055
11916,119.16000000002406,0.9999999999998063
11917,119.17000000002406,0.999999999999807
11918,119.18000000002407,0.9999999999998077
11919,119.19000000002407,0.9999999999998085
11920,119.20000000002408,0.9999999999998093
11921,119.21000000002408,0.99999999999981
11922,119.22000000002409,0.9999999999998108
11923,119.23000000002409,0.9999999999998116
11924,119.2400000000241,0.9999999999998124
11925,119.2500000000241,0.999999999999813
11926,119.2600000000241,0.9999999999998138
11927,119.27000000002411,0.9999999999998146
11928,119.28000000002412,0.9999999999998154
11929,119.29000000002412,0.999999999999816
11930,119.30000000002413,0.9999999999998168
11931,119.31000000002413,0.9999999999998176
11932,119.32000000002414,0.9999999999998183
11933,119.33000000002414,0.999999999999819
11934,119.34000000002415,0.9999999999998197
11935,119.35000000002415,0.9999999999998205
11936,119.36000000002416,0.9999999999998211
11937,119.37000000002416,0.9999999999998219
11938,119.38000000002417,0.9999999999998226
11939,119.39000000002417,0.9999999999998234
11940,119.40000000002418,0.999999999999824
11941,119.41000000002418,0.9999999999998247
11942,119.42000000002419,0.9999999999998255
11943,119.4300000000242,0.9999999999998261
11944,119.4400000000242,0.9999999999998268
11945,119.4500000000242,0.9999999999998276
11946,119.46000000002421,0.9999999999998282
11947,119.47000000002421,0.9999999999998289
11948,119.48000000002422,0.9999999999998296
11949,119.49000000002422,0.9999999999998302
11950,119.50000000002423,0.999999999999831
11951,119.51000000002423,0.9999999999998317
11952,119.52000000002424,0.9999999999998324
11953,119.53000000002424,0.999999999999833
11954,119.54000000002425,0.9999999999998337
11955,119.55000000002426,0.9999999999998344
11956,119.56000000002426,0.999999999999835
11957,119.57000000002427,0.9999999999998357
11958,119.58000000002427,0.9999999999998364
11959,119.59000000002428,0.999999999999837
11960,119.60000000002428,0.9999999999998377
11961,119.61000000002429,0.9999999999998384
11962,119.62000000002429,0.999999999999839
11963,119.6300000000243,0.9999999999998396
11964,119.6400000000243,0.9999999999998402
11965,119.6500000000243,0.9999999999998409
11966,119.66000000002431,0.9999999999998416
11967,119.67000000002432,0.9999999999998422
11968,119.68000000002432,0.9999999999998428
11969,119.69000000002433,0.9999999999998435
11970,119.70000000002433,0.9999999999998441
11971,119.71000000002434,0.9999999999998448
11972,119.72000000002434,0.9999999999998453
11973,119.73000000002435,0.999999999999846
11974,119.74000000002435,0.9999999999998466
11975,119.75000000002436,0.9999999999998472
11976,119.76000000002436,0.9999999999998479
11977,119.77000000002437,0.9999999999998485
11978,119.78000000002437,0.9999999999998491
11979,119.79000000002438,0.9999999999998497
11980,119.80000000002438,0.9999999999998503
11981,119.81000000002439,0.9999999999998509
11982,119.8200000000244,0.9999999999998516
11983,119.8300000000244,0.9999999999998521
11984,119.8400000000244,0.9999999999998527
11985,119.85000000002441,0.9999999999998533
11986,119.86000000002441,0.9999999999998539
11987,119.87000000002442,0.9999999999998544
11988,119.88000000002442,0.9999999999998551
11989,119.89000000002443,0.9999999999998557
11990,119.90000000002443,0.9999999999998562
11991,119.91000000002444,0.9999999999998569
11992,119.92000000002444,0.9999999999998574
11993,119.93000000002445,0.999999999999858
11994,119.94000000002445,0.9999999999998586
11995,119.95000000002446,0.9999999999998591
11996,119.96000000002446,0.9999999999998597
11997,119.97000000002447,0.9999999999998603
11998,119.98000000002448,0.9999999999998609
11999,119.99000000002448,0.9999999999998614
12000,120.00000000002449,0.999999999999862
12001,120.01000000002449,0.9999999999998626
12002,120.0200000000245,0.9999999999998631
12003,120.0300000000245,0.9999999999998637
12004,120.0400000000245,0.9999999999998642
12005,120.05000000002451,0.9999999999998648
12006,120.06000000002452,0.9999999999998653
12007,120.07000000002452,0.9999999999998659
12008,120.08000000002453,0.9999999999998664
12009,120.09000000002453,0.999999999999867
12010,120.10000000002454,0.9999999999998676
12011,120.11000000002454,0.999999999999868
12012,120.12000000002455,0.9999999999998685
12013,120.13000000002455,0.9999999999998691
12014,120.14000000002456,0.9999999999998697
12015,120.15000000002456,0.9999999999998702
12016,120.16000000002457,0.9999999999998707
12017,120.17000000002457,0.9999999999998712
12018,120.18000000002458,0.9999999999998718
12019,120.19000000002458,0.9999999999998723
12020,120.20000000002459,0.9999999999998728
12021,120.21000000002459,0.9999999999998733
12022,120.2200000000246,0.9999999999998739
12023,120.2300000000246,0.9999999999998743
12024,120.24000000002461,0.9999999999998749
12025,120.25000000002461,0.9999999999998754
12026,120.26000000002462,0.9999999999998759
12027,120.27000000002462,0.9999999999998764
12028,120.28000000002463,0.9999999999998769
12029,120.29000000002463,0.9999999999998774
12030,120.30000000002464,0.9999999999998779
12031,120.31000000002464,0.9999999999998784
12032,120.32000000002465,0.9999999999998789
12033,120.33000000002465,0.9999999999998794
12034,120.34000000002466,0.9999999999998799
12035,120.35000000002466,0.9999999999998804
12036,120.36000000002467,0.9999999999998809
12037,120.37000000002467,0.9999999999998813
12038,120.38000000002468,0.9999999999998819
12039,120.39000000002468,0.9999999999998823
12040,120.40000000002469,0.9999999999998828
12041,120.4100000000247,0.9999999999998833
12042,120.4200000000247,0.9999999999998838
12043,120.4300000000247,0.9999999999998842
12044,120.44000000002471,0.9999999999998848
12045,120.45000000002472,0.9999999999998852
12046,120.46000000002472,0.9999999999998856
12047,120.47000000002473,0.9999999999998861
12048,120.48000000002473,0.9999999999998866
12049,120.49000000002474,0.9999999999998871
12050,120.50000000002474,0.9999999999998875
12051,120.51000000002475,0.999999999999888
12052,120.52000000002475,0.9999999999998884
12053,120.53000000002476,0.9999999999998889
12054,120.54000000002476,0.9999999999998893
12055,120.55000000002477,0.9999999999998899
12056,120.56000000002477,0.9999999999998903
12057,120.57000000002478,0.9999999999998908
12058,120.58000000002478,0.9999999999998912
12059,120.59000000002479,0.9999999999998916
12060,120.60000000002479,0.9999999999998921
12061,120.6100000000248,0.9999999999998925
12062,120.6200000000248,0.999999999999893
12063,120.63000000002481,0.9999999999998934
12064,120.64000000002481,0.9999999999998939
12065,120.65000000002482,0.9999999999998943
12066,120.66000000002482,0.9999999999998946
12067,120.67000000002483,0.9999999999998951
12068,120.68000000002483,0.9999999999998955
12069,120.69000000002484,0.999999999999896
12070,120.70000000002484,0.9999999999998964
12071,120.71000000002485,0.9999999999998969
12072,120.72000000002485,0.9999999999998973
12073,120.73000000002486,0.9999999999998976
12074,120.74000000002486,0.9999999999998981
12075,120.75000000002487,0.9999999999998985
12076,120.76000000002487,0.999999999999899
12077,120.77000000002488,0.9999999999998994
12078,120.78000000002488,0.9999999999998997
12079,120.79000000002489,0.9999999999999002
12080,120.8000000000249,0.9999999999999006
12081,120.8100000000249,0.999999999999901
12082,120.8200000000249,0.9999999999999014
12083,120.83000000002491,0.9999999999999019
12084,120.84000000002492,0.9999999999999022
12085,120.85000000002492,0.9999999999999026
12086,120.86000000002493,0.9999999999999031
12087,120.87000000002493,0.9999999999999034
12088,120.88000000002494,0.9999999999999039
12089,120.89000000002494,0.9999999999999042
12090,120.90000000002495,0.9999999999999046
12091,120.91000000002495,0.9999999999999051
12092,120.92000000002496,0.9999999999999054
12093,120.93000000002496,0.9999999999999059
12094,120.94000000002497,0.9999999999999062
12095,120.95000000002497,0.9999999999999066
12096,120.96000000002498,0.999999999999907
12097,120.97000000002498,0.9999999999999074
12098,120.98000000002499,0.9999999999999077
12099,120.99000000002499,0.9999999999999081
12100,121.000000000025,0.9999999999999085
12101,121.010000000025,0.9999999999999089
12102,121.02000000002501,0.9999999999999093
12103,121.03000000002501,0.9999999999999096
12104,121.04000000002502,0.99999999999991
12105,121.05000000002502,0.9999999999999104
12106,121.06000000002503,0.9999999999999107
12107,121.07000000002503,0.9999999999999112
12108,121.08000000002504,0.9999999999999115
12109,121.09000000002504,0.9999999999999118
12110,121.10000000002505,0.9999999999999122
12111,121.11000000002505,0.9999999999999126
12112,121.12000000002506,0.999999999999913
12113,121.13000000002506,0.9999999999999133
12114,121.14000000002507,0.9999999999999136
12115,121.15000000002507,0.9999999999999141
12116,121.16000000002508,0.9999999999999144
12117,121.17000000002508,0.9999999999999147
12118,121.18000000002509,0.9999999999999151
12119,121.1900000000251,0.9999999999999154
12120,121.2000000000251,0.9999999999999158
12121,121.2100000000251,0.9999999999999162
12122,121.22000000002511,0.9999999999999165
12123,121.23000000002511,0.9999999999999168
12124,121.24000000002512,0.9999999999999172
12125,121.25000000002512,0.9999999999999175
12126,121.26000000002513,0.9999999999999178
12127,121.27000000002514,0.9999999999999182
12128,121.28000000002514,0.9999999999999186
12129,121.29000000002515,0.999999999999919
12130,121.30000000002515,0.9999999999999193
12131,121.31000000002516,0.9999999999999196
12132,121.32000000002516,0.99999999999992
12133,121.33000000002517,0.9999999999999203
12134,121.34000000002517,0.9999999999999206
12135,121.35000000002518,0.999999999999921
12136,121.36000000002518,0.9999999999999213
12137,121.37000000002519,0.9999999999999216
12138,121.38000000002519,0.9999999999999218
12139,121.3900000000252,0.9999999999999222
12140,121.4000000000252,0.9999999999999225
12141,121.4100000000252,0.9999999999999228
12142,121.42000000002521,0.9999999999999232
12143,121.43000000002522,0.9999999999999235
12144,121.44000000002522,0.9999999999999238
12145,121.45000000002523,0.9999999999999242
12146,121.46000000002523,0.9999999999999245
12147,121.47000000002524,0.9999999999999247
12148,121.48000000002524,0.9999999999999251
12149,121.49000000002525,0.9999999999999254
12150,121.50000000002525,0.9999999999999257
12151,121.51000000002526,0.9999999999999261
12152,121.52000000002526,0.9999999999999263
12153,121.53000000002527,0.9999999999999266
12154,121.54000000002527,0.999999999999927
12155,121.55000000002528,0.9999999999999273
12156,121.56000000002528,0.9999999999999276
12157,121.57000000002529,0.9999999999999278
12158,121.5800000000253,0.9999999999999282
12159,121.5900000000253,0.9999999999999285
12160,121.6000000000253,0.9999999999999287
12161,121.61000000002531,0.9999999999999291
12162,121.62000000002531,0.9999999999999294
12163,121.63000000002532,0.9999999999999296
12164,121.64000000002532,0.99999999999993
12165,121.65000000002533,0.9999999999999303
12166,121.66000000002533,0.9999999999999305
12167,121.67000000002534,0.9999999999999308
12168,121.68000000002534,0.9999999999999312
12169,121.69000000002535,0.9999999999999314
12170,121.70000000002536,0.9999999999999317
12171,121.71000000002536,0.9999999999999319
12172,121.72000000002537,0.9999999999999323
12173,121.73000000002537,0.9999999999999325
12174,121.74000000002538,0.9999999999999328
12175,121.75000000002538,0.9999999999999332
12176,121.76000000002539,0.9999999999999334
12177,121.77000000002539,0.9999999999999337
12178,121.7800000000254,0.9999999999999339
12179,121.7900000000254,0.9999999999999343
12180,121.8000000000254,0.9999999999999345
12181,121.81000000002541,0.9999999999999348
12182,121.82000000002542,0.999999999999935
12183,121.83000000002542,0.9999999999999353
12184,121.84000000002543,0.9999999999999356
12185,121.85000000002543,0.9999999999999358
12186,121.86000000002544,0.9999999999999362
12187,121.87000000002544,0.9999999999999364
12188,121.88000000002545,0.9999999999999367
12189,121.89000000002545,0.9999999999999369
12190,121.90000000002546,0.9999999999999372
12191,121.91000000002546,0.9999999999999375
12192,121.92000000002547,0.9999999999999377
12193,121.93000000002547,0.999999999999938
12194,121.94000000002548,0.9999999999999383
12195,121.95000000002548,0.9999999999999385
12196,121.96000000002549,0.9999999999999388
12197,121.9700000000255,0.999999999999939
12198,121.9800000000255,0.9999999999999393
12199,121.9900000000255,0.9999999999999395
12200,122.00000000002551,0.9999999999999398
12201,122.01000000002551,0.99999999999994
12202,122.02000000002552,0.9999999999999403
12203,122.03000000002552,0.9999999999999406
12204,122.04000000002553,0.9999999999999408
12205,122.05000000002553,0.999999999999941
12206,122.06000000002554,0.9999999999999413
12207,122.07000000002554,0.9999999999999416
12208,122.08000000002555,0.9999999999999418
12209,122.09000000002555,0.999999999999942
12210,122.10000000002556,0.9999999999999423
12211,122.11000000002556,0.9999999999999425
12212,122.12000000002557,0.9999999999999428
12213,122.13000000002557,0.999999999999943
12214,122.14000000002558,0.9999999999999433
12215,122.15000000002559,0.9999999999999435
12216,122.16000000002559,0.9999999999999437
12217,122.1700000000256,0.9999999999999439
12218,122.1800000000256,0.9999999999999443
12219,122.1900000000256,0.9999999999999445
12220,122.20000000002561,0.9999999999999447
12221,122.21000000002562,0.9999999999999449
12222,122.22000000002562,0.9999999999999452
12223,122.23000000002563,0.9999999999999454
12224,122.24000000002563,0.9999999999999456
12225,122.25000000002564,0.9999999999999458
12226,122.26000000002564,0.999999999999946
12227,122.27000000002565,0.9999999999999463
12228,122.28000000002565,0.9999999999999465
12229,122.29000000002566,0.9999999999999467
12230,122.30000000002566,0.9999999999999469
12231,122.31000000002567,0.9999999999999473
12232,122.32000000002567,0.9999999999999475
12233,122.33000000002568,0.9999999999999477
12234,122.34000000002568,0.9999999999999479
12235,122.35000000002569,0.9999999999999482
12236,122.36000000002569,0.9999999999999484
12237,122.3700000000257,0.9999999999999485
12238,122.3800000000257,0.9999999999999487
12239,122.39000000002571,0.9999999999999489
12240,122.40000000002571,0.9999999999999492
12241,122.41000000002572,0.9999999999999494
12242,122.42000000002572,0.9999999999999496
12243,122.43000000002573,0.9999999999999498
12244,122.44000000002573,0.99999999999995
12245,122.45000000002574,0.9999999999999503
12246,122.46000000002574,0.9999999999999505
12247,122.47000000002575,0.9999999999999507
12248,122.48000000002575,0.9999999999999509
12249,122.49000000002576,0.9999999999999512
12250,122.50000000002576,0.9999999999999513
12251,122.51000000002577,0.9999999999999515
12252,122.52000000002577,0.9999999999999517
12253,122.53000000002578,0.9999999999999519
12254,122.54000000002578,0.9999999999999521
12255,122.55000000002579,0.9999999999999524
12256,122.5600000000258,0.9999999999999526
12257,122.5700000000258,0.9999999999999527
12258,122.5800000000258,0.9999999999999529
12259,122.59000000002581,0.9999999999999531
12260,122.60000000002582,0.9999999999999534
12261,122.61000000002582,0.9999999999999536
12262,122.62000000002583,0.9999999999999537
12263,122.63000000002583,0.9999999999999539
12264,122.64000000002584,0.9999999999999541
12265,122.65000000002584,0.9999999999999544
12266,122.66000000002585,0.9999999999999545
12267,122.67000000002585,0.9999999999999547
12268,122.68000000002586,0.9999999999999549
12269,122.69000000002586,0.9999999999999551
12270,122.70000000002587,0.9999999999999553
12271,122.71000000002587,0.9999999999999555
12272,122.72000000002588,0.9999999999999557
12273,122.73000000002588,0.9999999999999558
12274,122.74000000002589,0.999999999999956
12275,122.75000000002589,0.9999999999999563
12276,122.7600000000259,0.9999999999999565
12277,122.7700000000259,0.9999999999999566
12278,122.78000000002591,0.9999999999999568
12279,122.79000000002591,0.999999999999957
12280,122.80000000002592,0.9999999999999571
12281,122.81000000002592,0.9999999999999574
12282,122.82000000002593,0.9999999999999575
12283,122.83000000002593,0.9999999999999577
12284,122.84000000002594,0.9999999999999579
12285,122.85000000002594,0.999999999999958
12286,122.86000000002595,0.9999999999999583
12287,122.87000000002595,0.9999999999999585
12288,122.88000000002596,0.9999999999999586
12289,122.89000000002596,0.9999999999999588
12290,122.90000000002597,0.9999999999999589
12291,122.91000000002597,0.9999999999999591
12292,122.92000000002598,0.9999999999999594
12293,122.93000000002598,0.9999999999999595
12294,122.94000000002599,0.9999999999999597
12295,122.950000000026,0.9999999999999598
12296,122.960000000026,0.99999999999996
12297,122.970000000026,0.9999999999999601
12298,122.98000000002601,0.9999999999999604
12299,122.99000000002601,0.9999999999999605
12300,123.00000000002602,0.9999999999999607
12301,123.01000000002603,0.9999999999999608
12302,123.02000000002603,0.999999999999961
12303,123.03000000002604,0.9999999999999611
12304,123.04000000002604,0.9999999999999614
12305,123.05000000002605,0.9999999999999615
12306,123.06000000002605,0.9999999999999617
12307,123.07000000002606,0.9999999999999618
12308,123.08000000002606,0.999999999999962
12309,123.09000000002607,0.9999999999999621
12310,123.10000000002607,0.9999999999999624
12311,123.11000000002608,0.9999999999999625
12312,123.12000000002608,0.9999999999999627
12313,123.13000000002609,0.9999999999999628
12314,123.14000000002609,0.999999999999963
12315,123.1500000000261,0.9999999999999631
12316,123.1600000000261,0.9999999999999633
12317,123.1700000000261,0.9999999999999635
12318,123.18000000002611,0.9999999999999636
12319,123.19000000002612,0.9999999999999638
12320,123.20000000002612,0.9999999999999639
12321,123.21000000002613,0.9999999999999641
12322,123.22000000002613,0.9999999999999643
12323,123.23000000002614,0.9999999999999644
12324,123.24000000002614,0.9999999999999646
12325,123.25000000002615,0.9999999999999647
12326,123.26000000002615,0.9999999999999648
12327,123.27000000002616,0.999999999999965
12328,123.28000000002616,0.9999999999999651
12329,123.29000000002617,0.9999999999999654
12330,123.30000000002617,0.9999999999999655
12331,123.31000000002618,0.9999999999999656
12332,123.32000000002618,0.9999999999999658
12333,123.33000000002619,0.9999999999999659
12334,123.3400000000262,0.999999999999966
12335,123.3500000000262,0.9999999999999662
12336,123.3600000000262,0.9999999999999664
12337,123.37000000002621,0.9999999999999665
12338,123.38000000002621,0.9999999999999666
12339,123.39000000002622,0.9999999999999668
12340,123.40000000002622,0.9999999999999669
12341,123.41000000002623,0.999999999999967
12342,123.42000000002623,0.9999999999999672
12343,123.43000000002624,0.9999999999999674
12344,123.44000000002625,0.9999999999999675
12345,123.45000000002625,0.9999999999999676
12346,123.46000000002626,0.9999999999999678
12347,123.47000000002626,0.9999999999999679
12348,123.48000000002627,0.999999999999968
12349,123.49000000002627,0.9999999999999681
12350,123.50000000002628,0.9999999999999684
12351,123.51000000002628,0.9999999999999685
12352,123.52000000002629,0.9999999999999686
12353,123.53000000002629,0.9999999999999687
12354,123.5400000000263,0.9999999999999689
12355,123.5500000000263,0.999999999999969
12356,123.5600000000263,0.9999999999999691
12357,123.57000000002631,0.9999999999999692
12358,123.58000000002632,0.9999999999999694
12359,123.59000000002632,0.9999999999999696
12360,123.60000000002633,0.9999999999999697
12361,123.61000000002633,0.9999999999999698
12362,123.62000000002634,0.9999999999999699
12363,123.63000000002634,0.99999999999997
12364,123.64000000002635,0.9999999999999701
12365,123.65000000002635,0.9999999999999704
12366,123.66000000002636,0.9999999999999705
12367,123.67000000002636,0.9999999999999706
12368,123.68000000002637,0.9999999999999707
12369,123.69000000002637,0.9999999999999708
12370,123.70000000002638,0.9999999999999709
12371,123.71000000002638,0.9999999999999711
12372,123.72000000002639,0.9999999999999712
12373,123.7300000000264,0.9999999999999714
12374,123.7400000000264,0.9999999999999715
12375,123.7500000000264,0.9999999999999716
12376,123.76000000002641,0.9999999999999717
12377,123.77000000002641,0.9999999999999718
12378,123.78000000002642,0.9999999999999719
12379,123.79000000002642,0.999999999999972
12380,123.80000000002643,0.9999999999999722
12381,123.81000000002643,0.9999999999999724
12382,123.82000000002644,0.9999999999999725
12383,123.83000000002644,0.9999999999999726
12384,123.84000000002645,0.9999999999999727
12385,123.85000000002645,0.9999999999999728
12386,123.86000000002646,0.9999999999999729
12387,123.87000000002647,0.999999999999973
12388,123.88000000002647,0.9999999999999731
12389,123.89000000002648,0.9999999999999732
12390,123.90000000002648,0.9999999999999734
12391,123.91000000002649,0.9999999999999735
12392,123.92000000002649,0.9999999999999736
12393,123.9300000000265,0.9999999999999737
12394,123.9400000000265,0.9999999999999738
12395,123.9500000000265,0.9999999999999739
12396,123.96000000002651,0.999999999999974
12397,123.97000000002652,0.9999999999999741
12398,123.98000000002652,0.9999999999999742
12399,123.99000000002653,0.9999999999999744
12400,124.00000000002653,0.9999999999999745
12401,124.01000000002654,0.9999999999999746
12402,124.02000000002654,0.9999999999999747
12403,124.03000000002655,0.9999999999999748
12404,124.04000000002655,0.9999999999999749
12405,124.05000000002656,0.999999999999975
12406,124.06000000002656,0.9999999999999751
12407,124.07000000002657,0.9999999999999752
12408,124.08000000002657,0.9999999999999754
12409,124.09000000002658,0.9999999999999755
12410,124.10000000002658,0.9999999999999756
12411,124.11000000002659,0.9999999999999757
12412,124.1200000000266,0.9999999999999758
12413,124.1300000000266,0.9999999999999759
12414,124.1400000000266,0.999999999999976
12415,124.15000000002661,0.9999999999999761
12416,124.16000000002661,0.9999999999999762
12417,124.17000000002662,0.9999999999999764
12418,124.18000000002662,0.9999999999999765
12419,124.19000000002663,0.9999999999999766
12420,124.20000000002663,0.9999999999999767
12421,124.21000000002664,0.9999999999999768
12422,124.22000000002664,0.9999999999999769
12423,124.23000000002665,0.9999999999999769
12424,124.24000000002665,0.999999999999977
12425,124.25000000002666,0.9999999999999771
12426,124.26000000002666,0.9999999999999772
12427,124.27000000002667,0.9999999999999774
12428,124.28000000002667,0.9999999999999775
12429,124.29000000002668,0.9999999999999776
12430,124.30000000002669,0.9999999999999777
12431,124.31000000002669,0.9999999999999778
12432,124.3200000000267,0.9999999999999779
12433,124.3300000000267,0.9999999999999779
12434,124.3400000000267,0.999999999999978
12435,124.35000000002671,0.9999999999999781
12436,124.36000000002672,0.9999999999999782
12437,124.37000000002672,0.9999999999999784
12438,124.38000000002673,0.9999999999999785
12439,124.39000000002673,0.9999999999999786
12440,124.40000000002674,0.9999999999999786
12441,124.41000000002674,0.9999999999999787
12442,124.42000000002675,0.9999999999999788
12443,124.43000000002675,0.9999999999999789
12444,124.44000000002676,0.999999999999979
12445,124.45000000002676,0.9999999999999791
12446,124.46000000002677,0.9999999999999791
12447,124.47000000002677,0.9999999999999792
12448,124.48000000002678,0.9999999999999793
12449,124.49000000002678,0.9999999999999795
12450,124.50000000002679,0.9999999999999796
12451,124.51000000002679,0.9999999999999797
12452,124.5200000000268,0.9999999999999797
12453,124.5300000000268,0.9999999999999798
12454,124.54000000002681,0.9999999999999799
12455,124.55000000002681,0.99999999999998
12456,124.56000000002682,0.9999999999999801
12457,124.57000000002682,0.9999999999999801
12458,124.58000000002683,0.9999999999999802
12459,124.59000000002683,0.9999999999999803
12460,124.60000000002684,0.9999999999999805
12461,124.61000000002684,0.9999999999999805
12462,124.62000000002685,0.9999999999999806
12463,124.63000000002685,0.9999999999999807
12464,124.64000000002686,0.9999999999999808
12465,124.65000000002686,0.9999999999999809
12466,124.66000000002687,0.9999999999999809
12467,124.67000000002687,0.999999999999981
12468,124.68000000002688,0.9999999999999811
12469,124.69000000002688,0.9999999999999812
12470,124.70000000002689,0.9999999999999812
12471,124.7100000000269,0.9999999999999813
12472,124.7200000000269,0.9999999999999815
12473,124.7300000000269,0.9999999999999816
12474,124.74000000002691,0.9999999999999816
12475,124.75000000002692,0.9999999999999817
12476,124.76000000002692,0.9999999999999818
12477,124.77000000002693,0.9999999999999818
12478,124.78000000002693,0.9999999999999819
12479,124.79000000002694,0.999999999999982
12480,124.80000000002694,0.9999999999999821
12481,124.81000000002695,0.9999999999999821
12482,124.82000000002695,0.9999999999999822
12483,124.83000000002696,0.9999999999999823
12484,124.84000000002696,0.9999999999999823
12485,124.85000000002697,0.9999999999999825
12486,124.86000000002697,0.9999999999999826
12487,124.87000000002698,0.9999999999999827
12488,124.88000000002698,0.9999999999999827
12489,124.89000000002699,0.9999999999999828
12490,124.90000000002699,0.9999999999999829
12491,124.910000000027,0.9999999999999829
12492,124.920000000027,0.999999999999983
12493,124.93000000002701,0.9999999999999831
12494,124.94000000002701,0.9999999999999831
12495,124.95000000002702,0.9999999999999832
12496,124.96000000002702,0.9999999999999833
12497,124.97000000002703,0.9999999999999833
12498,124.98000000002703,0.9999999999999835
12499,124.99000000002704,0.9999999999999836
12500,125.00000000002704,0.9999999999999836
12501,125.01000000002705,0.9999999999999837
12502,125.02000000002705,0.9999999999999838
12503,125.03000000002706,0.9999999999999838
12504,125.04000000002706,0.9999999999999839
12505,125.05000000002707,0.999999999999984
12506,125.06000000002707,0.999999999999984
12507,125.07000000002708,0.9999999999999841
12508,125.08000000002708,0.9999999999999841
12509,125.09000000002709,0.9999999999999842
12510,125.1000000000271,0.9999999999999843
12511,125.1100000000271,0.9999999999999843
12512,125.1200000000271,0.9999999999999845
12513,125.13000000002711,0.9999999999999846
12514,125.14000000002711,0.9999999999999846
12515,125.15000000002712,0.9999999999999847
12516,125.16000000002713,0.9999999999999847
12517,125.17000000002713,0.9999999999999848
12518,125.18000000002714,0.9999999999999849
12519,125.19000000002714,0.9999999999999849
12520,125.20000000002715,0.999999999999985
12521,125.21000000002715,0.9999999999999851
12522,125.22000000002716,0.9999999999999851
12523,125.23000000002716,0.9999999999999852
12524,125.24000000002717,0.9999999999999852
12525,125.25000000002717,0.9999999999999853
12526,125.26000000002718,0.9999999999999853
12527,125.27000000002718,0.9999999999999855
12528,125.28000000002719,0.9999999999999856
12529,125.29000000002719,0.9999999999999856
12530,125.3000000000272,0.9999999999999857
12531,125.3100000000272,0.9999999999999857
12532,125.3200000000272,0.9999999999999858
12533,125.33000000002721,0.9999999999999859
12534,125.34000000002722,0.9999999999999859
12535,125.35000000002722,0.999999999999986
12536,125.36000000002723,0.999999999999986
12537,125.37000000002723,0.9999999999999861
12538,125.38000000002724,0.9999999999999861
12539,125.39000000002724,0.9999999999999862
12540,125.40000000002725,0.9999999999999862
12541,125.41000000002725,0.9999999999999863
12542,125.42000000002726,0.9999999999999865
12543,125.43000000002726,0.9999999999999865
12544,125.44000000002727,0.9999999999999866
12545,125.45000000002727,0.9999999999999866
12546,125.46000000002728,0.9999999999999867
12547,125.47000000002728,0.9999999999999867
12548,125.48000000002729,0.9999999999999868
12549,125.4900000000273,0.9999999999999868
12550,125.5000000000273,0.9999999999999869
12551,125.5100000000273,0.9999999999999869
12552,125.52000000002731,0.999999999999987
12553,125.53000000002731,0.999999999999987
12554,125.54000000002732,0.9999999999999871
12555,125.55000000002732,0.9999999999999871
12556,125.56000000002733,0.9999999999999872
12557,125.57000000002733,0.9999999999999873
12558,125.58000000002734,0.9999999999999873
12559,125.59000000002735,0.9999999999999875
12560,125.60000000002735,0.9999999999999875
12561,125.61000000002736,0.9999999999999876
12562,125.62000000002736,0.9999999999999876
12563,125.63000000002737,0.9999999999999877
12564,125.64000000002737,0.9999999999999877
12565,125.65000000002738,0.9999999999999878
12566,125.66000000002738,0.9999999999999878
12567,125.67000000002739,0.9999999999999879
12568,125.68000000002739,0.9999999999999879
12569,125.6900000000274,0.999999999999988
12570,125.7000000000274,0.999999999999988
12571,125.7100000000274,0.999999999999988
12572,125.72000000002741,0.9999999999999881
12573,125.73000000002742,0.9999999999999881
12574,125.74000000002742,0.9999999999999882
12575,125.75000000002743,0.9999999999999882
12576,125.76000000002743,0.9999999999999883
12577,125.77000000002744,0.9999999999999883
12578,125.78000000002744,0.9999999999999885
12579,125.79000000002745,0.9999999999999885
12580,125.80000000002745,0.9999999999999886
12581,125.81000000002746,0.9999999999999886
12582,125.82000000002746,0.9999999999999887
12583,125.83000000002747,0.9999999999999887
12584,125.84000000002747,0.9999999999999888
12585,125.85000000002748,0.9999999999999888
12586,125.86000000002748,0.9999999999999889
12587,125.87000000002749,0.9999999999999889
12588,125.8800000000275,0.9999999999999889
12589,125.8900000000275,0.999999999999989
12590,125.9000000000275,0.999999999999989
12591,125.91000000002751,0.9999999999999891
12592,125.92000000002751,0.9999999999999891
12593,125.93000000002752,0.9999999999999892
12594,125.94000000002752,0.9999999999999892
12595,125.95000000002753,0.9999999999999893
12596,125.96000000002753,0.9999999999999893
12597,125.97000000002754,0.9999999999999893
12598,125.98000000002754,0.9999999999999895
12599,125.99000000002755,0.9999999999999895
12600,126.00000000002755,0.9999999999999896
12601,126.01000000002756,0.9999999999999896
12602,126.02000000002757,0.9999999999999897
12603,126.03000000002757,0.9999999999999897
12604,126.04000000002758,0.9999999999999897
12605,126.05000000002758,0.9999999999999898
12606,126.06000000002759,0.9999999999999898
12607,126.07000000002759,0.9999999999999899
12608,126.0800000000276,0.9999999999999899
12609,126.0900000000276,0.9999999999999899
12610,126.1000000000276,0.99999999999999
12611,126.11000000002761,0.99999999999999
12612,126.12000000002762,0.9999999999999901
12613,126.13000000002762,0.9999999999999901
12614,126.14000000002763,0.9999999999999901
12615,126.15000000002763,0.9999999999999902
12616,126.16000000002764,0.9999999999999902
12617,126.17000000002764,0.9999999999999903
12618,126.18000000002765,0.9999999999999903
12619,126.19000000002765,0.9999999999999903
12620,126.20000000002766,0.9999999999999905
12621,126.21000000002766,0.9999999999999905
12622,126.22000000002767,0.9999999999999906
12623,126.23000000002767,0.9999999999999906
12624,126.24000000002768,0.9999999999999906
12625,126.25000000002768,0.9999999999999907
12626,126.26000000002769,0.9999999999999907
12627,126.2700000000277,0.9999999999999908
12628,126.2800000000277,0.9999999999999908
12629,126.2900000000277,0.9999999999999908
12630,126.30000000002771,0.9999999999999909
12631,126.31000000002771,0.9999999999999909
12632,126.32000000002772,0.9999999999999909
12633,126.33000000002772,0.999999999999991
12634,126.34000000002773,0.999999999999991
12635,126.35000000002773,0.999999999999991
12636,126.36000000002774,0.9999999999999911
12637,126.37000000002774,0.9999999999999911
12638,126.38000000002775,0.9999999999999912
12639,126.39000000002775,0.9999999999999912
12640,126.40000000002776,0.9999999999999912
12641,126.41000000002776,0.9999999999999913
12642,126.42000000002777,0.9999999999999913
12643,126.43000000002777,0.9999999999999913
12644,126.44000000002778,0.9999999999999915
12645,126.45000000002779,0.9999999999999915
12646,126.46000000002779,0.9999999999999915
12647,126.4700000000278,0.9999999999999916
12648,126.4800000000278,0.9999999999999916
12649,126.4900000000278,0.9999999999999916
12650,126.50000000002781,0.9999999999999917
12651,126.51000000002782,0.9999999999999917
12652,126.52000000002782,0.9999999999999917
12653,126.53000000002783,0.9999999999999918
12654,126.54000000002783,0.9999999999999918
12655,126.55000000002784,0.9999999999999918
12656,126.56000000002784,0.9999999999999919
12657,126.57000000002785,0.9999999999999919
12658,126.58000000002785,0.9999999999999919
12659,126.59000000002786,0.999999999999992
12660,126.60000000002786,0.999999999999992
12661,126.61000000002787,0.999999999999992
12662,126.62000000002787,0.9999999999999921
12663,126.63000000002788,0.9999999999999921
12664,126.64000000002788,0.9999999999999921
12665,126.65000000002789,0.9999999999999922
12666,126.66000000002789,0.9999999999999922
12667,126.6700000000279,0.9999999999999922
12668,126.6800000000279,0.9999999999999923
12669,126.69000000002791,0.9999999999999923
12670,126.70000000002791,0.9999999999999923
12671,126.71000000002792,0.9999999999999925
12672,126.72000000002792,0.9999999999999925
12673,126.73000000002793,0.9999999999999925
12674,126.74000000002793,0.9999999999999926
12675,126.75000000002794,0.9999999999999926
12676,126.76000000002794,0.9999999999999926
12677,126.77000000002795,0.9999999999999927
12678,126.78000000002795,0.9999999999999927
12679,126.79000000002796,0.9999999999999927
12680,126.80000000002796,0.9999999999999927
12681,126.81000000002797,0.9999999999999928
12682,126.82000000002797,0.9999999999999928
12683,126.83000000002798,0.9999999999999928
12684,126.84000000002798,0.9999999999999929
12685,126.85000000002799,0.9999999999999929
12686,126.860000000028,0.9999999999999929
12687,126.870000000028,0.9999999999999929
12688,126.880000000028,0.999999999999993
12689,126.89000000002801,0.999999999999993
12690,126.90000000002802,0.999999999999993
12691,126.91000000002802,0.9999999999999931
12692,126.92000000002803,0.9999999999999931
12693,126.93000000002803,0.9999999999999931
12694,126.94000000002804,0.9999999999999932
12695,126.95000000002804,0.9999999999999932
12696,126.96000000002805,0.9999999999999932
12697,126.97000000002805,0.9999999999999932
12698,126.98000000002806,0.9999999999999933
12699,126.99000000002806,0.9999999999999933
12700,127.00000000002807,0.9999999999999933
12701,127.01000000002807,0.9999999999999933
12702,127.02000000002808,0.9999999999999934
12703,127.03000000002808,0.9999999999999934
12704,127.04000000002809,0.9999999999999934
12705,127.05000000002809,0.9999999999999936
12706,127.0600000000281,0.9999999999999936
12707,127.0700000000281,0.9999999999999936
12708,127.08000000002811,0.9999999999999936
12709,127.09000000002811,0.9999999999999937
12710,127.10000000002812,0.9999999999999937
12711,127.11000000002812,0.9999999999999937
12712,127.12000000002813,0.9999999999999937
12713,127.13000000002813,0.9999999999999938
12714,127.14000000002814,0.9999999999999938
12715,127.15000000002814,0.9999999999999938
12716,127.16000000002815,0.9999999999999938
12717,127.17000000002815,0.9999999999999939
12718,127.18000000002816,0.9999999999999939
12719,127.19000000002816,0.9999999999999939
12720,127.20000000002817,0.9999999999999939
12721,127.21000000002817,0.999999999999994
12722,127.22000000002818,0.999999999999994
12723,127.23000000002818,0.999999999999994
12724,127.24000000002819,0.999999999999994
12725,127.2500000000282,0.9999999999999941
12726,127.2600000000282,0.9999999999999941
12727,127.2700000000282,0.9999999999999941
12728,127.28000000002821,0.9999999999999941
12729,127.29000000002821,0.9999999999999942
12730,127.30000000002822,0.9999999999999942
12731,127.31000000002823,0.9999999999999942
12732,127.32000000002823,0.9999999999999942
12733,127.33000000002824,0.9999999999999943
12734,127.34000000002824,0.9999999999999943
12735,127.35000000002825,0.9999999999999943
12736,127.36000000002825,0.9999999999999943
12737,127.37000000002826,0.9999999999999944
12738,127.38000000002826,0.9999999999999944
12739,127.39000000002827,0.9999999999999944
12740,127.40000000002827,0.9999999999999944
12741,127.41000000002828,0.9999999999999944
12742,127.42000000002828,0.9999999999999946
12743,127.43000000002829,0.9999999999999946
12744,127.44000000002829,0.9999999999999946
12745,127.4500000000283,0.9999999999999946
12746,127.4600000000283,0.9999999999999947
12747,127.4700000000283,0.9999999999999947
12748,127.48000000002831,0.9999999999999947
12749,127.49000000002832,0.9999999999999947
12750,127.50000000002832,0.9999999999999947
12751,127.51000000002833,0.9999999999999948
12752,127.52000000002833,0.9999999999999948
12753,127.53000000002834,0.9999999999999948
12754,127.54000000002834,0.9999999999999948
12755,127.55000000002835,0.9999999999999949
12756,127.56000000002835,0.9999999999999949
12757,127.57000000002836,0.9999999999999949
12758,127.58000000002836,0.9999999999999949
12759,127.59000000002837,0.9999999999999949
12760,127.60000000002837,0.999999999999995
12761,127.61000000002838,0.999999999999995
12762,127.62000000002838,0.999999999999995
12763,127.63000000002839,0.999999999999995
12764,127.6400000000284,0.999999999999995
12765,127.6500000000284,0.9999999999999951
12766,127.6600000000284,0.9999999999999951
12767,127.67000000002841,0.9999999999999951
12768,127.68000000002841,0.9999999999999951
12769,127.69000000002842,0.9999999999999951
12770,127.70000000002842,0.9999999999999952
12771,127.71000000002843,0.9999999999999952
12772,127.72000000002843,0.9999999999999952
12773,127.73000000002844,0.9999999999999952
12774,127.74000000002845,0.9999999999999952
12775,127.75000000002845,0.9999999999999953
12776,127.76000000002846,0.9999999999999953
12777,127.77000000002846,0.9999999999999953
12778,127.78000000002847,0.9999999999999953
12779,127.79000000002847,0.9999999999999953
12780,127.80000000002848,0.9999999999999954
12781,127.81000000002848,0.9999999999999954
12782,127.82000000002849,0.9999999999999954
12783,127.83000000002849,0.9999999999999954
12784,127.8400000000285,0.9999999999999954
12785,127.8500000000285,0.9999999999999956
12786,127.8600000000285,0.9999999999999956
12787,127.87000000002851,0.9999999999999956
12788,127.88000000002852,0.9999999999999956
12789,127.89000000002852,0.9999999999999956
12790,127.90000000002853,0.9999999999999957
12791,127.91000000002853,0.9999999999999957
12792,127.92000000002854,0.9999999999999957
12793,127.93000000002854,0.9999999999999957
12794,127.94000000002855,0.9999999999999957
12795,127.95000000002855,0.9999999999999957
12796,127.96000000002856,0.9999999999999958
12797,127.97000000002856,0.9999999999999958
12798,127.98000000002857,0.9999999999999958
12799,127.99000000002857,0.9999999999999958
12800,128.00000000002856,0.9999999999999958
12801,128.01000000002855,0.9999999999999958
12802,128.02000000002855,0.9999999999999959
12803,128.03000000002854,0.9999999999999959
12804,128.04000000002853,0.9999999999999959
12805,128.05000000002852,0.9999999999999959
12806,128.0600000000285,0.9999999999999959
12807,128.0700000000285,0.999999999999996
12808,128.0800000000285,0.999999999999996
12809,128.09000000002848,0.999999999999996
12810,128.10000000002847,0.999999999999996
12811,128.11000000002846,0.999999999999996
12812,128.12000000002845,0.999999999999996
12813,128.13000000002845,0.9999999999999961
12814,128.14000000002844,0.9999999999999961
12815,128.15000000002843,0.9999999999999961
12816,128.16000000002842,0.9999999999999961
12817,128.1700000000284,0.9999999999999961
12818,128.1800000000284,0.9999999999999961
12819,128.1900000000284,0.9999999999999962
12820,128.20000000002838,0.9999999999999962
12821,128.21000000002837,0.9999999999999962
12822,128.22000000002836,0.9999999999999962
12823,128.23000000002835,0.9999999999999962
12824,128.24000000002835,0.9999999999999962
12825,128.25000000002834,0.9999999999999962
12826,128.26000000002833,0.9999999999999963
12827,128.27000000002832,0.9999999999999963
12828,128.2800000000283,0.9999999999999963
12829,128.2900000000283,0.9999999999999963
12830,128.3000000000283,0.9999999999999963
12831,128.31000000002828,0.9999999999999963
12832,128.32000000002827,0.9999999999999964
12833,128.33000000002826,0.9999999999999964
12834,128.34000000002825,0.9999999999999964
12835,128.35000000002825,0.9999999999999964
12836,128.36000000002824,0.9999999999999964
12837,128.37000000002823,0.9999999999999964
12838,128.38000000002822,0.9999999999999964
12839,128.3900000000282,0.9999999999999966
12840,128.4000000000282,0.9999999999999966
12841,128.4100000000282,0.9999999999999966
12842,128.42000000002818,0.9999999999999966
12843,128.43000000002817,0.9999999999999966
12844,128.44000000002816,0.9999999999999966
12845,128.45000000002815,0.9999999999999966
12846,128.46000000002815,0.9999999999999967
12847,128.47000000002814,0.9999999999999967
12848,128.48000000002813,0.9999999999999967
12849,128.49000000002812,0.9999999999999967
12850,128.5000000000281,0.9999999999999967
12851,128.5100000000281,0.9999999999999967
12852,128.5200000000281,0.9999999999999967
12853,128.53000000002808,0.9999999999999968
12854,128.54000000002807,0.9999999999999968
12855,128.55000000002806,0.9999999999999968
12856,128.56000000002805,0.9999999999999968
12857,128.57000000002805,0.9999999999999968
12858,128.58000000002804,0.9999999999999968
12859,128.59000000002803,0.9999999999999968
12860,128.60000000002802,0.9999999999999969
12861,128.610000000028,0.9999999999999969
12862,128.620000000028,0.9999999999999969
12863,128.630000000028,0.9999999999999969
12864,128.64000000002798,0.9999999999999969
12865,128.65000000002797,0.9999999999999969
12866,128.66000000002796,0.9999999999999969
12867,128.67000000002795,0.9999999999999969
12868,128.68000000002795,0.999999999999997
12869,128.69000000002794,0.999999999999997
12870,128.70000000002793,0.999999999999997
12871,128.71000000002792,0.999999999999997
12872,128.7200000000279,0.999999999999997
12873,128.7300000000279,0.999999999999997
12874,128.7400000000279,0.999999999999997
12875,128.75000000002788,0.999999999999997
12876,128.76000000002787,0.9999999999999971
12877,128.77000000002786,0.9999999999999971
12878,128.78000000002785,0.9999999999999971
12879,128.79000000002785,0.9999999999999971
12880,128.80000000002784,0.9999999999999971
12881,128.81000000002783,0.9999999999999971
12882,128.82000000002782,0.9999999999999971
12883,128.8300000000278,0.9999999999999971
12884,128.8400000000278,0.9999999999999972
12885,128.8500000000278,0.9999999999999972
12886,128.86000000002778,0.9999999999999972
12887,128.87000000002777,0.9999999999999972
12888,128.88000000002776,0.9999999999999972
12889,128.89000000002775,0.9999999999999972
12890,128.90000000002775,0.9999999999999972
12891,128.91000000002774,0.9999999999999972
12892,128.92000000002773,0.9999999999999973
12893,128.93000000002772,0.9999999999999973
12894,128.9400000000277,0.9999999999999973
12895,128.9500000000277,0.9999999999999973
12896,128.9600000000277,0.9999999999999973
12897,128.97000000002768,0.9999999999999973
12898,128.98000000002767,0.9999999999999973
12899,128.99000000002766,0.9999999999999973
12900,129.00000000002765,0.9999999999999973
12901,129.01000000002765,0.9999999999999974
12902,129.02000000002764,0.9999999999999974
12903,129.03000000002763,0.9999999999999974
12904,129.04000000002762,0.9999999999999974
12905,129.0500000000276,0.9999999999999974
12906,129.0600000000276,0.9999999999999974
12907,129.0700000000276,0.9999999999999974
12908,129.08000000002758,0.9999999999999974
12909,129.09000000002757,0.9999999999999974
12910,129.10000000002756,0.9999999999999976
12911,129.11000000002755,0.9999999999999976
12912,129.12000000002755,0.9999999999999976
12913,129.13000000002754,0.9999999999999976
12914,129.14000000002753,0.9999999999999976
12915,129.15000000002752,0.9999999999999976
12916,129.1600000000275,0.9999999999999976
12917,129.1700000000275,0.9999999999999976
12918,129.1800000000275,0.9999999999999976
12919,129.19000000002748,0.9999999999999976
12920,129.20000000002747,0.9999999999999977
12921,129.21000000002746,0.9999999999999977
12922,129.22000000002745,0.9999999999999977
12923,129.23000000002745,0.9999999999999977
12924,129.24000000002744,0.9999999999999977
12925,129.25000000002743,0.9999999999999977
12926,129.26000000002742,0.9999999999999977
12927,129.2700000000274,0.9999999999999977
12928,129.2800000000274,0.9999999999999977
12929,129.2900000000274,0.9999999999999977
12930,129.30000000002738,0.9999999999999978
12931,129.31000000002737,0.9999999999999978
12932,129.32000000002736,0.9999999999999978
12933,129.33000000002735,0.9999999999999978
12934,129.34000000002735,0.9999999999999978
12935,129.35000000002734,0.9999999999999978
12936,129.36000000002733,0.9999999999999978
12937,129.37000000002732,0.9999999999999978
12938,129.3800000000273,0.9999999999999978
12939,129.3900000000273,0.9999999999999978
12940,129.4000000000273,0.9999999999999979
12941,129.41000000002728,0.9999999999999979
12942,129.42000000002727,0.9999999999999979
12943,129.43000000002726,0.9999999999999979
12944,129.44000000002725,0.9999999999999979
12945,129.45000000002725,0.9999999999999979
12946,129.46000000002724,0.9999999999999979
12947,129.47000000002723,0.9999999999999979
12948,129.48000000002722,0.9999999999999979
12949,129.4900000000272,0.9999999999999979
12950,129.5000000000272,0.9999999999999979
12951,129.5100000000272,0.999999999999998
12952,129.52000000002718,0.999999999999998
12953,129.53000000002717,0.999999999999998
12954,129.54000000002716,0.999999999999998
12955,129.55000000002715,0.999999999999998
12956,129.56000000002715,0.999999999999998
12957,129.57000000002714,0.999999999999998
12958,129.58000000002713,0.999999999999998
12959,129.59000000002712,0.999999999999998
12960,129.6000000000271,0.999999999999998
12961,129.6100000000271,0.999999999999998
12962,129.6200000000271,0.999999999999998
12963,129.63000000002708,0.9999999999999981
12964,129.64000000002707,0.9999999999999981
12965,129.65000000002706,0.9999999999999981
12966,129.66000000002705,0.9999999999999981
12967,129.67000000002704,0.9999999999999981
12968,129.68000000002704,0.9999999999999981
12969,129.69000000002703,0.9999999999999981
12970,129.70000000002702,0.9999999999999981
12971,129.710000000027,0.9999999999999981
12972,129.720000000027,0.9999999999999981
12973,129.730000000027,0.9999999999999981
12974,129.74000000002698,0.9999999999999981
12975,129.75000000002697,0.9999999999999982
12976,129.76000000002696,0.9999999999999982
12977,129.77000000002695,0.9999999999999982
12978,129.78000000002694,0.9999999999999982
12979,129.79000000002694,0.9999999999999982
12980,129.80000000002693,0.9999999999999982
12981,129.81000000002692,0.9999999999999982
12982,129.8200000000269,0.9999999999999982
12983,129.8300000000269,0.9999999999999982
12984,129.8400000000269,0.9999999999999982
12985,129.85000000002688,0.9999999999999982
12986,129.86000000002687,0.9999999999999982
12987,129.87000000002686,0.9999999999999982
12988,129.88000000002685,0.9999999999999983
12989,129.89000000002684,0.9999999999999983
12990,129.90000000002684,0.9999999999999983
12991,129.91000000002683,0.9999999999999983
12992,129.92000000002682,0.9999999999999983
12993,129.9300000000268,0.9999999999999983
12994,129.9400000000268,0.9999999999999983
12995,129.9500000000268,0.9999999999999983
12996,129.96000000002678,0.9999999999999983
12997,129.97000000002677,0.9999999999999983
12998,129.98000000002676,0.9999999999999983
12999,129.99000000002675,0.9999999999999983
13000,130.00000000002674,0.9999999999999983
13001,130.01000000002674,0.9999999999999983
13002,130.02000000002673,0.9999999999999984
13003,130.03000000002672,0.9999999999999984
13004,130.0400000000267,0.9999999999999984
13005,130.0500000000267,0.9999999999999984
13006,130.0600000000267,0.9999999999999984
13007,130.07000000002668,0.9999999999999984
13008,130.08000000002667,0.9999999999999984
13009,130.09000000002666,0.9999999999999984
13010,130.10000000002665,0.9999999999999984
13011,130.11000000002664,0.9999999999999984
13012,130.12000000002664,0.9999999999999984
13013,130.13000000002663,0.9999999999999984
13014,130.14000000002662,0.9999999999999984
13015,130.1500000000266,0.9999999999999984
13016,130.1600000000266,0.9999999999999984
13017,130.1700000000266,0.9999999999999986
13018,130.18000000002658,0.9999999999999986
13019,130.19000000002657,0.9999999999999986
13020,130.20000000002656,0.9999999999999986
13021,130.21000000002655,0.9999999999999986
13022,130.22000000002654,0.9999999999999986
13023,130.23000000002654,0.9999999999999986
13024,130.24000000002653,0.9999999999999986
13025,130.25000000002652,0.9999999999999986
13026,130.2600000000265,0.9999999999999986
13027,130.2700000000265,0.9999999999999986
13028,130.2800000000265,0.9999999999999986
13029,130.29000000002648,0.9999999999999986
13030,130.30000000002647,0.9999999999999986
13031,130.31000000002646,0.9999999999999986
13032,130.32000000002645,0.9999999999999986
13033,130.33000000002644,0.9999999999999987
13034,130.34000000002644,0.9999999999999987
13035,130.35000000002643,0.9999999999999987
13036,130.36000000002642,0.9999999999999987
13037,130.3700000000264,0.9999999999999987
13038,130.3800000000264,0.9999999999999987
13039,130.3900000000264,0.9999999999999987
13040,130.40000000002638,0.9999999999999987
13041,130.41000000002637,0.9999999999999987
13042,130.42000000002636,0.9999999999999987
13043,130.43000000002635,0.9999999999999987
13044,130.44000000002634,0.9999999999999987
13045,130.45000000002634,0.9999999999999987
13046,130.46000000002633,0.9999999999999987
13047,130.47000000002632,0.9999999999999987
13048,130.4800000000263,0.9999999999999987
13049,130.4900000000263,0.9999999999999987
13050,130.5000000000263,0.9999999999999988
13051,130.51000000002628,0.9999999999999988
13052,130.52000000002627,0.9999999999999988
13053,130.53000000002626,0.9999999999999988
13054,130.54000000002625,0.9999999999999988
13055,130.55000000002624,0.9999999999999988
13056,130.56000000002624,0.9999999999999988
13057,130.57000000002623,0.9999999999999988
13058,130.58000000002622,0.9999999999999988
13059,130.5900000000262,0.9999999999999988
13060,130.6000000000262,0.9999999999999988
13061,130.6100000000262,0.9999999999999988
13062,130.62000000002618,0.9999999999999988
13063,130.63000000002617,0.9999999999999988
13064,130.64000000002616,0.9999999999999988
13065,130.65000000002615,0.9999999999999988
13066,130.66000000002614,0.9999999999999988
13067,130.67000000002614,0.9999999999999988
13068,130.68000000002613,0.9999999999999988
13069,130.69000000002612,0.9999999999999989
13070,130.7000000000261,0.9999999999999989
13071,130.7100000000261,0.9999999999999989
13072,130.7200000000261,0.9999999999999989
13073,130.73000000002608,0.9999999999999989
13074,130.74000000002607,0.9999999999999989
13075,130.75000000002606,0.9999999999999989
13076,130.76000000002605,0.9999999999999989
13077,130.77000000002604,0.9999999999999989
13078,130.78000000002604,0.9999999999999989
13079,130.79000000002603,0.9999999999999989
13080,130.80000000002602,0.9999999999999989
13081,130.810000000026,0.9999999999999989
13082,130.820000000026,0.9999999999999989
13083,130.830000000026,0.9999999999999989
13084,130.84000000002598,0.9999999999999989
13085,130.85000000002597,0.9999999999999989
13086,130.86000000002596,0.9999999999999989
13087,130.87000000002595,0.9999999999999989
13088,130.88000000002594,0.9999999999999989
13089,130.89000000002594,0.9999999999999989
13090,130.90000000002593,0.999999999999999
13091,130.91000000002592,0.999999999999999
13092,130.9200000000259,0.999999999999999
13093,130.9300000000259,0.999999999999999
13094,130.9400000000259,0.999999999999999
13095,130.95000000002588,0.999999999999999
13096,130.96000000002587,0.999999999999999
13097,130.97000000002586,0.999999999999999
13098,130.98000000002585,0.999999999999999
13099,130.99000000002584,0.999999999999999
13100,131.00000000002584,0.999999999999999
13101,131.01000000002583,0.999999999999999
13102,131.02000000002582,0.999999999999999
13103,131.0300000000258,0.999999999999999
13104,131.0400000000258,0.999999999999999
13105,131.0500000000258,0.999999999999999
13106,131.06000000002578,0.999999999999999
13107,131.07000000002577,0.999999999999999
13108,131.08000000002576,0.999999999999999
13109,131.09000000002575,0.999999999999999
13110,131.10000000002574,0.999999999999999
13111,131.11000000002574,0.999999999999999
13112,131.12000000002573,0.999999999999999
13113,131.13000000002572,0.9999999999999991
13114,131.1400000000257,0.9999999999999991
13115,131.1500000000257,0.9999999999999991
13116,131.1600000000257,0.9999999999999991
13117,131.17000000002568,0.9999999999999991
13118,131.18000000002567,0.9999999999999991
13119,131.19000000002566,0.9999999999999991
13120,131.20000000002565,0.9999999999999991
13121,131.21000000002564,0.9999999999999991
13122,131.22000000002564,0.9999999999999991
13123,131.23000000002563,0.9999999999999991
13124,131.24000000002562,0.9999999999999991
13125,131.2500000000256,0.9999999999999991
13126,131.2600000000256,0.9999999999999991
13127,131.2700000000256,0.9999999999999991
13128,131.28000000002558,0.9999999999999991
13129,131.29000000002557,0.9999999999999991
13130,131.30000000002556,0.9999999999999991
13131,131.31000000002555,0.9999999999999991
13132,131.32000000002554,0.9999999999999991
13133,131.33000000002554,0.9999999999999991
13134,131.34000000002553,0.9999999999999991
13135,131.35000000002552,0.9999999999999991
13136,131.3600000000255,0.9999999999999991
13137,131.3700000000255,0.9999999999999991
13138,131.3800000000255,0.9999999999999992
13139,131.39000000002548,0.9999999999999992
13140,131.40000000002547,0.9999999999999992
13141,131.41000000002546,0.9999999999999992
13142,131.42000000002545,0.9999999999999992
13143,131.43000000002544,0.9999999999999992
13144,131.44000000002544,0.9999999999999992
13145,131.45000000002543,0.9999999999999992
13146,131.46000000002542,0.9999999999999992
13147,131.4700000000254,0.9999999999999992
13148,131.4800000000254,0.9999999999999992
13149,131.4900000000254,0.9999999999999992
13150,131.50000000002538,0.9999999999999992
13151,131.51000000002537,0.9999999999999992
13152,131.52000000002536,0.9999999999999992
13153,131.53000000002535,0.9999999999999992
13154,131.54000000002534,0.9999999999999992
13155,131.55000000002534,0.9999999999999992
13156,131.56000000002533,0.9999999999999992
13157,131.57000000002532,0.9999999999999992
13158,131.5800000000253,0.9999999999999992
13159,131.5900000000253,0.9999999999999992
13160,131.6000000000253,0.9999999999999992
13161,131.61000000002528,0.9999999999999992
13162,131.62000000002527,0.9999999999999992
13163,131.63000000002526,0.9999999999999992
13164,131.64000000002525,0.9999999999999992
13165,131.65000000002524,0.9999999999999992
13166,131.66000000002524,0.9999999999999992
13167,131.67000000002523,0.9999999999999992
13168,131.68000000002522,0.9999999999999993
13169,131.6900000000252,0.9999999999999993
13170,131.7000000000252,0.9999999999999993
13171,131.7100000000252,0.9999999999999993
13172,131.72000000002518,0.9999999999999993
13173,131.73000000002517,0.9999999999999993
13174,131.74000000002516,0.9999999999999993
13175,131.75000000002515,0.9999999999999993
13176,131.76000000002514,0.9999999999999993
13177,131.77000000002514,0.9999999999999993
13178,131.78000000002513,0.9999999999999993
13179,131.79000000002512,0.9999999999999993
13180,131.8000000000251,0.9999999999999993
13181,131.8100000000251,0.9999999999999993
13182,131.8200000000251,0.9999999999999993
13183,131.83000000002508,0.9999999999999993
13184,131.84000000002507,0.9999999999999993
13185,131.85000000002506,0.9999999999999993
13186,131.86000000002505,0.9999999999999993
13187,131.87000000002504,0.9999999999999993
13188,131.88000000002503,0.9999999999999993
13189,131.89000000002503,0.9999999999999993
13190,131.90000000002502,0.9999999999999993
13191,131.910000000025,0.9999999999999993
13192,131.920000000025,0.9999999999999993
13193,131.930000000025,0.9999999999999993
13194,131.94000000002498,0.9999999999999993
13195,131.95000000002497,0.9999999999999993
13196,131.96000000002496,0.9999999999999993
13197,131.97000000002495,0.9999999999999993
13198,131.98000000002494,0.9999999999999993
13199,131.99000000002493,0.9999999999999993
13200,132.00000000002493,0.9999999999999993
13201,132.01000000002492,0.9999999999999994
13202,132.0200000000249,0.9999999999999994
13203,132.0300000000249,0.9999999999999994
13204,132.0400000000249,0.9999999999999994
13205,132.05000000002488,0.9999999999999994
13206,132.06000000002487,0.9999999999999994
13207,132.07000000002486,0.9999999999999994
13208,132.08000000002485,0.9999999999999994
13209,132.09000000002484,0.9999999999999994
13210,132.10000000002483,0.9999999999999994
13211,132.11000000002483,0.9999999999999994
13212,132.12000000002482,0.9999999999999994
13213,132.1300000000248,0.9999999999999994
13214,132.1400000000248,0.9999999999999994
13215,132.1500000000248,0.9999999999999994
13216,132.16000000002478,0.9999999999999994
13217,132.17000000002477,0.9999999999999994
13218,132.18000000002476,0.9999999999999994
13219,132.19000000002475,0.9999999999999994
13220,132.20000000002474,0.9999999999999994
13221,132.21000000002473,0.9999999999999994
13222,132.22000000002473,0.9999999999999994
13223,132.23000000002472,0.9999999999999994
13224,132.2400000000247,0.9999999999999994
13225,132.2500000000247,0.9999999999999994
13226,132.2600000000247,0.9999999999999994
13227,132.27000000002468,0.9999999999999994
13228,132.28000000002467,0.9999999999999994
13229,132.29000000002466,0.9999999999999994
13230,132.30000000002465,0.9999999999999994
13231,132.31000000002464,0.9999999999999994
13232,132.32000000002463,0.9999999999999994
13233,132.33000000002463,0.9999999999999994
13234,132.34000000002462,0.9999999999999994
13235,132.3500000000246,0.9999999999999994
13236,132.3600000000246,0.9999999999999994
13237,132.3700000000246,0.9999999999999994
13238,132.38000000002458,0.9999999999999994
13239,132.39000000002457,0.9999999999999994
13240,132.40000000002456,0.9999999999999994
13241,132.41000000002455,0.9999999999999994
13242,132.42000000002454,0.9999999999999996
13243,132.43000000002453,0.9999999999999996
13244,132.44000000002453,0.9999999999999996
13245,132.45000000002452,0.9999999999999996
13246,132.4600000000245,0.9999999999999996
13247,132.4700000000245,0.9999999999999996
13248,132.4800000000245,0.9999999999999996
13249,132.49000000002448,0.9999999999999996
13250,132.50000000002447,0.9999999999999996
13251,132.51000000002446,0.9999999999999996
13252,132.52000000002445,0.9999999999999996
13253,132.53000000002444,0.9999999999999996
13254,132.54000000002443,0.9999999999999996
13255,132.55000000002443,0.9999999999999996
13256,132.56000000002442,0.9999999999999996
13257,132.5700000000244,0.9999999999999996
13258,132.5800000000244,0.9999999999999996
13259,132.5900000000244,0.9999999999999996
13260,132.60000000002438,0.9999999999999996
13261,132.61000000002437,0.9999999999999996
13262,132.62000000002436,0.9999999999999996
13263,132.63000000002435,0.9999999999999996
13264,132.64000000002434,0.9999999999999996
13265,132.65000000002433,0.9999999999999996
13266,132.66000000002433,0.9999999999999996
13267,132.67000000002432,0.9999999999999996
13268,132.6800000000243,0.9999999999999996
13269,132.6900000000243,0.9999999999999996
13270,132.7000000000243,0.9999999999999996
13271,132.71000000002428,0.9999999999999996
13272,132.72000000002427,0.9999999999999996
13273,132.73000000002426,0.9999999999999996
13274,132.74000000002425,0.9999999999999996
13275,132.75000000002424,0.9999999999999996
13276,132.76000000002423,0.9999999999999996
13277,132.77000000002423,0.9999999999999996
13278,132.78000000002422,0.9999999999999996
13279,132.7900000000242,0.9999999999999996
13280,132.8000000000242,0.9999999999999996
13281,132.8100000000242,0.9999999999999996
13282,132.82000000002418,0.9999999999999996
13283,132.83000000002417,0.9999999999999996
13284,132.84000000002416,0.9999999999999996
13285,132.85000000002415,0.9999999999999996
13286,132.86000000002414,0.9999999999999996
13287,132.87000000002413,0.9999999999999996
13288,132.88000000002413,0.9999999999999996
13289,132.89000000002412,0.9999999999999996
13290,132.9000000000241,0.9999999999999996
13291,132.9100000000241,0.9999999999999996
13292,132.9200000000241,0.9999999999999997
13293,132.93000000002408,0.9999999999999997
13294,132.94000000002407,0.9999999999999997
13295,132.95000000002406,0.9999999999999997
13296,132.96000000002405,0.9999999999999997
13297,132.97000000002404,0.9999999999999997
13298,132.98000000002403,0.9999999999999997
13299,132.99000000002403,0.9999999999999997
13300,133.00000000002402,0.9999999999999997
13301,133.010000000024,0.9999999999999997
13302,133.020000000024,0.9999999999999997
13303,133.030000000024,0.9999999999999997
13304,133.04000000002398,0.9999999999999997
13305,133.05000000002397,0.9999999999999997
13306,133.06000000002396,0.9999999999999997
13307,133.07000000002395,0.9999999999999997
13308,133.08000000002394,0.9999999999999997
13309,133.09000000002393,0.9999999999999997
13310,133.10000000002393,0.9999999999999997
13311,133.11000000002392,0.9999999999999997
13312,133.1200000000239,0.9999999999999997
13313,133.1300000000239,0.9999999999999997
13314,133.1400000000239,0.9999999999999997
13315,133.15000000002388,0.9999999999999997
13316,133.16000000002387,0.9999999999999997
13317,133.17000000002386,0.9999999999999997
13318,133.18000000002385,0.9999999999999997
13319,133.19000000002384,0.9999999999999997
13320,133.20000000002383,0.9999999999999997
13321,133.21000000002383,0.9999999999999997
13322,133.22000000002382,0.9999999999999997
13323,133.2300000000238,0.9999999999999997
13324,133.2400000000238,0.9999999999999997
13325,133.2500000000238,0.9999999999999997
13326,133.26000000002378,0.9999999999999997
13327,133.27000000002377,0.9999999999999997
13328,133.28000000002376,0.9999999999999997
13329,133.29000000002375,0.9999999999999997
13330,133.30000000002374,0.9999999999999997
13331,133.31000000002373,0.9999999999999997
13332,133.32000000002373,0.9999999999999997
13333,133.33000000002372,0.9999999999999997
13334,133.3400000000237,0.9999999999999997
13335,133.3500000000237,0.9999999999999997
13336,133.3600000000237,0.9999999999999997
13337,133.37000000002368,0.9999999999999997
13338,133.38000000002367,0.9999999999999997
13339,133.39000000002366,0.9999999999999997
13340,133.40000000002365,0.9999999999999997
13341,133.41000000002364,0.9999999999999997
13342,133.42000000002363,0.9999999999999997
13343,133.43000000002363,0.9999999999999997
13344,133.44000000002362,0.9999999999999997
13345,133.4500000000236,0.9999999999999997
13346,133.4600000000236,0.9999999999999997
13347,133.4700000000236,0.9999999999999997
13348,133.48000000002358,0.9999999999999997
13349,133.49000000002357,0.9999999999999997
13350,133.50000000002356,0.9999999999999997
13351,133.51000000002355,0.9999999999999997
13352,133.52000000002354,0.9999999999999997
13353,133.53000000002353,0.9999999999999997
13354,133.54000000002353,0.9999999999999997
13355,133.55000000002352,0.9999999999999997
13356,133.5600000000235,0.9999999999999997
13357,133.5700000000235,0.9999999999999997
13358,133.5800000000235,0.9999999999999997
13359,133.59000000002348,0.9999999999999998
13360,133.60000000002347,0.9999999999999998
13361,133.61000000002346,0.9999999999999998
13362,133.62000000002345,0.9999999999999998
13363,133.63000000002344,0.9999999999999998
13364,133.64000000002343,0.9999999999999998
13365,133.65000000002343,0.9999999999999998
13366,133.66000000002342,0.9999999999999998
13367,133.6700000000234,0.9999999999999998
13368,133.6800000000234,0.9999999999999998
13369,133.6900000000234,0.9999999999999998
13370,133.70000000002338,0.9999999999999998
13371,133.71000000002337,0.9999999999999998
13372,133.72000000002336,0.9999999999999998
13373,133.73000000002335,0.9999999999999998
13374,133.74000000002334,0.9999999999999998
13375,133.75000000002333,0.9999999999999998
13376,133.76000000002333,0.9999999999999998
13377,133.77000000002332,0.9999999999999998
13378,133.7800000000233,0.9999999999999998
13379,133.7900000000233,0.9999999999999998
13380,133.8000000000233,0.9999999999999998
13381,133.81000000002328,0.9999999999999998
13382,133.82000000002327,0.9999999999999998
13383,133.83000000002326,0.9999999999999998
13384,133.84000000002325,0.9999999999999998
13385,133.85000000002324,0.9999999999999998
13386,133.86000000002323,0.9999999999999998
13387,133.87000000002323,0.9999999999999998
13388,133.88000000002322,0.9999999999999998
13389,133.8900000000232,0.9999999999999998
13390,133.9000000000232,0.9999999999999998
13391,133.9100000000232,0.9999999999999998
13392,133.92000000002318,0.9999999999999998
13393,133.93000000002317,0.9999999999999998
13394,133.94000000002316,0.9999999999999998
13395,133.95000000002315,0.9999999999999998
13396,133.96000000002314,0.9999999999999998
13397,133.97000000002313,0.9999999999999998
13398,133.98000000002313,0.9999999999999998
13399,133.99000000002312,0.9999999999999998
13400,134.0000000000231,0.9999999999999998
13401,134.0100000000231,0.9999999999999998
13402,134.0200000000231,0.9999999999999998
13403,134.03000000002308,0.9999999999999998
13404,134.04000000002307,0.9999999999999998
13405,134.05000000002306,0.9999999999999998
13406,134.06000000002305,0.9999999999999998
13407,134.07000000002304,0.9999999999999998
13408,134.08000000002303,0.9999999999999998
13409,134.09000000002302,0.9999999999999998
13410,134.10000000002302,0.9999999999999998
13411,134.110000000023,0.9999999999999998
13412,134.120000000023,0.9999999999999998
13413,134.130000000023,0.9999999999999998
13414,134.14000000002298,0.9999999999999998
13415,134.15000000002297,0.9999999999999998
13416,134.16000000002296,0.9999999999999998
13417,134.17000000002295,0.9999999999999998
13418,134.18000000002294,0.9999999999999998
13419,134.19000000002293,0.9999999999999998
13420,134.20000000002292,0.9999999999999998
13421,134.21000000002292,0.9999999999999998
13422,134.2200000000229,0.9999999999999998
13423,134.2300000000229,0.9999999999999998
13424,134.2400000000229,0.9999999999999998
13425,134.25000000002288,0.9999999999999998
13426,134.26000000002287,0.9999999999999998
13427,134.27000000002286,0.9999999999999998
13428,134.28000000002285,0.9999999999999998
13429,134.29000000002284,0.9999999999999998
13430,134.30000000002283,0.9999999999999998
13431,134.31000000002282,0.9999999999999998
13432,134.32000000002282,0.9999999999999998
13433,134.3300000000228,0.9999999999999998
13434,134.3400000000228,0.9999999999999998
13435,134.3500000000228,0.9999999999999998
13436,134.36000000002278,0.9999999999999998
13437,134.37000000002277,0.9999999999999998
13438,134.38000000002276,0.9999999999999998
13439,134.39000000002275,0.9999999999999998
13440,134.40000000002274,0.9999999999999998
13441,134.41000000002273,0.9999999999999998
13442,134.42000000002272,0.9999999999999998
13443,134.43000000002272,0.9999999999999998
13444,134.4400000000227,0.9999999999999998
13445,134.4500000000227,0.9999999999999998
13446,134.4600000000227,0.9999999999999998
13447,134.47000000002268,0.9999999999999998
13448,134.48000000002267,0.9999999999999998
13449,134.49000000002266,0.9999999999999998
13450,134.50000000002265,0.9999999999999998
13451,134.51000000002264,0.9999999999999998
13452,134.52000000002263,0.9999999999999998
13453,134.53000000002262,0.9999999999999998
13454,134.54000000002262,0.9999999999999998
13455,134.5500000000226,0.9999999999999998
13456,134.5600000000226,0.9999999999999998
13457,134.5700000000226,0.9999999999999998
13458,134.58000000002258,0.9999999999999998
13459,134.59000000002257,0.9999999999999998
13460,134.60000000002256,0.9999999999999999
13461,134.61000000002255,0.9999999999999999
13462,134.62000000002254,0.9999999999999999
13463,134.63000000002253,0.9999999999999999
13464,134.64000000002252,0.9999999999999999
13465,134.65000000002252,0.9999999999999999
13466,134.6600000000225,0.9999999999999999
13467,134.6700000000225,0.9999999999999999
13468,134.6800000000225,0.9999999999999999
13469,134.69000000002248,0.9999999999999999
13470,134.70000000002247,0.9999999999999999
13471,134.71000000002246,0.9999999999999999
13472,134.72000000002245,0.9999999999999999
13473,134.73000000002244,0.9999999999999999
13474,134.74000000002243,0.9999999999999999
13475,134.75000000002242,0.9999999999999999
13476,134.76000000002242,0.9999999999999999
13477,134.7700000000224,0.9999999999999999
13478,134.7800000000224,0.9999999999999999
13479,134.7900000000224,0.9999999999999999
13480,134.80000000002238,0.9999999999999999
13481,134.81000000002237,0.9999999999999999
13482,134.82000000002236,0.9999999999999999
13483,134.83000000002235,0.9999999999999999
13484,134.84000000002234,0.9999999999999999
13485,134.85000000002233,0.9999999999999999
13486,134.86000000002232,0.9999999999999999
13487,134.87000000002232,0.9999999999999999
13488,134.8800000000223,0.9999999999999999
13489,134.8900000000223,0.9999999999999999
13490,134.9000000000223,0.9999999999999999
13491,134.91000000002228,0.9999999999999999
13492,134.92000000002227,0.9999999999999999
13493,134.93000000002226,0.9999999999999999
13494,134.94000000002225,0.9999999999999999
13495,134.95000000002224,0.9999999999999999
13496,134.96000000002223,0.9999999999999999
13497,134.97000000002222,0.9999999999999999
13498,134.98000000002222,0.9999999999999999
13499,134.9900000000222,0.9999999999999999
13500,135.0000000000222,0.9999999999999999
13501,135.0100000000222,0.9999999999999999
13502,135.02000000002218,0.9999999999999999
13503,135.03000000002217,0.9999999999999999
13504,135.04000000002216,0.9999999999999999
13505,135.05000000002215,0.9999999999999999
13506,135.06000000002214,0.9999999999999999
13507,135.07000000002213,0.9999999999999999
13508,135.08000000002212,0.9999999999999999
13509,135.09000000002212,0.9999999999999999
13510,135.1000000000221,0.9999999999999999
13511,135.1100000000221,0.9999999999999999
13512,135.1200000000221,0.9999999999999999
13513,135.13000000002208,0.9999999999999999
13514,135.14000000002207,0.9999999999999999
13515,135.15000000002206,0.9999999999999999
13516,135.16000000002205,0.9999999999999999
13517,135.17000000002204,0.9999999999999999
13518,135.18000000002203,0.9999999999999999
13519,135.19000000002202,0.9999999999999999
13520,135.20000000002202,0.9999999999999999
13521,135.210000000022,0.9999999999999999
13522,135.220000000022,0.9999999999999999
13523,135.230000000022,0.9999999999999999
13524,135.24000000002198,0.9999999999999999
13525,135.25000000002197,0.9999999999999999
13526,135.26000000002196,0.9999999999999999
13527,135.27000000002195,0.9999999999999999
13528,135.28000000002194,0.9999999999999999
13529,135.29000000002193,0.9999999999999999
13530,135.30000000002192,0.9999999999999999
13531,135.31000000002192,0.9999999999999999
13532,135.3200000000219,0.9999999999999999
13533,135.3300000000219,0.9999999999999999
13534,135.3400000000219,0.9999999999999999
13535,135.35000000002188,0.9999999999999999
13536,135.36000000002187,0.9999999999999999
13537,135.37000000002186,0.9999999999999999
13538,135.38000000002185,0.9999999999999999
13539,135.39000000002184,0.9999999999999999
13540,135.40000000002183,0.9999999999999999
13541,135.41000000002182,0.9999999999999999
13542,135.42000000002182,0.9999999999999999
13543,135.4300000000218,0.9999999999999999
13544,135.4400000000218,0.9999999999999999
13545,135.4500000000218,0.9999999999999999
13546,135.46000000002178,0.9999999999999999
13547,135.47000000002177,0.9999999999999999
13548,135.48000000002176,0.9999999999999999
13549,135.49000000002175,0.9999999999999999
13550,135.50000000002174,0.9999999999999999
13551,135.51000000002173,0.9999999999999999
13552,135.52000000002172,0.9999999999999999
13553,135.53000000002172,0.9999999999999999
13554,135.5400000000217,0.9999999999999999
13555,135.5500000000217,0.9999999999999999
13556,135.5600000000217,0.9999999999999999
13557,135.57000000002168,0.9999999999999999
13558,135.58000000002167,0.9999999999999999
13559,135.59000000002166,0.9999999999999999
13560,135.60000000002165,0.9999999999999999
13561,135.61000000002164,0.9999999999999999
13562,135.62000000002163,0.9999999999999999
13563,135.63000000002162,0.9999999999999999
13564,135.64000000002162,0.9999999999999999
13565,135.6500000000216,0.9999999999999999
13566,135.6600000000216,0.9999999999999999
13567,135.6700000000216,0.9999999999999999
13568,135.68000000002158,0.9999999999999999
13569,135.69000000002157,0.9999999999999999
13570,135.70000000002156,0.9999999999999999
13571,135.71000000002155,0.9999999999999999
13572,135.72000000002154,0.9999999999999999
13573,135.73000000002153,0.9999999999999999
13574,135.74000000002152,0.9999999999999999
13575,135.75000000002152,0.9999999999999999
13576,135.7600000000215,0.9999999999999999
13577,135.7700000000215,0.9999999999999999
13578,135.7800000000215,0.9999999999999999
13579,135.79000000002148,0.9999999999999999
13580,135.80000000002147,0.9999999999999999
13581,135.81000000002146,0.9999999999999999
13582,135.82000000002145,0.9999999999999999
13583,135.83000000002144,0.9999999999999999
13584,135.84000000002143,0.9999999999999999
13585,135.85000000002142,0.9999999999999999
13586,135.86000000002142,0.9999999999999999
13587,135.8700000000214,0.9999999999999999
13588,135.8800000000214,0.9999999999999999
13589,135.8900000000214,0.9999999999999999
13590,135.90000000002138,0.9999999999999999
13591,135.91000000002137,0.9999999999999999
13592,135.92000000002136,0.9999999999999999
13593,135.93000000002135,0.9999999999999999
13594,135.94000000002134,0.9999999999999999
13595,135.95000000002133,0.9999999999999999
13596,135.96000000002132,0.9999999999999999
13597,135.97000000002132,0.9999999999999999
13598,135.9800000000213,0.9999999999999999
13599,135.9900000000213,0.9999999999999999
13600,136.0000000000213,0.9999999999999999
13601,136.01000000002128,0.9999999999999999
13602,136.02000000002127,0.9999999999999999
13603,136.03000000002126,0.9999999999999999
13604,136.04000000002125,0.9999999999999999
13605,136.05000000002124,0.9999999999999999
13606,136.06000000002123,0.9999999999999999
13607,136.07000000002122,0.9999999999999999
13608,136.08000000002122,0.9999999999999999
13609,136.0900000000212,0.9999999999999999
13610,136.1000000000212,0.9999999999999999
13611,136.1100000000212,0.9999999999999999
13612,136.12000000002118,0.9999999999999999
13613,136.13000000002117,0.9999999999999999
13614,136.14000000002116,0.9999999999999999
13615,136.15000000002115,0.9999999999999999
13616,136.16000000002114,0.9999999999999999
13617,136.17000000002113,0.9999999999999999
13618,136.18000000002112,0.9999999999999999
13619,136.19000000002112,0.9999999999999999
13620,136.2000000000211,0.9999999999999999
13621,136.2100000000211,0.9999999999999999
13622,136.2200000000211,0.9999999999999999
13623,136.23000000002108,0.9999999999999999
13624,136.24000000002107,0.9999999999999999
13625,136.25000000002106,0.9999999999999999
13626,136.26000000002105,0.9999999999999999
13627,136.27000000002104,0.9999999999999999
13628,136.28000000002103,0.9999999999999999
13629,136.29000000002102,0.9999999999999999
13630,136.30000000002102,0.9999999999999999
13631,136.310000000021,0.9999999999999999
13632,136.320000000021,0.9999999999999999
13633,136.330000000021,0.9999999999999999
13634,136.34000000002098,0.9999999999999999
13635,136.35000000002097,0.9999999999999999
13636,136.36000000002096,0.9999999999999999
13637,136.37000000002095,0.9999999999999999
13638,136.38000000002094,0.9999999999999999
13639,136.39000000002093,0.9999999999999999
13640,136.40000000002092,0.9999999999999999
13641,136.41000000002091,0.9999999999999999
13642,136.4200000000209,0.9999999999999999
13643,136.4300000000209,0.9999999999999999
13644,136.4400000000209,0.9999999999999999
13645,136.45000000002088,0.9999999999999999
13646,136.46000000002087,0.9999999999999999
13647,136.47000000002086,0.9999999999999999
13648,136.48000000002085,0.9999999999999999
13649,136.49000000002084,0.9999999999999999
13650,136.50000000002083,0.9999999999999999
13651,136.51000000002082,0.9999999999999999
13652,136.52000000002081,0.9999999999999999
13653,136.5300000000208,0.9999999999999999
13654,136.5400000000208,0.9999999999999999
13655,136.5500000000208,0.9999999999999999
13656,136.56000000002078,0.9999999999999999
13657,136.57000000002077,0.9999999999999999
13658,136.58000000002076,0.9999999999999999
13659,136.59000000002075,0.9999999999999999
13660,136.60000000002074,0.9999999999999999
13661,136.61000000002073,0.9999999999999999
13662,136.62000000002072,0.9999999999999999
13663,136.63000000002071,0.9999999999999999
13664,136.6400000000207,0.9999999999999999
13665,136.6500000000207,0.9999999999999999
13666,136.6600000000207,0.9999999999999999
13667,136.67000000002068,0.9999999999999999
13668,136.68000000002067,0.9999999999999999
13669,136.69000000002066,0.9999999999999999
13670,136.70000000002065,0.9999999999999999
13671,136.71000000002064,0.9999999999999999
13672,136.72000000002063,1.0
13673,136.73000000002062,1.0
13674,136.74000000002061,1.0
13675,136.7500000000206,1.0
13676,136.7600000000206,1.0
13677,136.7700000000206,1.0
13678,136.78000000002058,1.0
13679,136.79000000002057,1.0
13680,136.80000000002056,1.0
13681,136.81000000002055,1.0
13682,136.82000000002054,1.0
13683,136.83000000002053,1.0
13684,136.84000000002052,1.0
13685,136.85000000002051,1.0
13686,136.8600000000205,1.0
13687,136.8700000000205,1.0
13688,136.8800000000205,1.0
13689,136.89000000002048,1.0
13690,136.90000000002047,1.0
13691,136.91000000002046,1.0
13692,136.92000000002045,1.0
13693,136.93000000002044,1.0
13694,136.94000000002043,1.0
13695,136.95000000002042,1.0
13696,136.96000000002041,1.0
13697,136.9700000000204,1.0
13698,136.9800000000204,1.0
13699,136.9900000000204,1.0
13700,137.00000000002038,1.0
13701,137.01000000002037,1.0
13702,137.02000000002036,1.0
13703,137.03000000002035,1.0
13704,137.04000000002034,1.0
13705,137.05000000002033,1.0
13706,137.06000000002032,1.0
13707,137.07000000002031,1.0
13708,137.0800000000203,1.0
13709,137.0900000000203,1.0
13710,137.1000000000203,1.0
13711,137.11000000002028,1.0
13712,137.12000000002027,1.0
13713,137.13000000002026,1.0
13714,137.14000000002025,1.0
13715,137.15000000002024,1.0
13716,137.16000000002023,1.0
13717,137.17000000002022,1.0
13718,137.18000000002021,1.0
13719,137.1900000000202,1.0
13720,137.2000000000202,1.0
13721,137.2100000000202,1.0
13722,137.22000000002018,1.0
13723,137.23000000002017,1.0
13724,137.24000000002016,1.0
13725,137.25000000002015,1.0
13726,137.26000000002014,1.0
13727,137.27000000002013,1.0
13728,137.28000000002012,1.0
13729,137.29000000002011,1.0
13730,137.3000000000201,1.0
13731,137.3100000000201,1.0
13732,137.3200000000201,1.0
13733,137.33000000002008,1.0
13734,137.34000000002007,1.0
13735,137.35000000002006,1.0
13736,137.36000000002005,1.0
13737,137.37000000002004,1.0
13738,137.38000000002003,1.0
13739,137.39000000002002,1.0
13740,137.40000000002001,1.0
13741,137.41000000002,1.0
13742,137.42000000002,1.0
13743,137.43000000002,1.0
13744,137.44000000001998,1.0
13745,137.45000000001997,1.0
13746,137.46000000001996,1.0
13747,137.47000000001995,1.0
13748,137.48000000001994,1.0
13749,137.49000000001993,1.0
13750,137.50000000001992,1.0
13751,137.51000000001991,1.0
13752,137.5200000000199,1.0
13753,137.5300000000199,1.0
13754,137.5400000000199,1.0
13755,137.55000000001988,1.0
13756,137.56000000001987,1.0
13757,137.57000000001986,1.0
13758,137.58000000001985,1.0
13759,137.59000000001984,1.0
13760,137.60000000001983,1.0
13761,137.61000000001982,1.0
13762,137.62000000001981,1.0
13763,137.6300000000198,1.0
13764,137.6400000000198,1.0
13765,137.6500000000198,1.0
13766,137.66000000001978,1.0
13767,137.67000000001977,1.0
13768,137.68000000001976,1.0
13769,137.69000000001975,1.0
13770,137.70000000001974,1.0
13771,137.71000000001973,1.0
13772,137.72000000001972,1.0
13773,137.73000000001971,1.0
13774,137.7400000000197,1.0
13775,137.7500000000197,1.0
13776,137.7600000000197,1.0
13777,137.77000000001968,1.0
13778,137.78000000001967,1.0
13779,137.79000000001966,1.0
13780,137.80000000001965,1.0
13781,137.81000000001964,1.0
13782,137.82000000001963,1.0
13783,137.83000000001962,1.0
13784,137.84000000001961,1.0
13785,137.8500000000196,1.0
13786,137.8600000000196,1.0
13787,137.8700000000196,1.0
13788,137.88000000001958,1.0
13789,137.89000000001957,1.0
13790,137.90000000001956,1.0
13791,137.91000000001955,1.0
13792,137.92000000001954,1.0
13793,137.93000000001953,1.0
13794,137.94000000001952,1.0
13795,137.95000000001951,1.0
13796,137.9600000000195,1.0
13797,137.9700000000195,1.0
13798,137.9800000000195,1.0
13799,137.99000000001948,1.0
13800,138.00000000001947,1.0
13801,138.01000000001946,1.0
13802,138.02000000001945,1.0
13803,138.03000000001944,1.0
13804,138.04000000001943,1.0
13805,138.05000000001942,1.0
13806,138.06000000001941,1.0
13807,138.0700000000194,1.0
13808,138.0800000000194,1.0
13809,138.0900000000194,1.0
13810,138.10000000001938,1.0
13811,138.11000000001937,1.0
13812,138.12000000001936,1.0
13813,138.13000000001935,1.0
13814,138.14000000001934,1.0
13815,138.15000000001933,1.0
13816,138.16000000001932,1.0
13817,138.17000000001931,1.0
13818,138.1800000000193,1.0
13819,138.1900000000193,1.0
13820,138.2000000000193,1.0
13821,138.21000000001928,1.0
13822,138.22000000001927,1.0
13823,138.23000000001926,1.0
13824,138.24000000001925,1.0
13825,138.25000000001924,1.0
13826,138.26000000001923,1.0
13827,138.27000000001922,1.0
13828,138.28000000001921,1.0
13829,138.2900000000192,1.0
13830,138.3000000000192,1.0
13831,138.3100000000192,1.0
13832,138.32000000001918,1.0
13833,138.33000000001917,1.0
13834,138.34000000001916,1.0
13835,138.35000000001915,1.0
13836,138.36000000001914,1.0
13837,138.37000000001913,1.0
13838,138.38000000001912,1.0
13839,138.3900000000191,1.0
13840,138.4000000000191,1.0
13841,138.4100000000191,1.0
13842,138.4200000000191,1.0
13843,138.43000000001908,1.0
13844,138.44000000001907,1.0
13845,138.45000000001906,1.0
13846,138.46000000001905,1.0
13847,138.47000000001904,1.0
13848,138.48000000001903,1.0
13849,138.49000000001902,1.0
13850,138.500000000019,1.0
13851,138.510000000019,1.0
13852,138.520000000019,1.0
13853,138.530000000019,1.0
13854,138.54000000001898,1.0
13855,138.55000000001897,1.0
13856,138.56000000001896,1.0
13857,138.57000000001895,1.0
13858,138.58000000001894,1.0
13859,138.59000000001893,1.0
13860,138.60000000001892,1.0
13861,138.6100000000189,1.0
13862,138.6200000000189,1.0
13863,138.6300000000189,1.0
13864,138.6400000000189,1.0
13865,138.65000000001888,1.0
13866,138.66000000001887,1.0
13867,138.67000000001886,1.0
13868,138.68000000001885,1.0
13869,138.69000000001884,1.0
13870,138.70000000001883,1.0
13871,138.71000000001882,1.0
13872,138.7200000000188,1.0
13873,138.7300000000188,1.0
13874,138.7400000000188,1.0
13875,138.7500000000188,1.0
13876,138.76000000001878,1.0
13877,138.77000000001877,1.0
13878,138.78000000001876,1.0
13879,138.79000000001875,1.0
13880,138.80000000001874,1.0
13881,138.81000000001873,1.0
13882,138.82000000001872,1.0
13883,138.8300000000187,1.0
13884,138.8400000000187,1.0
13885,138.8500000000187,1.0
13886,138.8600000000187,1.0
13887,138.87000000001868,1.0
13888,138.88000000001867,1.0
13889,138.89000000001866,1.0
13890,138.90000000001865,1.0
13891,138.91000000001864,1.0
13892,138.92000000001863,1.0
13893,138.93000000001862,1.0
13894,138.9400000000186,1.0
13895,138.9500000000186,1.0
13896,138.9600000000186,1.0
13897,138.9700000000186,1.0
13898,138.98000000001858,1.0
13899,138.99000000001857,1.0
13900,139.00000000001856,1.0
13901,139.01000000001855,1.0
13902,139.02000000001854,1.0
13903,139.03000000001853,1.0
13904,139.04000000001852,1.0
13905,139.0500000000185,1.0
13906,139.0600000000185,1.0
13907,139.0700000000185,1.0
13908,139.0800000000185,1.0
13909,139.09000000001848,1.0
13910,139.10000000001847,1.0
13911,139.11000000001846,1.0
13912,139.12000000001845,1.0
13913,139.13000000001844,1.0
13914,139.14000000001843,1.0
13915,139.15000000001842,1.0
13916,139.1600000000184,1.0
13917,139.1700000000184,1.0
13918,139.1800000000184,1.0
13919,139.1900000000184,1.0
13920,139.20000000001838,1.0
13921,139.21000000001837,1.0
13922,139.22000000001836,1.0
13923,139.23000000001835,1.0
13924,139.24000000001834,1.0
13925,139.25000000001833,1.0
13926,139.26000000001832,1.0
13927,139.2700000000183,1.0
13928,139.2800000000183,1.0
13929,139.2900000000183,1.0
13930,139.3000000000183,1.0
13931,139.31000000001828,1.0
13932,139.32000000001827,1.0
13933,139.33000000001826,1.0
13934,139.34000000001825,1.0
13935,139.35000000001824,1.0
13936,139.36000000001823,1.0
13937,139.37000000001822,1.0
13938,139.3800000000182,1.0
13939,139.3900000000182,1.0
13940,139.4000000000182,1.0
13941,139.4100000000182,1.0
13942,139.42000000001818,1.0
13943,139.43000000001817,1.0
13944,139.44000000001816,1.0
13945,139.45000000001815,1.0
13946,139.46000000001814,1.0
13947,139.47000000001813,1.0
13948,139.48000000001812,1.0
13949,139.4900000000181,1.0
13950,139.5000000000181,1.0
13951,139.5100000000181,1.0
13952,139.5200000000181,1.0
13953,139.53000000001808,1.0
13954,139.54000000001807,1.0
13955,139.55000000001806,1.0
13956,139.56000000001805,1.0
13957,139.57000000001804,1.0
13958,139.58000000001803,1.0
13959,139.59000000001802,1.0
13960,139.600000000018,1.0
13961,139.610000000018,1.0
13962,139.620000000018,1.0
13963,139.630000000018,1.0
13964,139.64000000001798,1.0
13965,139.65000000001797,1.0
13966,139.66000000001796,1.0
13967,139.67000000001795,1.0
13968,139.68000000001794,1.0
13969,139.69000000001793,1.0
13970,139.70000000001792,1.0
13971,139.7100000000179,1.0
13972,139.7200000000179,1.0
13973,139.7300000000179,1.0
13974,139.7400000000179,1.0
13975,139.75000000001788,1.0
13976,139.76000000001787,1.0
13977,139.77000000001786,1.0
13978,139.78000000001785,1.0
13979,139.79000000001784,1.0
13980,139.80000000001783,1.0
13981,139.81000000001782,1.0
13982,139.8200000000178,1.0
13983,139.8300000000178,1.0
13984,139.8400000000178,1.0
13985,139.8500000000178,1.0
13986,139.86000000001778,1.0
13987,139.87000000001777,1.0
13988,139.88000000001776,1.0
13989,139.89000000001775,1.0
13990,139.90000000001774,1.0
13991,139.91000000001773,1.0
13992,139.92000000001772,1.0
13993,139.9300000000177,1.0
13994,139.9400000000177,1.0
13995,139.9500000000177,1.0
13996,139.9600000000177,1.0
13997,139.97000000001768,1.0
13998,139.98000000001767,1.0
13999,139.99000000001766,1.0
14000,140.00000000001765,1.0
14001,140.01000000001764,1.0
14002,140.02000000001763,1.0
14003,140.03000000001762,1.0
14004,140.0400000000176,1.0
14005,140.0500000000176,1.0
14006,140.0600000000176,1.0
14007,140.0700000000176,1.0
14008,140.08000000001758,1.0
14009,140.09000000001757,1.0
14010,140.10000000001756,1.0
14011,140.11000000001755,1.0
14012,140.12000000001754,1.0
14013,140.13000000001753,1.0
14014,140.14000000001752,1.0
14015,140.1500000000175,1.0
14016,140.1600000000175,1.0
14017,140.1700000000175,1.0
14018,140.1800000000175,1.0
14019,140.19000000001748,1.0
14020,140.20000000001747,1.0
14021,140.21000000001746,1.0
14022,140.22000000001745,1.0
14023,140.23000000001744,1.0
14024,140.24000000001743,1.0
14025,140.25000000001742,1.0
14026,140.2600000000174,1.0
14027,140.2700000000174,1.0
14028,140.2800000000174,1.0
14029,140.2900000000174,1.0
14030,140.30000000001738,1.0
14031,140.31000000001737,1.0
14032,140.32000000001736,1.0
14033,140.33000000001735,1.0
14034,140.34000000001734,1.0
14035,140.35000000001733,1.0
14036,140.36000000001732,1.0
14037,140.3700000000173,1.0
14038,140.3800000000173,1.0
14039,140.3900000000173,1.0
14040,140.4000000000173,1.0
14041,140.41000000001728,1.0
14042,140.42000000001727,1.0
14043,140.43000000001726,1.0
14044,140.44000000001725,1.0
14045,140.45000000001724,1.0
14046,140.46000000001723,1.0
14047,140.47000000001722,1.0
14048,140.4800000000172,1.0
14049,140.4900000000172,1.0
14050,140.5000000000172,1.0
14051,140.5100000000172,1.0
14052,140.52000000001718,1.0
14053,140.53000000001717,1.0
14054,140.54000000001716,1.0
14055,140.55000000001715,1.0
14056,140.56000000001714,1.0
14057,140.57000000001713,1.0
14058,140.58000000001712,1.0
14059,140.5900000000171,1.0
14060,140.6000000000171,1.0
14061,140.6100000000171,1.0
14062,140.6200000000171,1.0
14063,140.63000000001708,1.0
14064,140.64000000001707,1.0
14065,140.65000000001706,1.0
14066,140.66000000001705,1.0
14067,140.67000000001704,1.0
14068,140.68000000001703,1.0
14069,140.69000000001702,1.0
14070,140.700000000017,1.0
14071,140.710000000017,1.0
14072,140.720000000017,1.0
14073,140.730000000017,1.0
14074,140.74000000001698,1.0
14075,140.75000000001697,1.0
14076,140.76000000001696,1.0
14077,140.77000000001695,1.0
14078,140.78000000001694,1.0
14079,140.79000000001693,1.0
14080,140.80000000001692,1.0
14081,140.8100000000169,1.0
14082,140.8200000000169,1.0
14083,140.8300000000169,1.0
14084,140.8400000000169,1.0
14085,140.85000000001688,1.0
14086,140.86000000001687,1.0
14087,140.87000000001686,1.0
14088,140.88000000001685,1.0
14089,140.89000000001684,1.0
14090,140.90000000001683,1.0
14091,140.91000000001682,1.0
14092,140.9200000000168,1.0
14093,140.9300000000168,1.0
14094,140.9400000000168,1.0
14095,140.9500000000168,1.0
14096,140.96000000001678,1.0
14097,140.97000000001677,1.0
14098,140.98000000001676,1.0
14099,140.99000000001675,1.0
14100,141.00000000001674,1.0
14101,141.01000000001673,1.0
14102,141.02000000001672,1.0
14103,141.0300000000167,1.0
14104,141.0400000000167,1.0
14105,141.0500000000167,1.0
14106,141.0600000000167,1.0
14107,141.07000000001668,1.0
14108,141.08000000001667,1.0
14109,141.09000000001666,1.0
14110,141.10000000001665,1.0
14111,141.11000000001664,1.0
14112,141.12000000001663,1.0
14113,141.13000000001662,1.0
14114,141.1400000000166,1.0
14115,141.1500000000166,1.0
14116,141.1600000000166,1.0
14117,141.17000000001659,1.0
14118,141.18000000001658,1.0
14119,141.19000000001657,1.0
14120,141.20000000001656,1.0
14121,141.21000000001655,1.0
14122,141.22000000001654,1.0
14123,141.23000000001653,1.0
14124,141.24000000001652,1.0
14125,141.2500000000165,1.0
14126,141.2600000000165,1.0
14127,141.2700000000165,1.0
14128,141.28000000001649,1.0
14129,141.29000000001648,1.0
14130,141.30000000001647,1.0
14131,141.31000000001646,1.0
14132,141.32000000001645,1.0
14133,141.33000000001644,1.0
14134,141.34000000001643,1.0
14135,141.35000000001642,1.0
14136,141.3600000000164,1.0
14137,141.3700000000164,1.0
14138,141.3800000000164,1.0
14139,141.39000000001639,1.0
14140,141.40000000001638,1.0
14141,141.41000000001637,1.0
14142,141.42000000001636,1.0
14143,141.43000000001635,1.0
14144,141.44000000001634,1.0
14145,141.45000000001633,1.0
14146,141.46000000001632,1.0
14147,141.4700000000163,1.0
14148,141.4800000000163,1.0
14149,141.4900000000163,1.0
14150,141.50000000001629,1.0
14151,141.51000000001628,1.0
14152,141.52000000001627,1.0
14153,141.53000000001626,1.0
14154,141.54000000001625,1.0
14155,141.55000000001624,1.0
14156,141.56000000001623,1.0
14157,141.57000000001622,1.0
14158,141.5800000000162,1.0
14159,141.5900000000162,1.0
14160,141.6000000000162,1.0
14161,141.61000000001619,1.0
14162,141.62000000001618,1.0
14163,141.63000000001617,1.0
14164,141.64000000001616,1.0
14165,141.65000000001615,1.0
14166,141.66000000001614,1.0
14167,141.67000000001613,1.0
14168,141.68000000001612,1.0
14169,141.6900000000161,1.0
14170,141.7000000000161,1.0
14171,141.7100000000161,1.0
14172,141.72000000001609,1.0
14173,141.73000000001608,1.0
14174,141.74000000001607,1.0
14175,141.75000000001606,1.0
14176,141.76000000001605,1.0
14177,141.77000000001604,1.0
14178,141.78000000001603,1.0
14179,141.79000000001602,1.0
14180,141.800000000016,1.0
14181,141.810000000016,1.0
14182,141.820000000016,1.0
14183,141.83000000001599,1.0
14184,141.84000000001598,1.0
14185,141.85000000001597,1.0
14186,141.86000000001596,1.0
14187,141.87000000001595,1.0
14188,141.88000000001594,1.0
14189,141.89000000001593,1.0
14190,141.90000000001592,1.0
14191,141.9100000000159,1.0
14192,141.9200000000159,1.0
14193,141.9300000000159,1.0
14194,141.94000000001589,1.0
14195,141.95000000001588,1.0
14196,141.96000000001587,1.0
14197,141.97000000001586,1.0
14198,141.98000000001585,1.0
14199,141.99000000001584,1.0
14200,142.00000000001583,1.0
14201,142.01000000001582,1.0
14202,142.0200000000158,1.0
14203,142.0300000000158,1.0
14204,142.0400000000158,1.0
14205,142.05000000001579,1.0
14206,142.06000000001578,1.0
14207,142.07000000001577,1.0
14208,142.08000000001576,1.0
14209,142.09000000001575,1.0
14210,142.10000000001574,1.0
14211,142.11000000001573,1.0
14212,142.12000000001572,1.0
14213,142.1300000000157,1.0
14214,142.1400000000157,1.0
14215,142.1500000000157,1.0
14216,142.16000000001569,1.0
14217,142.17000000001568,1.0
14218,142.18000000001567,1.0
14219,142.19000000001566,1.0
14220,142.20000000001565,1.0
14221,142.21000000001564,1.0
14222,142.22000000001563,1.0
14223,142.23000000001562,1.0
14224,142.2400000000156,1.0
14225,142.2500000000156,1.0
14226,142.2600000000156,1.0
14227,142.27000000001559,1.0
14228,142.28000000001558,1.0
14229,142.29000000001557,1.0
14230,142.30000000001556,1.0
14231,142.31000000001555,1.0
14232,142.32000000001554,1.0
14233,142.33000000001553,1.0
14234,142.34000000001552,1.0
14235,142.3500000000155,1.0
14236,142.3600000000155,1.0
14237,142.3700000000155,1.0
14238,142.38000000001549,1.0
14239,142.39000000001548,1.0
14240,142.40000000001547,1.0
14241,142.41000000001546,1.0
14242,142.42000000001545,1.0
14243,142.43000000001544,1.0
14244,142.44000000001543,1.0
14245,142.45000000001542,1.0
14246,142.4600000000154,1.0
14247,142.4700000000154,1.0
14248,142.4800000000154,1.0
14249,142.49000000001539,1.0
14250,142.50000000001538,1.0
14251,142.51000000001537,1.0
14252,142.52000000001536,1.0
14253,142.53000000001535,1.0
14254,142.54000000001534,1.0
14255,142.55000000001533,1.0
14256,142.56000000001532,1.0
14257,142.5700000000153,1.0
14258,142.5800000000153,1.0
14259,142.5900000000153,1.0
14260,142.60000000001529,1.0
14261,142.61000000001528,1.0
14262,142.62000000001527,1.0
14263,142.63000000001526,1.0
14264,142.64000000001525,1.0
14265,142.65000000001524,1.0
14266,142.66000000001523,1.0
14267,142.67000000001522,1.0
14268,142.6800000000152,1.0
14269,142.6900000000152,1.0
14270,142.7000000000152,1.0
14271,142.71000000001519,1.0
14272,142.72000000001518,1.0
14273,142.73000000001517,1.0
14274,142.74000000001516,1.0
14275,142.75000000001515,1.0
14276,142.76000000001514,1.0
14277,142.77000000001513,1.0
14278,142.78000000001512,1.0
14279,142.7900000000151,1.0
14280,142.8000000000151,1.0
14281,142.8100000000151,1.0
14282,142.82000000001509,1.0
14283,142.83000000001508,1.0
14284,142.84000000001507,1.0
14285,142.85000000001506,1.0
14286,142.86000000001505,1.0
14287,142.87000000001504,1.0
14288,142.88000000001503,1.0
14289,142.89000000001502,1.0
14290,142.900000000015,1.0
14291,142.910000000015,1.0
14292,142.920000000015,1.0
14293,142.93000000001499,1.0
14294,142.94000000001498,1.0
14295,142.95000000001497,1.0
14296,142.96000000001496,1.0
14297,142.97000000001495,1.0
14298,142.98000000001494,1.0
14299,142.99000000001493,1.0
14300,143.00000000001492,1.0
14301,143.0100000000149,1.0
14302,143.0200000000149,1.0
14303,143.0300000000149,1.0
14304,143.04000000001489,1.0
14305,143.05000000001488,1.0
14306,143.06000000001487,1.0
14307,143.07000000001486,1.0
14308,143.08000000001485,1.0
14309,143.09000000001484,1.0
14310,143.10000000001483,1.0
14311,143.11000000001482,1.0
14312,143.1200000000148,1.0
14313,143.1300000000148,1.0
14314,143.1400000000148,1.0
14315,143.15000000001478,1.0
14316,143.16000000001478,1.0
14317,143.17000000001477,1.0
14318,143.18000000001476,1.0
14319,143.19000000001475,1.0
14320,143.20000000001474,1.0
14321,143.21000000001473,1.0
14322,143.22000000001472,1.0
14323,143.2300000000147,1.0
14324,143.2400000000147,1.0
14325,143.2500000000147,1.0
14326,143.26000000001468,1.0
14327,143.27000000001468,1.0
14328,143.28000000001467,1.0
14329,143.29000000001466,1.0
14330,143.30000000001465,1.0
14331,143.31000000001464,1.0
14332,143.32000000001463,1.0
14333,143.33000000001462,1.0
14334,143.3400000000146,1.0
14335,143.3500000000146,1.0
14336,143.3600000000146,1.0
14337,143.37000000001458,1.0
14338,143.38000000001458,1.0
14339,143.39000000001457,1.0
14340,143.40000000001456,1.0
14341,143.41000000001455,1.0
14342,143.42000000001454,1.0
14343,143.43000000001453,1.0
14344,143.44000000001452,1.0
14345,143.4500000000145,1.0
14346,143.4600000000145,1.0
14347,143.4700000000145,1.0
14348,143.48000000001448,1.0
14349,143.49000000001448,1.0
14350,143.50000000001447,1.0
14351,143.51000000001446,1.0
14352,143.52000000001445,1.0
14353,143.53000000001444,1.0
14354,143.54000000001443,1.0
14355,143.55000000001442,1.0
14356,143.5600000000144,1.0
14357,143.5700000000144,1.0
14358,143.5800000000144,1.0
14359,143.59000000001438,1.0
14360,143.60000000001438,1.0
14361,143.61000000001437,1.0
14362,143.62000000001436,1.0
14363,143.63000000001435,1.0
14364,143.64000000001434,1.0
14365,143.65000000001433,1.0
14366,143.66000000001432,1.0
14367,143.6700000000143,1.0
14368,143.6800000000143,1.0
14369,143.6900000000143,1.0
14370,143.70000000001428,1.0
14371,143.71000000001428,1.0
14372,143.72000000001427,1.0
14373,143.73000000001426,1.0
14374,143.74000000001425,1.0
14375,143.75000000001424,1.0
14376,143.76000000001423,1.0
14377,143.77000000001422,1.0
14378,143.7800000000142,1.0
14379,143.7900000000142,1.0
14380,143.8000000000142,1.0
14381,143.81000000001418,1.0
14382,143.82000000001418,1.0
14383,143.83000000001417,1.0
14384,143.84000000001416,1.0
14385,143.85000000001415,1.0
14386,143.86000000001414,1.0
14387,143.87000000001413,1.0
14388,143.88000000001412,1.0
14389,143.8900000000141,1.0
14390,143.9000000000141,1.0
14391,143.9100000000141,1.0
14392,143.92000000001408,1.0
14393,143.93000000001408,1.0
14394,143.94000000001407,1.0
14395,143.95000000001406,1.0
14396,143.96000000001405,1.0
14397,143.97000000001404,1.0
14398,143.98000000001403,1.0
14399,143.99000000001402,1.0
14400,144.000000000014,1.0
14401,144.010000000014,1.0
14402,144.020000000014,1.0
14403,144.03000000001398,1.0
14404,144.04000000001398,1.0
14405,144.05000000001397,1.0
14406,144.06000000001396,1.0
14407,144.07000000001395,1.0
14408,144.08000000001394,1.0
14409,144.09000000001393,1.0
14410,144.10000000001392,1.0
14411,144.1100000000139,1.0
14412,144.1200000000139,1.0
14413,144.1300000000139,1.0
14414,144.14000000001388,1.0
14415,144.15000000001388,1.0
14416,144.16000000001387,1.0
14417,144.17000000001386,1.0
14418,144.18000000001385,1.0
14419,144.19000000001384,1.0
14420,144.20000000001383,1.0
14421,144.21000000001382,1.0
14422,144.2200000000138,1.0
14423,144.2300000000138,1.0
14424,144.2400000000138,1.0
14425,144.25000000001378,1.0
14426,144.26000000001378,1.0
14427,144.27000000001377,1.0
14428,144.28000000001376,1.0
14429,144.29000000001375,1.0
14430,144.30000000001374,1.0
14431,144.31000000001373,1.0
14432,144.32000000001372,1.0
14433,144.3300000000137,1.0
14434,144.3400000000137,1.0
14435,144.3500000000137,1.0
14436,144.36000000001368,1.0
14437,144.37000000001368,1.0
14438,144.38000000001367,1.0
14439,144.39000000001366,1.0
14440,144.40000000001365,1.0
14441,144.41000000001364,1.0
14442,144.42000000001363,1.0
14443,144.43000000001362,1.0
14444,144.4400000000136,1.0
14445,144.4500000000136,1.0
14446,144.4600000000136,1.0
14447,144.47000000001358,1.0
14448,144.48000000001358,1.0
14449,144.49000000001357,1.0
14450,144.50000000001356,1.0
14451,144.51000000001355,1.0
14452,144.52000000001354,1.0
14453,144.53000000001353,1.0
14454,144.54000000001352,1.0
14455,144.5500000000135,1.0
14456,144.5600000000135,1.0
14457,144.5700000000135,1.0
14458,144.58000000001348,1.0
14459,144.59000000001348,1.0
14460,144.60000000001347,1.0
14461,144.61000000001346,1.0
14462,144.62000000001345,1.0
14463,144.63000000001344,1.0
14464,144.64000000001343,1.0
14465,144.65000000001342,1.0
14466,144.6600000000134,1.0
14467,144.6700000000134,1.0
14468,144.6800000000134,1.0
14469,144.69000000001338,1.0
14470,144.70000000001338,1.0
14471,144.71000000001337,1.0
14472,144.72000000001336,1.0
14473,144.73000000001335,1.0
14474,144.74000000001334,1.0
14475,144.75000000001333,1.0
14476,144.76000000001332,1.0
14477,144.7700000000133,1.0
14478,144.7800000000133,1.0
14479,144.7900000000133,1.0
14480,144.80000000001328,1.0
14481,144.81000000001328,1.0
14482,144.82000000001327,1.0
14483,144.83000000001326,1.0
14484,144.84000000001325,1.0
14485,144.85000000001324,1.0
14486,144.86000000001323,1.0
14487,144.87000000001322,1.0
14488,144.8800000000132,1.0
14489,144.8900000000132,1.0
14490,144.9000000000132,1.0
14491,144.91000000001318,1.0
14492,144.92000000001318,1.0
14493,144.93000000001317,1.0
14494,144.94000000001316,1.0
14495,144.95000000001315,1.0
14496,144.96000000001314,1.0
14497,144.97000000001313,1.0
14498,144.98000000001312,1.0
14499,144.9900000000131,1.0
14500,145.0000000000131,1.0
14501,145.0100000000131,1.0
14502,145.02000000001308,1.0
14503,145.03000000001308,1.0
14504,145.04000000001307,1.0
14505,145.05000000001306,1.0
14506,145.06000000001305,1.0
14507,145.07000000001304,1.0
14508,145.08000000001303,1.0
14509,145.09000000001302,1.0
14510,145.100000000013,1.0
14511,145.110000000013,1.0
14512,145.120000000013,1.0
14513,145.13000000001298,1.0
14514,145.14000000001298,1.0
14515,145.15000000001297,1.0
14516,145.16000000001296,1.0
14517,145.17000000001295,1.0
14518,145.18000000001294,1.0
14519,145.19000000001293,1.0
14520,145.20000000001292,1.0
14521,145.2100000000129,1.0
14522,145.2200000000129,1.0
14523,145.2300000000129,1.0
14524,145.24000000001288,1.0
14525,145.25000000001288,1.0
14526,145.26000000001287,1.0
14527,145.27000000001286,1.0
14528,145.28000000001285,1.0
14529,145.29000000001284,1.0
14530,145.30000000001283,1.0
14531,145.31000000001282,1.0
14532,145.3200000000128,1.0
14533,145.3300000000128,1.0
14534,145.3400000000128,1.0
14535,145.35000000001278,1.0
14536,145.36000000001277,1.0
14537,145.37000000001277,1.0
14538,145.38000000001276,1.0
14539,145.39000000001275,1.0
14540,145.40000000001274,1.0
14541,145.41000000001273,1.0
14542,145.42000000001272,1.0
14543,145.4300000000127,1.0
14544,145.4400000000127,1.0
14545,145.4500000000127,1.0
14546,145.46000000001268,1.0
14547,145.47000000001267,1.0
14548,145.48000000001267,1.0
14549,145.49000000001266,1.0
14550,145.50000000001265,1.0
14551,145.51000000001264,1.0
14552,145.52000000001263,1.0
14553,145.53000000001262,1.0
14554,145.5400000000126,1.0
14555,145.5500000000126,1.0
14556,145.5600000000126,1.0
14557,145.57000000001258,1.0
14558,145.58000000001257,1.0
14559,145.59000000001257,1.0
14560,145.60000000001256,1.0
14561,145.61000000001255,1.0
14562,145.62000000001254,1.0
14563,145.63000000001253,1.0
14564,145.64000000001252,1.0
14565,145.6500000000125,1.0
14566,145.6600000000125,1.0
14567,145.6700000000125,1.0
14568,145.68000000001248,1.0
14569,145.69000000001247,1.0
14570,145.70000000001247,1.0
14571,145.71000000001246,1.0
14572,145.72000000001245,1.0
14573,145.73000000001244,1.0
14574,145.74000000001243,1.0
14575,145.75000000001242,1.0
14576,145.7600000000124,1.0
14577,145.7700000000124,1.0
14578,145.7800000000124,1.0
14579,145.79000000001238,1.0
14580,145.80000000001237,1.0
14581,145.81000000001237,1.0
14582,145.82000000001236,1.0
14583,145.83000000001235,1.0
14584,145.84000000001234,1.0
14585,145.85000000001233,1.0
14586,145.86000000001232,1.0
14587,145.8700000000123,1.0
14588,145.8800000000123,1.0
14589,145.8900000000123,1.0
14590,145.90000000001228,1.0
14591,145.91000000001227,1.0
14592,145.92000000001227,1.0
14593,145.93000000001226,1.0
14594,145.94000000001225,1.0
14595,145.95000000001224,1.0
14596,145.96000000001223,1.0
14597,145.97000000001222,1.0
14598,145.9800000000122,1.0
14599,145.9900000000122,1.0
14600,146.0000000000122,1.0
14601,146.01000000001218,1.0
14602,146.02000000001217,1.0
14603,146.03000000001217,1.0
14604,146.04000000001216,1.0
14605,146.05000000001215,1.0
14606,146.06000000001214,1.0
14607,146.07000000001213,1.0
14608,146.08000000001212,1.0
14609,146.0900000000121,1.0
14610,146.1000000000121,1.0
14611,146.1100000000121,1.0
14612,146.12000000001208,1.0
14613,146.13000000001207,1.0
14614,146.14000000001207,1.0
14615,146.15000000001206,1.0
14616,146.16000000001205,1.0
14617,146.17000000001204,1.0
14618,146.18000000001203,1.0
14619,146.19000000001202,1.0
14620,146.200000000012,1.0
14621,146.210000000012,1.0
14622,146.220000000012,1.0
14623,146.23000000001198,1.0
14624,146.24000000001197,1.0
14625,146.25000000001197,1.0
14626,146.26000000001196,1.0
14627,146.27000000001195,1.0
14628,146.28000000001194,1.0
14629,146.29000000001193,1.0
14630,146.30000000001192,1.0
14631,146.3100000000119,1.0
14632,146.3200000000119,1.0
14633,146.3300000000119,1.0
14634,146.34000000001188,1.0
14635,146.35000000001187,1.0
14636,146.36000000001187,1.0
14637,146.37000000001186,1.0
14638,146.38000000001185,1.0
14639,146.39000000001184,1.0
14640,146.40000000001183,1.0
14641,146.41000000001182,1.0
14642,146.4200000000118,1.0
14643,146.4300000000118,1.0
14644,146.4400000000118,1.0
14645,146.45000000001178,1.0
14646,146.46000000001177,1.0
14647,146.47000000001177,1.0
14648,146.48000000001176,1.0
14649,146.49000000001175,1.0
14650,146.50000000001174,1.0
14651,146.51000000001173,1.0
14652,146.52000000001172,1.0
14653,146.5300000000117,1.0
14654,146.5400000000117,1.0
14655,146.5500000000117,1.0
14656,146.56000000001168,1.0
14657,146.57000000001167,1.0
14658,146.58000000001167,1.0
14659,146.59000000001166,1.0
14660,146.60000000001165,1.0
14661,146.61000000001164,1.0
14662,146.62000000001163,1.0
14663,146.63000000001162,1.0
14664,146.6400000000116,1.0
14665,146.6500000000116,1.0
14666,146.6600000000116,1.0
14667,146.67000000001158,1.0
14668,146.68000000001157,1.0
14669,146.69000000001157,1.0
14670,146.70000000001156,1.0
14671,146.71000000001155,1.0
14672,146.72000000001154,1.0
14673,146.73000000001153,1.0
14674,146.74000000001152,1.0
14675,146.7500000000115,1.0
14676,146.7600000000115,1.0
14677,146.7700000000115,1.0
14678,146.78000000001148,1.0
14679,146.79000000001147,1.0
14680,146.80000000001147,1.0
14681,146.81000000001146,1.0
14682,146.82000000001145,1.0
14683,146.83000000001144,1.0
14684,146.84000000001143,1.0
14685,146.85000000001142,1.0
14686,146.8600000000114,1.0
14687,146.8700000000114,1.0
14688,146.8800000000114,1.0
14689,146.89000000001138,1.0
14690,146.90000000001137,1.0
14691,146.91000000001137,1.0
14692,146.92000000001136,1.0
14693,146.93000000001135,1.0
14694,146.94000000001134,1.0
14695,146.95000000001133,1.0
14696,146.96000000001132,1.0
14697,146.9700000000113,1.0
14698,146.9800000000113,1.0
14699,146.9900000000113,1.0
14700,147.00000000001128,1.0
14701,147.01000000001127,1.0
14702,147.02000000001127,1.0
14703,147.03000000001126,1.0
14704,147.04000000001125,1.0
14705,147.05000000001124,1.0
14706,147.06000000001123,1.0
14707,147.07000000001122,1.0
14708,147.0800000000112,1.0
14709,147.0900000000112,1.0
14710,147.1000000000112,1.0
14711,147.11000000001118,1.0
14712,147.12000000001117,1.0
14713,147.13000000001117,1.0
14714,147.14000000001116,1.0
14715,147.15000000001115,1.0
14716,147.16000000001114,1.0
14717,147.17000000001113,1.0
14718,147.18000000001112,1.0
14719,147.1900000000111,1.0
14720,147.2000000000111,1.0
14721,147.2100000000111,1.0
14722,147.22000000001108,1.0
14723,147.23000000001107,1.0
14724,147.24000000001107,1.0
14725,147.25000000001106,1.0
14726,147.26000000001105,1.0
14727,147.27000000001104,1.0
14728,147.28000000001103,1.0
14729,147.29000000001102,1.0
14730,147.300000000011,1.0
14731,147.310000000011,1.0
14732,147.320000000011,1.0
14733,147.33000000001098,1.0
14734,147.34000000001097,1.0
14735,147.35000000001097,1.0
14736,147.36000000001096,1.0
14737,147.37000000001095,1.0
14738,147.38000000001094,1.0
14739,147.39000000001093,1.0
14740,147.40000000001092,1.0
14741,147.4100000000109,1.0
14742,147.4200000000109,1.0
14743,147.4300000000109,1.0
14744,147.44000000001088,1.0
14745,147.45000000001087,1.0
14746,147.46000000001087,1.0
14747,147.47000000001086,1.0
14748,147.48000000001085,1.0
14749,147.49000000001084,1.0
14750,147.50000000001083,1.0
14751,147.51000000001082,1.0
14752,147.5200000000108,1.0
14753,147.5300000000108,1.0
14754,147.5400000000108,1.0
14755,147.55000000001078,1.0
14756,147.56000000001077,1.0
14757,147.57000000001077,1.0
14758,147.58000000001076,1.0
14759,147.59000000001075,1.0
14760,147.60000000001074,1.0
14761,147.61000000001073,1.0
14762,147.62000000001072,1.0
14763,147.6300000000107,1.0
14764,147.6400000000107,1.0
14765,147.6500000000107,1.0
14766,147.66000000001068,1.0
14767,147.67000000001067,1.0
14768,147.68000000001066,1.0
14769,147.69000000001066,1.0
14770,147.70000000001065,1.0
14771,147.71000000001064,1.0
14772,147.72000000001063,1.0
14773,147.73000000001062,1.0
14774,147.7400000000106,1.0
14775,147.7500000000106,1.0
14776,147.7600000000106,1.0
14777,147.77000000001058,1.0
14778,147.78000000001057,1.0
14779,147.79000000001056,1.0
14780,147.80000000001056,1.0
14781,147.81000000001055,1.0
14782,147.82000000001054,1.0
14783,147.83000000001053,1.0
14784,147.84000000001052,1.0
14785,147.8500000000105,1.0
14786,147.8600000000105,1.0
14787,147.8700000000105,1.0
14788,147.88000000001048,1.0
14789,147.89000000001047,1.0
14790,147.90000000001046,1.0
14791,147.91000000001046,1.0
14792,147.92000000001045,1.0
14793,147.93000000001044,1.0
14794,147.94000000001043,1.0
14795,147.95000000001042,1.0
14796,147.9600000000104,1.0
14797,147.9700000000104,1.0
14798,147.9800000000104,1.0
14799,147.99000000001038,1.0
14800,148.00000000001037,1.0
14801,148.01000000001036,1.0
14802,148.02000000001036,1.0
14803,148.03000000001035,1.0
14804,148.04000000001034,1.0
14805,148.05000000001033,1.0
14806,148.06000000001032,1.0
14807,148.0700000000103,1.0
14808,148.0800000000103,1.0
14809,148.0900000000103,1.0
14810,148.10000000001028,1.0
14811,148.11000000001027,1.0
14812,148.12000000001026,1.0
14813,148.13000000001026,1.0
14814,148.14000000001025,1.0
14815,148.15000000001024,1.0
14816,148.16000000001023,1.0
14817,148.17000000001022,1.0
14818,148.1800000000102,1.0
14819,148.1900000000102,1.0
14820,148.2000000000102,1.0
14821,148.21000000001018,1.0
14822,148.22000000001017,1.0
14823,148.23000000001016,1.0
14824,148.24000000001016,1.0
14825,148.25000000001015,1.0
14826,148.26000000001014,1.0
14827,148.27000000001013,1.0
14828,148.28000000001012,1.0
14829,148.2900000000101,1.0
14830,148.3000000000101,1.0
14831,148.3100000000101,1.0
14832,148.32000000001008,1.0
14833,148.33000000001007,1.0
14834,148.34000000001006,1.0
14835,148.35000000001006,1.0
14836,148.36000000001005,1.0
14837,148.37000000001004,1.0
14838,148.38000000001003,1.0
14839,148.39000000001002,1.0
14840,148.40000000001,1.0
14841,148.41000000001,1.0
14842,148.42000000001,1.0
14843,148.43000000000998,1.0
14844,148.44000000000997,1.0
14845,148.45000000000996,1.0
14846,148.46000000000996,1.0
14847,148.47000000000995,1.0
14848,148.48000000000994,1.0
14849,148.49000000000993,1.0
14850,148.50000000000992,1.0
14851,148.5100000000099,1.0
14852,148.5200000000099,1.0
14853,148.5300000000099,1.0
14854,148.54000000000988,1.0
14855,148.55000000000987,1.0
14856,148.56000000000986,1.0
14857,148.57000000000986,1.0
14858,148.58000000000985,1.0
14859,148.59000000000984,1.0
14860,148.60000000000983,1.0
14861,148.61000000000982,1.0
14862,148.6200000000098,1.0
14863,148.6300000000098,1.0
14864,148.6400000000098,1.0
14865,148.65000000000978,1.0
14866,148.66000000000977,1.0
14867,148.67000000000976,1.0
14868,148.68000000000976,1.0
14869,148.69000000000975,1.0
14870,148.70000000000974,1.0
14871,148.71000000000973,1.0
14872,148.72000000000972,1.0
14873,148.7300000000097,1.0
14874,148.7400000000097,1.0
14875,148.7500000000097,1.0
14876,148.76000000000968,1.0
14877,148.77000000000967,1.0
14878,148.78000000000966,1.0
14879,148.79000000000966,1.0
14880,148.80000000000965,1.0
14881,148.81000000000964,1.0
14882,148.82000000000963,1.0
14883,148.83000000000962,1.0
14884,148.8400000000096,1.0
14885,148.8500000000096,1.0
14886,148.8600000000096,1.0
14887,148.87000000000958,1.0
14888,148.88000000000957,1.0
14889,148.89000000000956,1.0
14890,148.90000000000956,1.0
14891,148.91000000000955,1.0
14892,148.92000000000954,1.0
14893,148.93000000000953,1.0
14894,148.94000000000952,1.0
14895,148.9500000000095,1.0
14896,148.9600000000095,1.0
14897,148.9700000000095,1.0
14898,148.98000000000948,1.0
14899,148.99000000000947,1.0
14900,149.00000000000946,1.0
14901,149.01000000000946,1.0
14902,149.02000000000945,1.0
14903,149.03000000000944,1.0
14904,149.04000000000943,1.0
14905,149.05000000000942,1.0
14906,149.0600000000094,1.0
14907,149.0700000000094,1.0
14908,149.0800000000094,1.0
14909,149.09000000000938,1.0
14910,149.10000000000937,1.0
14911,149.11000000000936,1.0
14912,149.12000000000936,1.0
14913,149.13000000000935,1.0
14914,149.14000000000934,1.0
14915,149.15000000000933,1.0
14916,149.16000000000932,1.0
14917,149.1700000000093,1.0
14918,149.1800000000093,1.0
14919,149.1900000000093,1.0
14920,149.20000000000928,1.0
14921,149.21000000000927,1.0
14922,149.22000000000926,1.0
14923,149.23000000000926,1.0
14924,149.24000000000925,1.0
14925,149.25000000000924,1.0
14926,149.26000000000923,1.0
14927,149.27000000000922,1.0
14928,149.2800000000092,1.0
14929,149.2900000000092,1.0
14930,149.3000000000092,1.0
14931,149.31000000000918,1.0
14932,149.32000000000917,1.0
14933,149.33000000000916,1.0
14934,149.34000000000916,1.0
14935,149.35000000000915,1.0
14936,149.36000000000914,1.0
14937,149.37000000000913,1.0
14938,149.38000000000912,1.0
14939,149.3900000000091,1.0
14940,149.4000000000091,1.0
14941,149.4100000000091,1.0
14942,149.42000000000908,1.0
14943,149.43000000000907,1.0
14944,149.44000000000906,1.0
14945,149.45000000000906,1.0
14946,149.46000000000905,1.0
14947,149.47000000000904,1.0
14948,149.48000000000903,1.0
14949,149.49000000000902,1.0
14950,149.500000000009,1.0
14951,149.510000000009,1.0
14952,149.520000000009,1.0
14953,149.53000000000898,1.0
14954,149.54000000000897,1.0
14955,149.55000000000896,1.0
14956,149.56000000000896,1.0
14957,149.57000000000895,1.0
14958,149.58000000000894,1.0
14959,149.59000000000893,1.0
14960,149.60000000000892,1.0
14961,149.6100000000089,1.0
14962,149.6200000000089,1.0
14963,149.6300000000089,1.0
14964,149.64000000000888,1.0
14965,149.65000000000887,1.0
14966,149.66000000000886,1.0
14967,149.67000000000886,1.0
14968,149.68000000000885,1.0
14969,149.69000000000884,1.0
14970,149.70000000000883,1.0
14971,149.71000000000882,1.0
14972,149.7200000000088,1.0
14973,149.7300000000088,1.0
14974,149.7400000000088,1.0
14975,149.75000000000878,1.0
14976,149.76000000000877,1.0
14977,149.77000000000876,1.0
14978,149.78000000000876,1.0
14979,149.79000000000875,1.0
14980,149.80000000000874,1.0
14981,149.81000000000873,1.0
14982,149.82000000000872,1.0
14983,149.8300000000087,1.0
14984,149.8400000000087,1.0
14985,149.8500000000087,1.0
14986,149.86000000000868,1.0
14987,149.87000000000867,1.0
14988,149.88000000000866,1.0
14989,149.89000000000865,1.0
14990,149.90000000000865,1.0
14991,149.91000000000864,1.0
14992,149.92000000000863,1.0
14993,149.93000000000862,1.0
14994,149.9400000000086,1.0
14995,149.9500000000086,1.0
14996,149.9600000000086,1.0
14997,149.97000000000858,1.0
14998,149.98000000000857,1.0
14999,149.99000000000856,1.0
15000,150.00000000000855,1.0
15001,150.01000000000855,1.0
15002,150.02000000000854,1.0
15003,150.03000000000853,1.0
15004,150.04000000000852,1.0
15005,150.0500000000085,1.0
15006,150.0600000000085,1.0
15007,150.0700000000085,1.0
15008,150.08000000000848,1.0
15009,150.09000000000847,1.0
15010,150.10000000000846,1.0
15011,150.11000000000845,1.0
15012,150.12000000000845,1.0
15013,150.13000000000844,1.0
15014,150.14000000000843,1.0
15015,150.15000000000842,1.0
15016,150.1600000000084,1.0
15017,150.1700000000084,1.0
15018,150.1800000000084,1.0
15019,150.19000000000838,1.0
15020,150.20000000000837,1.0
15021,150.21000000000836,1.0
15022,150.22000000000835,1.0
15023,150.23000000000835,1.0
15024,150.24000000000834,1.0
15025,150.25000000000833,1.0
15026,150.26000000000832,1.0
15027,150.2700000000083,1.0
15028,150.2800000000083,1.0
15029,150.2900000000083,1.0
15030,150.30000000000828,1.0
15031,150.31000000000827,1.0
15032,150.32000000000826,1.0
15033,150.33000000000825,1.0
15034,150.34000000000825,1.0
15035,150.35000000000824,1.0
15036,150.36000000000823,1.0
15037,150.37000000000822,1.0
15038,150.3800000000082,1.0
15039,150.3900000000082,1.0
15040,150.4000000000082,1.0
15041,150.41000000000818,1.0
15042,150.42000000000817,1.0
15043,150.43000000000816,1.0
15044,150.44000000000815,1.0
15045,150.45000000000815,1.0
15046,150.46000000000814,1.0
15047,150.47000000000813,1.0
15048,150.48000000000812,1.0
15049,150.4900000000081,1.0
15050,150.5000000000081,1.0
15051,150.5100000000081,1.0
15052,150.52000000000808,1.0
15053,150.53000000000807,1.0
15054,150.54000000000806,1.0
15055,150.55000000000805,1.0
15056,150.56000000000805,1.0
15057,150.57000000000804,1.0
15058,150.58000000000803,1.0
15059,150.59000000000802,1.0
15060,150.600000000008,1.0
15061,150.610000000008,1.0
15062,150.620000000008,1.0
15063,150.63000000000798,1.0
15064,150.64000000000797,1.0
15065,150.65000000000796,1.0
15066,150.66000000000795,1.0
15067,150.67000000000795,1.0
15068,150.68000000000794,1.0
15069,150.69000000000793,1.0
15070,150.70000000000792,1.0
15071,150.7100000000079,1.0
15072,150.7200000000079,1.0
15073,150.7300000000079,1.0
15074,150.74000000000788,1.0
15075,150.75000000000787,1.0
15076,150.76000000000786,1.0
15077,150.77000000000785,1.0
15078,150.78000000000785,1.0
15079,150.79000000000784,1.0
15080,150.80000000000783,1.0
15081,150.81000000000782,1.0
15082,150.8200000000078,1.0
15083,150.8300000000078,1.0
15084,150.8400000000078,1.0
15085,150.85000000000778,1.0
15086,150.86000000000777,1.0
15087,150.87000000000776,1.0
15088,150.88000000000775,1.0
15089,150.89000000000775,1.0
15090,150.90000000000774,1.0
15091,150.91000000000773,1.0
15092,150.92000000000772,1.0
15093,150.9300000000077,1.0
15094,150.9400000000077,1.0
15095,150.9500000000077,1.0
15096,150.96000000000768,1.0
15097,150.97000000000767,1.0
15098,150.98000000000766,1.0
15099,150.99000000000765,1.0
15100,151.00000000000765,1.0
15101,151.01000000000764,1.0
15102,151.02000000000763,1.0
15103,151.03000000000762,1.0
15104,151.0400000000076,1.0
15105,151.0500000000076,1.0
15106,151.0600000000076,1.0
15107,151.07000000000758,1.0
15108,151.08000000000757,1.0
15109,151.09000000000756,1.0
15110,151.10000000000755,1.0
15111,151.11000000000755,1.0
15112,151.12000000000754,1.0
15113,151.13000000000753,1.0
15114,151.14000000000752,1.0
15115,151.1500000000075,1.0
15116,151.1600000000075,1.0
15117,151.1700000000075,1.0
15118,151.18000000000748,1.0
15119,151.19000000000747,1.0
15120,151.20000000000746,1.0
15121,151.21000000000745,1.0
15122,151.22000000000745,1.0
15123,151.23000000000744,1.0
15124,151.24000000000743,1.0
15125,151.25000000000742,1.0
15126,151.2600000000074,1.0
15127,151.2700000000074,1.0
15128,151.2800000000074,1.0
15129,151.29000000000738,1.0
15130,151.30000000000737,1.0
15131,151.31000000000736,1.0
15132,151.32000000000735,1.0
15133,151.33000000000735,1.0
15134,151.34000000000734,1.0
15135,151.35000000000733,1.0
15136,151.36000000000732,1.0
15137,151.3700000000073,1.0
15138,151.3800000000073,1.0
15139,151.3900000000073,1.0
15140,151.40000000000728,1.0
15141,151.41000000000727,1.0
15142,151.42000000000726,1.0
15143,151.43000000000725,1.0
15144,151.44000000000725,1.0
15145,151.45000000000724,1.0
15146,151.46000000000723,1.0
15147,151.47000000000722,1.0
15148,151.4800000000072,1.0
15149,151.4900000000072,1.0
15150,151.5000000000072,1.0
15151,151.51000000000718,1.0
15152,151.52000000000717,1.0
15153,151.53000000000716,1.0
15154,151.54000000000715,1.0
15155,151.55000000000715,1.0
15156,151.56000000000714,1.0
15157,151.57000000000713,1.0
15158,151.58000000000712,1.0
15159,151.5900000000071,1.0
15160,151.6000000000071,1.0
15161,151.6100000000071,1.0
15162,151.62000000000708,1.0
15163,151.63000000000707,1.0
15164,151.64000000000706,1.0
15165,151.65000000000705,1.0
15166,151.66000000000705,1.0
15167,151.67000000000704,1.0
15168,151.68000000000703,1.0
15169,151.69000000000702,1.0
15170,151.700000000007,1.0
15171,151.710000000007,1.0
15172,151.720000000007,1.0
15173,151.73000000000698,1.0
15174,151.74000000000697,1.0
15175,151.75000000000696,1.0
15176,151.76000000000695,1.0
15177,151.77000000000695,1.0
15178,151.78000000000694,1.0
15179,151.79000000000693,1.0
15180,151.80000000000692,1.0
15181,151.8100000000069,1.0
15182,151.8200000000069,1.0
15183,151.8300000000069,1.0
15184,151.84000000000688,1.0
15185,151.85000000000687,1.0
15186,151.86000000000686,1.0
15187,151.87000000000685,1.0
15188,151.88000000000685,1.0
15189,151.89000000000684,1.0
15190,151.90000000000683,1.0
15191,151.91000000000682,1.0
15192,151.9200000000068,1.0
15193,151.9300000000068,1.0
15194,151.9400000000068,1.0
15195,151.95000000000678,1.0
15196,151.96000000000677,1.0
15197,151.97000000000676,1.0
15198,151.98000000000675,1.0
15199,151.99000000000675,1.0
15200,152.00000000000674,1.0
15201,152.01000000000673,1.0
15202,152.02000000000672,1.0
15203,152.0300000000067,1.0
15204,152.0400000000067,1.0
15205,152.0500000000067,1.0
15206,152.06000000000668,1.0
15207,152.07000000000667,1.0
15208,152.08000000000666,1.0
15209,152.09000000000665,1.0
15210,152.10000000000664,1.0
15211,152.11000000000664,1.0
15212,152.12000000000663,1.0
15213,152.13000000000662,1.0
15214,152.1400000000066,1.0
15215,152.1500000000066,1.0
15216,152.1600000000066,1.0
15217,152.17000000000658,1.0
15218,152.18000000000657,1.0
15219,152.19000000000656,1.0
15220,152.20000000000655,1.0
15221,152.21000000000654,1.0
15222,152.22000000000654,1.0
15223,152.23000000000653,1.0
15224,152.24000000000652,1.0
15225,152.2500000000065,1.0
15226,152.2600000000065,1.0
15227,152.2700000000065,1.0
15228,152.28000000000648,1.0
15229,152.29000000000647,1.0
15230,152.30000000000646,1.0
15231,152.31000000000645,1.0
15232,152.32000000000644,1.0
15233,152.33000000000644,1.0
15234,152.34000000000643,1.0
15235,152.35000000000642,1.0
15236,152.3600000000064,1.0
15237,152.3700000000064,1.0
15238,152.3800000000064,1.0
15239,152.39000000000638,1.0
15240,152.40000000000637,1.0
15241,152.41000000000636,1.0
15242,152.42000000000635,1.0
15243,152.43000000000634,1.0
15244,152.44000000000634,1.0
15245,152.45000000000633,1.0
15246,152.46000000000632,1.0
15247,152.4700000000063,1.0
15248,152.4800000000063,1.0
15249,152.4900000000063,1.0
15250,152.50000000000628,1.0
15251,152.51000000000627,1.0
15252,152.52000000000626,1.0
15253,152.53000000000625,1.0
15254,152.54000000000624,1.0
15255,152.55000000000624,1.0
15256,152.56000000000623,1.0
15257,152.57000000000622,1.0
15258,152.5800000000062,1.0
15259,152.5900000000062,1.0
15260,152.6000000000062,1.0
15261,152.61000000000618,1.0
15262,152.62000000000617,1.0
15263,152.63000000000616,1.0
15264,152.64000000000615,1.0
15265,152.65000000000614,1.0
15266,152.66000000000614,1.0
15267,152.67000000000613,1.0
15268,152.68000000000612,1.0
15269,152.6900000000061,1.0
15270,152.7000000000061,1.0
15271,152.7100000000061,1.0
15272,152.72000000000608,1.0
15273,152.73000000000607,1.0
15274,152.74000000000606,1.0
15275,152.75000000000605,1.0
15276,152.76000000000604,1.0
15277,152.77000000000604,1.0
15278,152.78000000000603,1.0
15279,152.79000000000602,1.0
15280,152.800000000006,1.0
15281,152.810000000006,1.0
15282,152.820000000006,1.0
15283,152.83000000000598,1.0
15284,152.84000000000597,1.0
15285,152.85000000000596,1.0
15286,152.86000000000595,1.0
15287,152.87000000000594,1.0
15288,152.88000000000594,1.0
15289,152.89000000000593,1.0
15290,152.90000000000592,1.0
15291,152.9100000000059,1.0
15292,152.9200000000059,1.0
15293,152.9300000000059,1.0
15294,152.94000000000588,1.0
15295,152.95000000000587,1.0
15296,152.96000000000586,1.0
15297,152.97000000000585,1.0
15298,152.98000000000584,1.0
15299,152.99000000000584,1.0
15300,153.00000000000583,1.0
15301,153.01000000000582,1.0
15302,153.0200000000058,1.0
15303,153.0300000000058,1.0
15304,153.0400000000058,1.0
15305,153.05000000000578,1.0
15306,153.06000000000577,1.0
15307,153.07000000000576,1.0
15308,153.08000000000575,1.0
15309,153.09000000000574,1.0
15310,153.10000000000574,1.0
15311,153.11000000000573,1.0
15312,153.12000000000572,1.0
15313,153.1300000000057,1.0
15314,153.1400000000057,1.0
15315,153.1500000000057,1.0
15316,153.16000000000568,1.0
15317,153.17000000000567,1.0
15318,153.18000000000566,1.0
15319,153.19000000000565,1.0
15320,153.20000000000564,1.0
15321,153.21000000000564,1.0
15322,153.22000000000563,1.0
15323,153.23000000000562,1.0
15324,153.2400000000056,1.0
15325,153.2500000000056,1.0
15326,153.2600000000056,1.0
15327,153.27000000000558,1.0
15328,153.28000000000557,1.0
15329,153.29000000000556,1.0
15330,153.30000000000555,1.0
15331,153.31000000000554,1.0
15332,153.32000000000554,1.0
15333,153.33000000000553,1.0
15334,153.34000000000552,1.0
15335,153.3500000000055,1.0
15336,153.3600000000055,1.0
15337,153.3700000000055,1.0
15338,153.38000000000548,1.0
15339,153.39000000000547,1.0
15340,153.40000000000546,1.0
15341,153.41000000000545,1.0
15342,153.42000000000544,1.0
15343,153.43000000000544,1.0
15344,153.44000000000543,1.0
15345,153.45000000000542,1.0
15346,153.4600000000054,1.0
15347,153.4700000000054,1.0
15348,153.4800000000054,1.0
15349,153.49000000000538,1.0
15350,153.50000000000537,1.0
15351,153.51000000000536,1.0
15352,153.52000000000535,1.0
15353,153.53000000000534,1.0
15354,153.54000000000534,1.0
15355,153.55000000000533,1.0
15356,153.56000000000532,1.0
15357,153.5700000000053,1.0
15358,153.5800000000053,1.0
15359,153.5900000000053,1.0
15360,153.60000000000528,1.0
15361,153.61000000000527,1.0
15362,153.62000000000526,1.0
15363,153.63000000000525,1.0
15364,153.64000000000524,1.0
15365,153.65000000000524,1.0
15366,153.66000000000523,1.0
15367,153.67000000000522,1.0
15368,153.6800000000052,1.0
15369,153.6900000000052,1.0
15370,153.7000000000052,1.0
15371,153.71000000000518,1.0
15372,153.72000000000517,1.0
15373,153.73000000000516,1.0
15374,153.74000000000515,1.0
15375,153.75000000000514,1.0
15376,153.76000000000514,1.0
15377,153.77000000000513,1.0
15378,153.78000000000512,1.0
15379,153.7900000000051,1.0
15380,153.8000000000051,1.0
15381,153.8100000000051,1.0
15382,153.82000000000508,1.0
15383,153.83000000000507,1.0
15384,153.84000000000506,1.0
15385,153.85000000000505,1.0
15386,153.86000000000504,1.0
15387,153.87000000000504,1.0
15388,153.88000000000503,1.0
15389,153.89000000000502,1.0
15390,153.900000000005,1.0
15391,153.910000000005,1.0
15392,153.920000000005,1.0
15393,153.93000000000498,1.0
15394,153.94000000000497,1.0
15395,153.95000000000496,1.0
15396,153.96000000000495,1.0
15397,153.97000000000494,1.0
15398,153.98000000000494,1.0
15399,153.99000000000493,1.0
15400,154.00000000000492,1.0
15401,154.0100000000049,1.0
15402,154.0200000000049,1.0
15403,154.0300000000049,1.0
15404,154.04000000000488,1.0
15405,154.05000000000487,1.0
15406,154.06000000000486,1.0
15407,154.07000000000485,1.0
15408,154.08000000000484,1.0
15409,154.09000000000484,1.0
15410,154.10000000000483,1.0
15411,154.11000000000482,1.0
15412,154.1200000000048,1.0
15413,154.1300000000048,1.0
15414,154.1400000000048,1.0
15415,154.15000000000478,1.0
15416,154.16000000000477,1.0
15417,154.17000000000476,1.0
15418,154.18000000000475,1.0
15419,154.19000000000474,1.0
15420,154.20000000000474,1.0
15421,154.21000000000473,1.0
15422,154.22000000000472,1.0
15423,154.2300000000047,1.0
15424,154.2400000000047,1.0
15425,154.2500000000047,1.0
15426,154.26000000000468,1.0
15427,154.27000000000467,1.0
15428,154.28000000000466,1.0
15429,154.29000000000465,1.0
15430,154.30000000000464,1.0
15431,154.31000000000464,1.0
15432,154.32000000000463,1.0
15433,154.33000000000462,1.0
15434,154.3400000000046,1.0
15435,154.3500000000046,1.0
15436,154.3600000000046,1.0
15437,154.37000000000458,1.0
15438,154.38000000000457,1.0
15439,154.39000000000456,1.0
15440,154.40000000000455,1.0
15441,154.41000000000454,1.0
15442,154.42000000000453,1.0
15443,154.43000000000453,1.0
15444,154.44000000000452,1.0
15445,154.4500000000045,1.0
15446,154.4600000000045,1.0
15447,154.4700000000045,1.0
15448,154.48000000000448,1.0
15449,154.49000000000447,1.0
15450,154.50000000000446,1.0
15451,154.51000000000445,1.0
15452,154.52000000000444,1.0
15453,154.53000000000443,1.0
15454,154.54000000000443,1.0
15455,154.55000000000442,1.0
15456,154.5600000000044,1.0
15457,154.5700000000044,1.0
15458,154.5800000000044,1.0
15459,154.59000000000438,1.0
15460,154.60000000000437,1.0
15461,154.61000000000436,1.0
15462,154.62000000000435,1.0
15463,154.63000000000434,1.0
15464,154.64000000000433,1.0
15465,154.65000000000433,1.0
15466,154.66000000000432,1.0
15467,154.6700000000043,1.0
15468,154.6800000000043,1.0
15469,154.6900000000043,1.0
15470,154.70000000000428,1.0
15471,154.71000000000427,1.0
15472,154.72000000000426,1.0
15473,154.73000000000425,1.0
15474,154.74000000000424,1.0
15475,154.75000000000423,1.0
15476,154.76000000000423,1.0
15477,154.77000000000422,1.0
15478,154.7800000000042,1.0
15479,154.7900000000042,1.0
15480,154.8000000000042,1.0
15481,154.81000000000418,1.0
15482,154.82000000000417,1.0
15483,154.83000000000416,1.0
15484,154.84000000000415,1.0
15485,154.85000000000414,1.0
15486,154.86000000000413,1.0
15487,154.87000000000413,1.0
15488,154.88000000000412,1.0
15489,154.8900000000041,1.0
15490,154.9000000000041,1.0
15491,154.9100000000041,1.0
15492,154.92000000000408,1.0
15493,154.93000000000407,1.0
15494,154.94000000000406,1.0
15495,154.95000000000405,1.0
15496,154.96000000000404,1.0
15497,154.97000000000403,1.0
15498,154.98000000000403,1.0
15499,154.99000000000402,1.0
15500,155.000000000004,1.0
15501,155.010000000004,1.0
15502,155.020000000004,1.0
15503,155.03000000000398,1.0
15504,155.04000000000397,1.0
15505,155.05000000000396,1.0
15506,155.06000000000395,1.0
15507,155.07000000000394,1.0
15508,155.08000000000393,1.0
15509,155.09000000000393,1.0
15510,155.10000000000392,1.0
15511,155.1100000000039,1.0
15512,155.1200000000039,1.0
15513,155.1300000000039,1.0
15514,155.14000000000388,1.0
15515,155.15000000000387,1.0
15516,155.16000000000386,1.0
15517,155.17000000000385,1.0
15518,155.18000000000384,1.0
15519,155.19000000000383,1.0
15520,155.20000000000383,1.0
15521,155.21000000000382,1.0
15522,155.2200000000038,1.0
15523,155.2300000000038,1.0
15524,155.2400000000038,1.0
15525,155.25000000000378,1.0
15526,155.26000000000377,1.0
15527,155.27000000000376,1.0
15528,155.28000000000375,1.0
15529,155.29000000000374,1.0
15530,155.30000000000373,1.0
15531,155.31000000000373,1.0
15532,155.32000000000372,1.0
15533,155.3300000000037,1.0
15534,155.3400000000037,1.0
15535,155.3500000000037,1.0
15536,155.36000000000368,1.0
15537,155.37000000000367,1.0
15538,155.38000000000366,1.0
15539,155.39000000000365,1.0
15540,155.40000000000364,1.0
15541,155.41000000000363,1.0
15542,155.42000000000363,1.0
15543,155.43000000000362,1.0
15544,155.4400000000036,1.0
15545,155.4500000000036,1.0
15546,155.4600000000036,1.0
15547,155.47000000000358,1.0
15548,155.48000000000357,1.0
15549,155.49000000000356,1.0
15550,155.50000000000355,1.0
15551,155.51000000000354,1.0
15552,155.52000000000353,1.0
15553,155.53000000000353,1.0
15554,155.54000000000352,1.0
15555,155.5500000000035,1.0
15556,155.5600000000035,1.0
15557,155.5700000000035,1.0
15558,155.58000000000348,1.0
15559,155.59000000000347,1.0
15560,155.60000000000346,1.0
15561,155.61000000000345,1.0
15562,155.62000000000344,1.0
15563,155.63000000000343,1.0
15564,155.64000000000343,1.0
15565,155.65000000000342,1.0
15566,155.6600000000034,1.0
15567,155.6700000000034,1.0
15568,155.6800000000034,1.0
15569,155.69000000000338,1.0
15570,155.70000000000337,1.0
15571,155.71000000000336,1.0
15572,155.72000000000335,1.0
15573,155.73000000000334,1.0
15574,155.74000000000333,1.0
15575,155.75000000000333,1.0
15576,155.76000000000332,1.0
15577,155.7700000000033,1.0
15578,155.7800000000033,1.0
15579,155.7900000000033,1.0
15580,155.80000000000328,1.0
15581,155.81000000000327,1.0
15582,155.82000000000326,1.0
15583,155.83000000000325,1.0
15584,155.84000000000324,1.0
15585,155.85000000000323,1.0
15586,155.86000000000323,1.0
15587,155.87000000000322,1.0
15588,155.8800000000032,1.0
15589,155.8900000000032,1.0
15590,155.9000000000032,1.0
15591,155.91000000000318,1.0
15592,155.92000000000317,1.0
15593,155.93000000000316,1.0
15594,155.94000000000315,1.0
15595,155.95000000000314,1.0
15596,155.96000000000313,1.0
15597,155.97000000000313,1.0
15598,155.98000000000312,1.0
15599,155.9900000000031,1.0
15600,156.0000000000031,1.0
15601,156.0100000000031,1.0
15602,156.02000000000308,1.0
15603,156.03000000000307,1.0
15604,156.04000000000306,1.0
15605,156.05000000000305,1.0
15606,156.06000000000304,1.0
15607,156.07000000000303,1.0
15608,156.08000000000303,1.0
15609,156.09000000000302,1.0
15610,156.100000000003,1.0
15611,156.110000000003,1.0
15612,156.120000000003,1.0
15613,156.13000000000298,1.0
15614,156.14000000000297,1.0
15615,156.15000000000296,1.0
15616,156.16000000000295,1.0
15617,156.17000000000294,1.0
15618,156.18000000000293,1.0
15619,156.19000000000293,1.0
15620,156.20000000000292,1.0
15621,156.2100000000029,1.0
15622,156.2200000000029,1.0
15623,156.2300000000029,1.0
15624,156.24000000000288,1.0
15625,156.25000000000287,1.0
15626,156.26000000000286,1.0
15627,156.27000000000285,1.0
15628,156.28000000000284,1.0
15629,156.29000000000283,1.0
15630,156.30000000000283,1.0
15631,156.31000000000282,1.0
15632,156.3200000000028,1.0
15633,156.3300000000028,1.0
15634,156.3400000000028,1.0
15635,156.35000000000278,1.0
15636,156.36000000000277,1.0
15637,156.37000000000276,1.0
15638,156.38000000000275,1.0
15639,156.39000000000274,1.0
15640,156.40000000000273,1.0
15641,156.41000000000273,1.0
15642,156.42000000000272,1.0
15643,156.4300000000027,1.0
15644,156.4400000000027,1.0
15645,156.4500000000027,1.0
15646,156.46000000000268,1.0
15647,156.47000000000267,1.0
15648,156.48000000000266,1.0
15649,156.49000000000265,1.0
15650,156.50000000000264,1.0
15651,156.51000000000263,1.0
15652,156.52000000000263,1.0
15653,156.53000000000262,1.0
15654,156.5400000000026,1.0
15655,156.5500000000026,1.0
15656,156.5600000000026,1.0
15657,156.57000000000258,1.0
15658,156.58000000000257,1.0
15659,156.59000000000256,1.0
15660,156.60000000000255,1.0
15661,156.61000000000254,1.0
15662,156.62000000000253,1.0
15663,156.63000000000252,1.0
15664,156.64000000000252,1.0
15665,156.6500000000025,1.0
15666,156.6600000000025,1.0
15667,156.6700000000025,1.0
15668,156.68000000000248,1.0
15669,156.69000000000247,1.0
15670,156.70000000000246,1.0
15671,156.71000000000245,1.0
15672,156.72000000000244,1.0
15673,156.73000000000243,1.0
15674,156.74000000000242,1.0
15675,156.75000000000242,1.0
15676,156.7600000000024,1.0
15677,156.7700000000024,1.0
15678,156.7800000000024,1.0
15679,156.79000000000238,1.0
15680,156.80000000000237,1.0
15681,156.81000000000236,1.0
15682,156.82000000000235,1.0
15683,156.83000000000234,1.0
15684,156.84000000000233,1.0
15685,156.85000000000232,1.0
15686,156.86000000000232,1.0
15687,156.8700000000023,1.0
15688,156.8800000000023,1.0
15689,156.8900000000023,1.0
15690,156.90000000000228,1.0
15691,156.91000000000227,1.0
15692,156.92000000000226,1.0
15693,156.93000000000225,1.0
15694,156.94000000000224,1.0
15695,156.95000000000223,1.0
15696,156.96000000000222,1.0
15697,156.97000000000222,1.0
15698,156.9800000000022,1.0
15699,156.9900000000022,1.0
15700,157.0000000000022,1.0
15701,157.01000000000218,1.0
15702,157.02000000000217,1.0
15703,157.03000000000216,1.0
15704,157.04000000000215,1.0
15705,157.05000000000214,1.0
15706,157.06000000000213,1.0
15707,157.07000000000212,1.0
15708,157.08000000000212,1.0
15709,157.0900000000021,1.0
15710,157.1000000000021,1.0
15711,157.1100000000021,1.0
15712,157.12000000000208,1.0
15713,157.13000000000207,1.0
15714,157.14000000000206,1.0
15715,157.15000000000205,1.0
15716,157.16000000000204,1.0
15717,157.17000000000203,1.0
15718,157.18000000000202,1.0
15719,157.19000000000202,1.0
15720,157.200000000002,1.0
15721,157.210000000002,1.0
15722,157.220000000002,1.0
15723,157.23000000000198,1.0
15724,157.24000000000197,1.0
15725,157.25000000000196,1.0
15726,157.26000000000195,1.0
15727,157.27000000000194,1.0
15728,157.28000000000193,1.0
15729,157.29000000000192,1.0
15730,157.30000000000192,1.0
15731,157.3100000000019,1.0
15732,157.3200000000019,1.0
15733,157.3300000000019,1.0
15734,157.34000000000188,1.0
15735,157.35000000000187,1.0
15736,157.36000000000186,1.0
15737,157.37000000000185,1.0
15738,157.38000000000184,1.0
15739,157.39000000000183,1.0
15740,157.40000000000182,1.0
15741,157.41000000000182,1.0
15742,157.4200000000018,1.0
15743,157.4300000000018,1.0
15744,157.4400000000018,1.0
15745,157.45000000000178,1.0
15746,157.46000000000177,1.0
15747,157.47000000000176,1.0
15748,157.48000000000175,1.0
15749,157.49000000000174,1.0
15750,157.50000000000173,1.0
15751,157.51000000000172,1.0
15752,157.52000000000172,1.0
15753,157.5300000000017,1.0
15754,157.5400000000017,1.0
15755,157.5500000000017,1.0
15756,157.56000000000168,1.0
15757,157.57000000000167,1.0
15758,157.58000000000166,1.0
15759,157.59000000000165,1.0
15760,157.60000000000164,1.0
15761,157.61000000000163,1.0
15762,157.62000000000162,1.0
15763,157.63000000000162,1.0
15764,157.6400000000016,1.0
15765,157.6500000000016,1.0
15766,157.6600000000016,1.0
15767,157.67000000000158,1.0
15768,157.68000000000157,1.0
15769,157.69000000000156,1.0
15770,157.70000000000155,1.0
15771,157.71000000000154,1.0
15772,157.72000000000153,1.0
15773,157.73000000000152,1.0
15774,157.74000000000152,1.0
15775,157.7500000000015,1.0
15776,157.7600000000015,1.0
15777,157.7700000000015,1.0
15778,157.78000000000148,1.0
15779,157.79000000000147,1.0
15780,157.80000000000146,1.0
15781,157.81000000000145,1.0
15782,157.82000000000144,1.0
15783,157.83000000000143,1.0
15784,157.84000000000142,1.0
15785,157.85000000000142,1.0
15786,157.8600000000014,1.0
15787,157.8700000000014,1.0
15788,157.8800000000014,1.0
15789,157.89000000000138,1.0
15790,157.90000000000137,1.0
15791,157.91000000000136,1.0
15792,157.92000000000135,1.0
15793,157.93000000000134,1.0
15794,157.94000000000133,1.0
15795,157.95000000000132,1.0
15796,157.96000000000132,1.0
15797,157.9700000000013,1.0
15798,157.9800000000013,1.0
15799,157.9900000000013,1.0
15800,158.00000000000128,1.0
15801,158.01000000000127,1.0
15802,158.02000000000126,1.0
15803,158.03000000000125,1.0
15804,158.04000000000124,1.0
15805,158.05000000000123,1.0
15806,158.06000000000122,1.0
15807,158.07000000000122,1.0
15808,158.0800000000012,1.0
15809,158.0900000000012,1.0
15810,158.1000000000012,1.0
15811,158.11000000000118,1.0
15812,158.12000000000117,1.0
15813,158.13000000000116,1.0
15814,158.14000000000115,1.0
15815,158.15000000000114,1.0
15816,158.16000000000113,1.0
15817,158.17000000000112,1.0
15818,158.18000000000112,1.0
15819,158.1900000000011,1.0
15820,158.2000000000011,1.0
15821,158.2100000000011,1.0
15822,158.22000000000108,1.0
15823,158.23000000000107,1.0
15824,158.24000000000106,1.0
15825,158.25000000000105,1.0
15826,158.26000000000104,1.0
15827,158.27000000000103,1.0
15828,158.28000000000102,1.0
15829,158.29000000000102,1.0
15830,158.300000000001,1.0
15831,158.310000000001,1.0
15832,158.320000000001,1.0
15833,158.33000000000098,1.0
15834,158.34000000000097,1.0
15835,158.35000000000096,1.0
15836,158.36000000000095,1.0
15837,158.37000000000094,1.0
15838,158.38000000000093,1.0
15839,158.39000000000092,1.0
15840,158.40000000000092,1.0
15841,158.4100000000009,1.0
15842,158.4200000000009,1.0
15843,158.4300000000009,1.0
15844,158.44000000000088,1.0
15845,158.45000000000087,1.0
15846,158.46000000000086,1.0
15847,158.47000000000085,1.0
15848,158.48000000000084,1.0
15849,158.49000000000083,1.0
15850,158.50000000000082,1.0
15851,158.51000000000082,1.0
15852,158.5200000000008,1.0
15853,158.5300000000008,1.0
15854,158.5400000000008,1.0
15855,158.55000000000078,1.0
15856,158.56000000000077,1.0
15857,158.57000000000076,1.0
15858,158.58000000000075,1.0
15859,158.59000000000074,1.0
15860,158.60000000000073,1.0
15861,158.61000000000072,1.0
15862,158.62000000000072,1.0
15863,158.6300000000007,1.0
15864,158.6400000000007,1.0
15865,158.6500000000007,1.0
15866,158.66000000000068,1.0
15867,158.67000000000067,1.0
15868,158.68000000000066,1.0
15869,158.69000000000065,1.0
15870,158.70000000000064,1.0
15871,158.71000000000063,1.0
15872,158.72000000000062,1.0
15873,158.73000000000062,1.0
15874,158.7400000000006,1.0
15875,158.7500000000006,1.0
15876,158.7600000000006,1.0
15877,158.77000000000058,1.0
15878,158.78000000000057,1.0
15879,158.79000000000056,1.0
15880,158.80000000000055,1.0
15881,158.81000000000054,1.0
15882,158.82000000000053,1.0
15883,158.83000000000052,1.0
15884,158.84000000000052,1.0
15885,158.8500000000005,1.0
15886,158.8600000000005,1.0
15887,158.8700000000005,1.0
15888,158.88000000000048,1.0
15889,158.89000000000047,1.0
15890,158.90000000000046,1.0
15891,158.91000000000045,1.0
15892,158.92000000000044,1.0
15893,158.93000000000043,1.0
15894,158.94000000000042,1.0
15895,158.95000000000041,1.0
15896,158.9600000000004,1.0
15897,158.9700000000004,1.0
15898,158.9800000000004,1.0
15899,158.99000000000038,1.0
15900,159.00000000000037,1.0
15901,159.01000000000036,1.0
15902,159.02000000000035,1.0
15903,159.03000000000034,1.0
15904,159.04000000000033,1.0
15905,159.05000000000032,1.0
15906,159.06000000000031,1.0
15907,159.0700000000003,1.0
15908,159.0800000000003,1.0
15909,159.0900000000003,1.0
15910,159.10000000000028,1.0
15911,159.11000000000027,1.0
15912,159.12000000000026,1.0
15913,159.13000000000025,1.0
15914,159.14000000000024,1.0
15915,159.15000000000023,1.0
15916,159.16000000000022,1.0
15917,159.17000000000021,1.0
15918,159.1800000000002,1.0
15919,159.1900000000002,1.0
15920,159.2000000000002,1.0
15921,159.21000000000018,1.0
15922,159.22000000000017,1.0
15923,159.23000000000016,1.0
15924,159.24000000000015,1.0
15925,159.25000000000014,1.0
15926,159.26000000000013,1.0
15927,159.27000000000012,1.0
15928,159.28000000000011,1.0
15929,159.2900000000001,1.0
15930,159.3000000000001,1.0
15931,159.3100000000001,1.0
15932,159.32000000000008,1.0
15933,159.33000000000007,1.0
15934,159.34000000000006,1.0
15935,159.35000000000005,1.0
15936,159.36000000000004,1.0
15937,159.37000000000003,1.0
15938,159.38000000000002,1.0
15939,159.39000000000001,1.0
15940,159.4,1.0
15941,159.41,1.0
15942,159.42,1.0
15943,159.42999999999998,1.0
15944,159.43999999999997,1.0
15945,159.44999999999996,1.0
15946,159.45999999999995,1.0
15947,159.46999999999994,1.0
15948,159.47999999999993,1.0
15949,159.48999999999992,1.0
15950,159.49999999999991,1.0
15951,159.5099999999999,1.0
15952,159.5199999999999,1.0
15953,159.5299999999999,1.0
15954,159.53999999999988,1.0
15955,159.54999999999987,1.0
15956,159.55999999999986,1.0
15957,159.56999999999985,1.0
15958,159.57999999999984,1.0
15959,159.58999999999983,1.0
15960,159.59999999999982,1.0
15961,159.60999999999981,1.0
15962,159.6199999999998,1.0
15963,159.6299999999998,1.0
15964,159.6399999999998,1.0
15965,159.64999999999978,1.0
15966,159.65999999999977,1.0
15967,159.66999999999976,1.0
15968,159.67999999999975,1.0
15969,159.68999999999974,1.0
15970,159.69999999999973,1.0
15971,159.70999999999972,1.0
15972,159.71999999999971,1.0
15973,159.7299999999997,1.0
15974,159.7399999999997,1.0
15975,159.7499999999997,1.0
15976,159.75999999999968,1.0
15977,159.76999999999967,1.0
15978,159.77999999999966,1.0
15979,159.78999999999965,1.0
15980,159.79999999999964,1.0
15981,159.80999999999963,1.0
15982,159.81999999999962,1.0
15983,159.82999999999961,1.0
15984,159.8399999999996,1.0
15985,159.8499999999996,1.0
15986,159.8599999999996,1.0
15987,159.86999999999958,1.0
15988,159.87999999999957,1.0
15989,159.88999999999956,1.0
15990,159.89999999999955,1.0
15991,159.90999999999954,1.0
15992,159.91999999999953,1.0
15993,159.92999999999952,1.0
15994,159.93999999999951,1.0
15995,159.9499999999995,1.0
15996,159.9599999999995,1.0
15997,159.9699999999995,1.0
15998,159.97999999999948,1.0
15999,159.98999999999947,1.0
16000,159.99999999999946,1.0
16001,160.00999999999945,1.0
16002,160.01999999999944,1.0
16003,160.02999999999943,1.0
16004,160.03999999999942,1.0
16005,160.04999999999941,1.0
16006,160.0599999999994,1.0
16007,160.0699999999994,1.0
16008,160.0799999999994,1.0
16009,160.08999999999938,1.0
16010,160.09999999999937,1.0
16011,160.10999999999936,1.0
16012,160.11999999999935,1.0
16013,160.12999999999934,1.0
16014,160.13999999999933,1.0
16015,160.14999999999932,1.0
16016,160.15999999999931,1.0
16017,160.1699999999993,1.0
16018,160.1799999999993,1.0
16019,160.1899999999993,1.0
16020,160.19999999999928,1.0
16021,160.20999999999927,1.0
16022,160.21999999999926,1.0
16023,160.22999999999925,1.0
16024,160.23999999999924,1.0
16025,160.24999999999923,1.0
16026,160.25999999999922,1.0
16027,160.26999999999921,1.0
16028,160.2799999999992,1.0
16029,160.2899999999992,1.0
16030,160.2999999999992,1.0
16031,160.30999999999918,1.0
16032,160.31999999999917,1.0
16033,160.32999999999916,1.0
16034,160.33999999999915,1.0
16035,160.34999999999914,1.0
16036,160.35999999999913,1.0
16037,160.36999999999912,1.0
16038,160.37999999999911,1.0
16039,160.3899999999991,1.0
16040,160.3999999999991,1.0
16041,160.4099999999991,1.0
16042,160.41999999999908,1.0
16043,160.42999999999907,1.0
16044,160.43999999999906,1.0
16045,160.44999999999905,1.0
16046,160.45999999999904,1.0
16047,160.46999999999903,1.0
16048,160.47999999999902,1.0
16049,160.48999999999901,1.0
16050,160.499999999999,1.0
16051,160.509999999999,1.0
16052,160.519999999999,1.0
16053,160.52999999999898,1.0
16054,160.53999999999897,1.0
16055,160.54999999999896,1.0
16056,160.55999999999895,1.0
16057,160.56999999999894,1.0
16058,160.57999999999893,1.0
16059,160.58999999999892,1.0
16060,160.59999999999891,1.0
16061,160.6099999999989,1.0
16062,160.6199999999989,1.0
16063,160.6299999999989,1.0
16064,160.63999999999888,1.0
16065,160.64999999999887,1.0
16066,160.65999999999886,1.0
16067,160.66999999999885,1.0
16068,160.67999999999884,1.0
16069,160.68999999999883,1.0
16070,160.69999999999882,1.0
16071,160.70999999999881,1.0
16072,160.7199999999988,1.0
16073,160.7299999999988,1.0
16074,160.7399999999988,1.0
16075,160.74999999999878,1.0
16076,160.75999999999877,1.0
16077,160.76999999999876,1.0
16078,160.77999999999875,1.0
16079,160.78999999999874,1.0
16080,160.79999999999873,1.0
16081,160.80999999999872,1.0
16082,160.8199999999987,1.0
16083,160.8299999999987,1.0
16084,160.8399999999987,1.0
16085,160.8499999999987,1.0
16086,160.85999999999868,1.0
16087,160.86999999999867,1.0
16088,160.87999999999866,1.0
16089,160.88999999999865,1.0
16090,160.89999999999864,1.0
16091,160.90999999999863,1.0
16092,160.91999999999862,1.0
16093,160.9299999999986,1.0
16094,160.9399999999986,1.0
16095,160.9499999999986,1.0
16096,160.9599999999986,1.0
16097,160.96999999999858,1.0
16098,160.97999999999857,1.0
16099,160.98999999999856,1.0
16100,160.99999999999855,1.0
16101,161.00999999999854,1.0
16102,161.01999999999853,1.0
16103,161.02999999999852,1.0
16104,161.0399999999985,1.0
16105,161.0499999999985,1.0
16106,161.0599999999985,1.0
16107,161.0699999999985,1.0
16108,161.07999999999848,1.0
16109,161.08999999999847,1.0
16110,161.09999999999846,1.0
16111,161.10999999999845,1.0
16112,161.11999999999844,1.0
16113,161.12999999999843,1.0
16114,161.13999999999842,1.0
16115,161.1499999999984,1.0
16116,161.1599999999984,1.0
16117,161.1699999999984,1.0
16118,161.1799999999984,1.0
16119,161.18999999999838,1.0
16120,161.19999999999837,1.0
16121,161.20999999999836,1.0
16122,161.21999999999835,1.0
16123,161.22999999999834,1.0
16124,161.23999999999833,1.0
16125,161.24999999999832,1.0
16126,161.2599999999983,1.0
16127,161.2699999999983,1.0
16128,161.2799999999983,1.0
16129,161.2899999999983,1.0
16130,161.29999999999828,1.0
16131,161.30999999999827,1.0
16132,161.31999999999826,1.0
16133,161.32999999999825,1.0
16134,161.33999999999824,1.0
16135,161.34999999999823,1.0
16136,161.35999999999822,1.0
16137,161.3699999999982,1.0
16138,161.3799999999982,1.0
16139,161.3899999999982,1.0
16140,161.3999999999982,1.0
16141,161.40999999999818,1.0
16142,161.41999999999817,1.0
16143,161.42999999999816,1.0
16144,161.43999999999815,1.0
16145,161.44999999999814,1.0
16146,161.45999999999813,1.0
16147,161.46999999999812,1.0
16148,161.4799999999981,1.0
16149,161.4899999999981,1.0
16150,161.4999999999981,1.0
16151,161.5099999999981,1.0
16152,161.51999999999808,1.0
16153,161.52999999999807,1.0
16154,161.53999999999806,1.0
16155,161.54999999999805,1.0
16156,161.55999999999804,1.0
16157,161.56999999999803,1.0
16158,161.57999999999802,1.0
16159,161.589999999998,1.0
16160,161.599999999998,1.0
16161,161.609999999998,1.0
16162,161.619999999998,1.0
16163,161.62999999999798,1.0
16164,161.63999999999797,1.0
16165,161.64999999999796,1.0
16166,161.65999999999795,1.0
16167,161.66999999999794,1.0
16168,161.67999999999793,1.0
16169,161.68999999999792,1.0
16170,161.6999999999979,1.0
16171,161.7099999999979,1.0
16172,161.7199999999979,1.0
16173,161.7299999999979,1.0
16174,161.73999999999788,1.0
16175,161.74999999999787,1.0
16176,161.75999999999786,1.0
16177,161.76999999999785,1.0
16178,161.77999999999784,1.0
16179,161.78999999999783,1.0
16180,161.79999999999782,1.0
16181,161.8099999999978,1.0
16182,161.8199999999978,1.0
16183,161.8299999999978,1.0
16184,161.8399999999978,1.0
16185,161.84999999999778,1.0
16186,161.85999999999777,1.0
16187,161.86999999999776,1.0
16188,161.87999999999775,1.0
16189,161.88999999999774,1.0
16190,161.89999999999773,1.0
16191,161.90999999999772,1.0
16192,161.9199999999977,1.0
16193,161.9299999999977,1.0
16194,161.9399999999977,1.0
16195,161.9499999999977,1.0
16196,161.95999999999768,1.0
16197,161.96999999999767,1.0
16198,161.97999999999766,1.0
16199,161.98999999999765,1.0
16200,161.99999999999764,1.0
16201,162.00999999999763,1.0
16202,162.01999999999762,1.0
16203,162.0299999999976,1.0
16204,162.0399999999976,1.0
16205,162.0499999999976,1.0
16206,162.0599999999976,1.0
16207,162.06999999999758,1.0
16208,162.07999999999757,1.0
16209,162.08999999999756,1.0
16210,162.09999999999755,1.0
16211,162.10999999999754,1.0
16212,162.11999999999753,1.0
16213,162.12999999999752,1.0
16214,162.1399999999975,1.0
16215,162.1499999999975,1.0
16216,162.1599999999975,1.0
16217,162.1699999999975,1.0
16218,162.17999999999748,1.0
16219,162.18999999999747,1.0
16220,162.19999999999746,1.0
16221,162.20999999999745,1.0
16222,162.21999999999744,1.0
16223,162.22999999999743,1.0
16224,162.23999999999742,1.0
16225,162.2499999999974,1.0
16226,162.2599999999974,1.0
16227,162.2699999999974,1.0
16228,162.2799999999974,1.0
16229,162.28999999999738,1.0
16230,162.29999999999737,1.0
16231,162.30999999999736,1.0
16232,162.31999999999735,1.0
16233,162.32999999999734,1.0
16234,162.33999999999733,1.0
16235,162.34999999999732,1.0
16236,162.3599999999973,1.0
16237,162.3699999999973,1.0
16238,162.3799999999973,1.0
16239,162.3899999999973,1.0
16240,162.39999999999728,1.0
16241,162.40999999999727,1.0
16242,162.41999999999726,1.0
16243,162.42999999999725,1.0
16244,162.43999999999724,1.0
16245,162.44999999999723,1.0
16246,162.45999999999722,1.0
16247,162.4699999999972,1.0
16248,162.4799999999972,1.0
16249,162.4899999999972,1.0
16250,162.4999999999972,1.0
16251,162.50999999999718,1.0
16252,162.51999999999717,1.0
16253,162.52999999999716,1.0
16254,162.53999999999715,1.0
16255,162.54999999999714,1.0
16256,162.55999999999713,1.0
16257,162.56999999999712,1.0
16258,162.5799999999971,1.0
16259,162.5899999999971,1.0
16260,162.5999999999971,1.0
16261,162.6099999999971,1.0
16262,162.61999999999708,1.0
16263,162.62999999999707,1.0
16264,162.63999999999706,1.0
16265,162.64999999999705,1.0
16266,162.65999999999704,1.0
16267,162.66999999999703,1.0
16268,162.67999999999702,1.0
16269,162.689999999997,1.0
16270,162.699999999997,1.0
16271,162.709999999997,1.0
16272,162.719999999997,1.0
16273,162.72999999999698,1.0
16274,162.73999999999697,1.0
16275,162.74999999999696,1.0
16276,162.75999999999695,1.0
16277,162.76999999999694,1.0
16278,162.77999999999693,1.0
16279,162.78999999999692,1.0
16280,162.7999999999969,1.0
16281,162.8099999999969,1.0
16282,162.8199999999969,1.0
16283,162.8299999999969,1.0
16284,162.83999999999688,1.0
16285,162.84999999999687,1.0
16286,162.85999999999686,1.0
16287,162.86999999999685,1.0
16288,162.87999999999684,1.0
16289,162.88999999999683,1.0
16290,162.89999999999682,1.0
16291,162.9099999999968,1.0
16292,162.9199999999968,1.0
16293,162.9299999999968,1.0
16294,162.9399999999968,1.0
16295,162.94999999999678,1.0
16296,162.95999999999677,1.0
16297,162.96999999999676,1.0
16298,162.97999999999675,1.0
16299,162.98999999999674,1.0
16300,162.99999999999673,1.0
16301,163.00999999999672,1.0
16302,163.0199999999967,1.0
16303,163.0299999999967,1.0
16304,163.0399999999967,1.0
16305,163.0499999999967,1.0
16306,163.05999999999668,1.0
16307,163.06999999999667,1.0
16308,163.07999999999666,1.0
16309,163.08999999999665,1.0
16310,163.09999999999664,1.0
16311,163.10999999999663,1.0
16312,163.11999999999662,1.0
16313,163.1299999999966,1.0
16314,163.1399999999966,1.0
16315,163.1499999999966,1.0
16316,163.1599999999966,1.0
16317,163.16999999999658,1.0
16318,163.17999999999657,1.0
16319,163.18999999999656,1.0
16320,163.19999999999655,1.0
16321,163.20999999999654,1.0
16322,163.21999999999653,1.0
16323,163.22999999999652,1.0
16324,163.2399999999965,1.0
16325,163.2499999999965,1.0
16326,163.2599999999965,1.0
16327,163.2699999999965,1.0
16328,163.27999999999648,1.0
16329,163.28999999999647,1.0
16330,163.29999999999646,1.0
16331,163.30999999999645,1.0
16332,163.31999999999644,1.0
16333,163.32999999999643,1.0
16334,163.33999999999642,1.0
16335,163.3499999999964,1.0
16336,163.3599999999964,1.0
16337,163.3699999999964,1.0
16338,163.3799999999964,1.0
16339,163.38999999999638,1.0
16340,163.39999999999637,1.0
16341,163.40999999999636,1.0
16342,163.41999999999635,1.0
16343,163.42999999999634,1.0
16344,163.43999999999633,1.0
16345,163.44999999999632,1.0
16346,163.4599999999963,1.0
16347,163.4699999999963,1.0
16348,163.4799999999963,1.0
16349,163.4899999999963,1.0
16350,163.49999999999628,1.0
16351,163.50999999999627,1.0
16352,163.51999999999626,1.0
16353,163.52999999999625,1.0
16354,163.53999999999624,1.0
16355,163.54999999999623,1.0
16356,163.55999999999622,1.0
16357,163.5699999999962,1.0
16358,163.5799999999962,1.0
16359,163.5899999999962,1.0
16360,163.5999999999962,1.0
16361,163.60999999999618,1.0
16362,163.61999999999617,1.0
16363,163.62999999999616,1.0
16364,163.63999999999615,1.0
16365,163.64999999999614,1.0
16366,163.65999999999613,1.0
16367,163.66999999999612,1.0
16368,163.6799999999961,1.0
16369,163.6899999999961,1.0
16370,163.6999999999961,1.0
16371,163.70999999999609,1.0
16372,163.71999999999608,1.0
16373,163.72999999999607,1.0
16374,163.73999999999606,1.0
16375,163.74999999999605,1.0
16376,163.75999999999604,1.0
16377,163.76999999999603,1.0
16378,163.77999999999602,1.0
16379,163.789999999996,1.0
16380,163.799999999996,1.0
16381,163.809999999996,1.0
16382,163.81999999999599,1.0
16383,163.82999999999598,1.0
16384,163.83999999999597,1.0
16385,163.84999999999596,1.0
16386,163.85999999999595,1.0
16387,163.86999999999594,1.0
16388,163.87999999999593,1.0
16389,163.88999999999592,1.0
16390,163.8999999999959,1.0
16391,163.9099999999959,1.0
16392,163.9199999999959,1.0
16393,163.92999999999589,1.0
16394,163.93999999999588,1.0
16395,163.94999999999587,1.0
16396,163.95999999999586,1.0
16397,163.96999999999585,1.0
16398,163.97999999999584,1.0
16399,163.98999999999583,1.0
16400,163.99999999999582,1.0
16401,164.0099999999958,1.0
16402,164.0199999999958,1.0
16403,164.0299999999958,1.0
16404,164.03999999999579,1.0
16405,164.04999999999578,1.0
16406,164.05999999999577,1.0
16407,164.06999999999576,1.0
16408,164.07999999999575,1.0
16409,164.08999999999574,1.0
16410,164.09999999999573,1.0
16411,164.10999999999572,1.0
16412,164.1199999999957,1.0
16413,164.1299999999957,1.0
16414,164.1399999999957,1.0
16415,164.14999999999569,1.0
16416,164.15999999999568,1.0
16417,164.16999999999567,1.0
16418,164.17999999999566,1.0
16419,164.18999999999565,1.0
16420,164.19999999999564,1.0
16421,164.20999999999563,1.0
16422,164.21999999999562,1.0
16423,164.2299999999956,1.0
16424,164.2399999999956,1.0
16425,164.2499999999956,1.0
16426,164.25999999999559,1.0
16427,164.26999999999558,1.0
16428,164.27999999999557,1.0
16429,164.28999999999556,1.0
16430,164.29999999999555,1.0
16431,164.30999999999554,1.0
16432,164.31999999999553,1.0
16433,164.32999999999552,1.0
16434,164.3399999999955,1.0
16435,164.3499999999955,1.0
16436,164.3599999999955,1.0
16437,164.36999999999549,1.0
16438,164.37999999999548,1.0
16439,164.38999999999547,1.0
16440,164.39999999999546,1.0
16441,164.40999999999545,1.0
16442,164.41999999999544,1.0
16443,164.42999999999543,1.0
16444,164.43999999999542,1.0
16445,164.4499999999954,1.0
16446,164.4599999999954,1.0
16447,164.4699999999954,1.0
16448,164.47999999999539,1.0
16449,164.48999999999538,1.0
16450,164.49999999999537,1.0
16451,164.50999999999536,1.0
16452,164.51999999999535,1.0
16453,164.52999999999534,1.0
16454,164.53999999999533,1.0
16455,164.54999999999532,1.0
16456,164.5599999999953,1.0
16457,164.5699999999953,1.0
16458,164.5799999999953,1.0
16459,164.58999999999529,1.0
16460,164.59999999999528,1.0
16461,164.60999999999527,1.0
16462,164.61999999999526,1.0
16463,164.62999999999525,1.0
16464,164.63999999999524,1.0
16465,164.64999999999523,1.0
16466,164.65999999999522,1.0
16467,164.6699999999952,1.0
16468,164.6799999999952,1.0
16469,164.6899999999952,1.0
16470,164.69999999999519,1.0
16471,164.70999999999518,1.0
16472,164.71999999999517,1.0
16473,164.72999999999516,1.0
16474,164.73999999999515,1.0
16475,164.74999999999514,1.0
16476,164.75999999999513,1.0
16477,164.76999999999512,1.0
16478,164.7799999999951,1.0
16479,164.7899999999951,1.0
16480,164.7999999999951,1.0
16481,164.80999999999509,1.0
16482,164.81999999999508,1.0
16483,164.82999999999507,1.0
16484,164.83999999999506,1.0
16485,164.84999999999505,1.0
16486,164.85999999999504,1.0
16487,164.86999999999503,1.0
16488,164.87999999999502,1.0
16489,164.889999999995,1.0
16490,164.899999999995,1.0
16491,164.909999999995,1.0
16492,164.91999999999499,1.0
16493,164.92999999999498,1.0
16494,164.93999999999497,1.0
16495,164.94999999999496,1.0
16496,164.95999999999495,1.0
16497,164.96999999999494,1.0
16498,164.97999999999493,1.0
16499,164.98999999999492,1.0
16500,164.9999999999949,1.0
16501,165.0099999999949,1.0
16502,165.0199999999949,1.0
16503,165.02999999999489,1.0
16504,165.03999999999488,1.0
16505,165.04999999999487,1.0
16506,165.05999999999486,1.0
16507,165.06999999999485,1.0
16508,165.07999999999484,1.0
16509,165.08999999999483,1.0
16510,165.09999999999482,1.0
16511,165.1099999999948,1.0
16512,165.1199999999948,1.0
16513,165.1299999999948,1.0
16514,165.13999999999479,1.0
16515,165.14999999999478,1.0
16516,165.15999999999477,1.0
16517,165.16999999999476,1.0
16518,165.17999999999475,1.0
16519,165.18999999999474,1.0
16520,165.19999999999473,1.0
16521,165.20999999999472,1.0
16522,165.2199999999947,1.0
16523,165.2299999999947,1.0
16524,165.2399999999947,1.0
16525,165.24999999999469,1.0
16526,165.25999999999468,1.0
16527,165.26999999999467,1.0
16528,165.27999999999466,1.0
16529,165.28999999999465,1.0
16530,165.29999999999464,1.0
16531,165.30999999999463,1.0
16532,165.31999999999462,1.0
16533,165.3299999999946,1.0
16534,165.3399999999946,1.0
16535,165.3499999999946,1.0
16536,165.35999999999459,1.0
16537,165.36999999999458,1.0
16538,165.37999999999457,1.0
16539,165.38999999999456,1.0
16540,165.39999999999455,1.0
16541,165.40999999999454,1.0
16542,165.41999999999453,1.0
16543,165.42999999999452,1.0
16544,165.4399999999945,1.0
16545,165.4499999999945,1.0
16546,165.4599999999945,1.0
16547,165.46999999999449,1.0
16548,165.47999999999448,1.0
16549,165.48999999999447,1.0
16550,165.49999999999446,1.0
16551,165.50999999999445,1.0
16552,165.51999999999444,1.0
16553,165.52999999999443,1.0
16554,165.53999999999442,1.0
16555,165.5499999999944,1.0
16556,165.5599999999944,1.0
16557,165.5699999999944,1.0
16558,165.57999999999439,1.0
16559,165.58999999999438,1.0
16560,165.59999999999437,1.0
16561,165.60999999999436,1.0
16562,165.61999999999435,1.0
16563,165.62999999999434,1.0
16564,165.63999999999433,1.0
16565,165.64999999999432,1.0
16566,165.6599999999943,1.0
16567,165.6699999999943,1.0
16568,165.6799999999943,1.0
16569,165.68999999999428,1.0
16570,165.69999999999428,1.0
16571,165.70999999999427,1.0
16572,165.71999999999426,1.0
16573,165.72999999999425,1.0
16574,165.73999999999424,1.0
16575,165.74999999999423,1.0
16576,165.75999999999422,1.0
16577,165.7699999999942,1.0
16578,165.7799999999942,1.0
16579,165.7899999999942,1.0
16580,165.79999999999418,1.0
16581,165.80999999999418,1.0
16582,165.81999999999417,1.0
16583,165.82999999999416,1.0
16584,165.83999999999415,1.0
16585,165.84999999999414,1.0
16586,165.85999999999413,1.0
16587,165.86999999999412,1.0
16588,165.8799999999941,1.0
16589,165.8899999999941,1.0
16590,165.8999999999941,1.0
16591,165.90999999999408,1.0
16592,165.91999999999408,1.0
16593,165.92999999999407,1.0
16594,165.93999999999406,1.0
16595,165.94999999999405,1.0
16596,165.95999999999404,1.0
16597,165.96999999999403,1.0
16598,165.97999999999402,1.0
16599,165.989999999994,1.0
16600,165.999999999994,1.0
16601,166.009999999994,1.0
16602,166.01999999999398,1.0
16603,166.02999999999398,1.0
16604,166.03999999999397,1.0
16605,166.04999999999396,1.0
16606,166.05999999999395,1.0
16607,166.06999999999394,1.0
16608,166.07999999999393,1.0
16609,166.08999999999392,1.0
16610,166.0999999999939,1.0
16611,166.1099999999939,1.0
16612,166.1199999999939,1.0
16613,166.12999999999388,1.0
16614,166.13999999999388,1.0
16615,166.14999999999387,1.0
16616,166.15999999999386,1.0
16617,166.16999999999385,1.0
16618,166.17999999999384,1.0
16619,166.18999999999383,1.0
16620,166.19999999999382,1.0
16621,166.2099999999938,1.0
16622,166.2199999999938,1.0
16623,166.2299999999938,1.0
16624,166.23999999999378,1.0
16625,166.24999999999378,1.0
16626,166.25999999999377,1.0
16627,166.26999999999376,1.0
16628,166.27999999999375,1.0
16629,166.28999999999374,1.0
16630,166.29999999999373,1.0
16631,166.30999999999372,1.0
16632,166.3199999999937,1.0
16633,166.3299999999937,1.0
16634,166.3399999999937,1.0
16635,166.34999999999368,1.0
16636,166.35999999999368,1.0
16637,166.36999999999367,1.0
16638,166.37999999999366,1.0
16639,166.38999999999365,1.0
16640,166.39999999999364,1.0
16641,166.40999999999363,1.0
16642,166.41999999999362,1.0
16643,166.4299999999936,1.0
16644,166.4399999999936,1.0
16645,166.4499999999936,1.0
16646,166.45999999999358,1.0
16647,166.46999999999358,1.0
16648,166.47999999999357,1.0
16649,166.48999999999356,1.0
16650,166.49999999999355,1.0
16651,166.50999999999354,1.0
16652,166.51999999999353,1.0
16653,166.52999999999352,1.0
16654,166.5399999999935,1.0
16655,166.5499999999935,1.0
16656,166.5599999999935,1.0
16657,166.56999999999348,1.0
16658,166.57999999999348,1.0
16659,166.58999999999347,1.0
16660,166.59999999999346,1.0
16661,166.60999999999345,1.0
16662,166.61999999999344,1.0
16663,166.62999999999343,1.0
16664,166.63999999999342,1.0
16665,166.6499999999934,1.0
16666,166.6599999999934,1.0
16667,166.6699999999934,1.0
16668,166.67999999999338,1.0
16669,166.68999999999338,1.0
16670,166.69999999999337,1.0
16671,166.70999999999336,1.0
16672,166.71999999999335,1.0
16673,166.72999999999334,1.0
16674,166.73999999999333,1.0
16675,166.74999999999332,1.0
16676,166.7599999999933,1.0
16677,166.7699999999933,1.0
16678,166.7799999999933,1.0
16679,166.78999999999328,1.0
16680,166.79999999999328,1.0
16681,166.80999999999327,1.0
16682,166.81999999999326,1.0
16683,166.82999999999325,1.0
16684,166.83999999999324,1.0
16685,166.84999999999323,1.0
16686,166.85999999999322,1.0
16687,166.8699999999932,1.0
16688,166.8799999999932,1.0
16689,166.8899999999932,1.0
16690,166.89999999999318,1.0
16691,166.90999999999318,1.0
16692,166.91999999999317,1.0
16693,166.92999999999316,1.0
16694,166.93999999999315,1.0
16695,166.94999999999314,1.0
16696,166.95999999999313,1.0
16697,166.96999999999312,1.0
16698,166.9799999999931,1.0
16699,166.9899999999931,1.0
16700,166.9999999999931,1.0
16701,167.00999999999308,1.0
16702,167.01999999999308,1.0
16703,167.02999999999307,1.0
16704,167.03999999999306,1.0
16705,167.04999999999305,1.0
16706,167.05999999999304,1.0
16707,167.06999999999303,1.0
16708,167.07999999999302,1.0
16709,167.089999999993,1.0
16710,167.099999999993,1.0
16711,167.109999999993,1.0
16712,167.11999999999298,1.0
16713,167.12999999999298,1.0
16714,167.13999999999297,1.0
16715,167.14999999999296,1.0
16716,167.15999999999295,1.0
16717,167.16999999999294,1.0
16718,167.17999999999293,1.0
16719,167.18999999999292,1.0
16720,167.1999999999929,1.0
16721,167.2099999999929,1.0
16722,167.2199999999929,1.0
16723,167.22999999999288,1.0
16724,167.23999999999288,1.0
16725,167.24999999999287,1.0
16726,167.25999999999286,1.0
16727,167.26999999999285,1.0
16728,167.27999999999284,1.0
16729,167.28999999999283,1.0
16730,167.29999999999282,1.0
16731,167.3099999999928,1.0
16732,167.3199999999928,1.0
16733,167.3299999999928,1.0
16734,167.33999999999278,1.0
16735,167.34999999999278,1.0
16736,167.35999999999277,1.0
16737,167.36999999999276,1.0
16738,167.37999999999275,1.0
16739,167.38999999999274,1.0
16740,167.39999999999273,1.0
16741,167.40999999999272,1.0
16742,167.4199999999927,1.0
16743,167.4299999999927,1.0
16744,167.4399999999927,1.0
16745,167.44999999999268,1.0
16746,167.45999999999268,1.0
16747,167.46999999999267,1.0
16748,167.47999999999266,1.0
16749,167.48999999999265,1.0
16750,167.49999999999264,1.0
16751,167.50999999999263,1.0
16752,167.51999999999262,1.0
16753,167.5299999999926,1.0
16754,167.5399999999926,1.0
16755,167.5499999999926,1.0
16756,167.55999999999258,1.0
16757,167.56999999999258,1.0
16758,167.57999999999257,1.0
16759,167.58999999999256,1.0
16760,167.59999999999255,1.0
16761,167.60999999999254,1.0
16762,167.61999999999253,1.0
16763,167.62999999999252,1.0
16764,167.6399999999925,1.0
16765,167.6499999999925,1.0
16766,167.6599999999925,1.0
16767,167.66999999999248,1.0
16768,167.67999999999248,1.0
16769,167.68999999999247,1.0
16770,167.69999999999246,1.0
16771,167.70999999999245,1.0
16772,167.71999999999244,1.0
16773,167.72999999999243,1.0
16774,167.73999999999242,1.0
16775,167.7499999999924,1.0
16776,167.7599999999924,1.0
16777,167.7699999999924,1.0
16778,167.77999999999238,1.0
16779,167.78999999999238,1.0
16780,167.79999999999237,1.0
16781,167.80999999999236,1.0
16782,167.81999999999235,1.0
16783,167.82999999999234,1.0
16784,167.83999999999233,1.0
16785,167.84999999999232,1.0
16786,167.8599999999923,1.0
16787,167.8699999999923,1.0
16788,167.8799999999923,1.0
16789,167.88999999999228,1.0
16790,167.89999999999227,1.0
16791,167.90999999999227,1.0
16792,167.91999999999226,1.0
16793,167.92999999999225,1.0
16794,167.93999999999224,1.0
16795,167.94999999999223,1.0
16796,167.95999999999222,1.0
16797,167.9699999999922,1.0
16798,167.9799999999922,1.0
16799,167.9899999999922,1.0
16800,167.99999999999218,1.0
16801,168.00999999999217,1.0
16802,168.01999999999217,1.0
16803,168.02999999999216,1.0
16804,168.03999999999215,1.0
16805,168.04999999999214,1.0
16806,168.05999999999213,1.0
16807,168.06999999999212,1.0
16808,168.0799999999921,1.0
16809,168.0899999999921,1.0
16810,168.0999999999921,1.0
16811,168.10999999999208,1.0
16812,168.11999999999207,1.0
16813,168.12999999999207,1.0
16814,168.13999999999206,1.0
16815,168.14999999999205,1.0
16816,168.15999999999204,1.0
16817,168.16999999999203,1.0
16818,168.17999999999202,1.0
16819,168.189999999992,1.0
16820,168.199999999992,1.0
16821,168.209999999992,1.0
16822,168.21999999999198,1.0
16823,168.22999999999197,1.0
16824,168.23999999999197,1.0
16825,168.24999999999196,1.0
16826,168.25999999999195,1.0
16827,168.26999999999194,1.0
16828,168.27999999999193,1.0
16829,168.28999999999192,1.0
16830,168.2999999999919,1.0
16831,168.3099999999919,1.0
16832,168.3199999999919,1.0
16833,168.32999999999188,1.0
16834,168.33999999999187,1.0
16835,168.34999999999187,1.0
16836,168.35999999999186,1.0
16837,168.36999999999185,1.0
16838,168.37999999999184,1.0
16839,168.38999999999183,1.0
16840,168.39999999999182,1.0
16841,168.4099999999918,1.0
16842,168.4199999999918,1.0
16843,168.4299999999918,1.0
16844,168.43999999999178,1.0
16845,168.44999999999177,1.0
16846,168.45999999999177,1.0
16847,168.46999999999176,1.0
16848,168.47999999999175,1.0
16849,168.48999999999174,1.0
16850,168.49999999999173,1.0
16851,168.50999999999172,1.0
16852,168.5199999999917,1.0
16853,168.5299999999917,1.0
16854,168.5399999999917,1.0
16855,168.54999999999168,1.0
16856,168.55999999999167,1.0
16857,168.56999999999167,1.0
16858,168.57999999999166,1.0
16859,168.58999999999165,1.0
16860,168.59999999999164,1.0
16861,168.60999999999163,1.0
16862,168.61999999999162,1.0
16863,168.6299999999916,1.0
16864,168.6399999999916,1.0
16865,168.6499999999916,1.0
16866,168.65999999999158,1.0
16867,168.66999999999157,1.0
16868,168.67999999999157,1.0
16869,168.68999999999156,1.0
16870,168.69999999999155,1.0
16871,168.70999999999154,1.0
16872,168.71999999999153,1.0
16873,168.72999999999152,1.0
16874,168.7399999999915,1.0
16875,168.7499999999915,1.0
16876,168.7599999999915,1.0
16877,168.76999999999148,1.0
16878,168.77999999999147,1.0
16879,168.78999999999147,1.0
16880,168.79999999999146,1.0
16881,168.80999999999145,1.0
16882,168.81999999999144,1.0
16883,168.82999999999143,1.0
16884,168.83999999999142,1.0
16885,168.8499999999914,1.0
16886,168.8599999999914,1.0
16887,168.8699999999914,1.0
16888,168.87999999999138,1.0
16889,168.88999999999137,1.0
16890,168.89999999999137,1.0
16891,168.90999999999136,1.0
16892,168.91999999999135,1.0
16893,168.92999999999134,1.0
16894,168.93999999999133,1.0
16895,168.94999999999132,1.0
16896,168.9599999999913,1.0
16897,168.9699999999913,1.0
16898,168.9799999999913,1.0
16899,168.98999999999128,1.0
16900,168.99999999999127,1.0
16901,169.00999999999127,1.0
16902,169.01999999999126,1.0
16903,169.02999999999125,1.0
16904,169.03999999999124,1.0
16905,169.04999999999123,1.0
16906,169.05999999999122,1.0
16907,169.0699999999912,1.0
16908,169.0799999999912,1.0
16909,169.0899999999912,1.0
16910,169.09999999999118,1.0
16911,169.10999999999117,1.0
16912,169.11999999999117,1.0
16913,169.12999999999116,0.0
16914,169.13999999999115,0.0
16915,169.14999999999114,0.0
16916,169.15999999999113,0.0
16917,169.16999999999112,0.0
16918,169.1799999999911,0.0
16919,169.1899999999911,0.0
16920,169.1999999999911,0.0
16921,169.20999999999108,0.0
16922,169.21999999999107,0.0
16923,169.22999999999107,0.0
16924,169.23999999999106,0.0
16925,169.24999999999105,0.0
16926,169.25999999999104,0.0
16927,169.26999999999103,0.0
16928,169.27999999999102,0.0
16929,169.289999999991,0.0
16930,169.299999999991,0.0
16931,169.309999999991,0.0
16932,169.31999999999098,0.0
16933,169.32999999999097,0.0
16934,169.33999999999097,0.0
16935,169.34999999999096,0.0
16936,169.35999999999095,0.0
16937,169.36999999999094,0.0
16938,169.37999999999093,0.0
16939,169.38999999999092,0.0
16940,169.3999999999909,0.0
16941,169.4099999999909,0.0
16942,169.4199999999909,0.0
16943,169.42999999999088,0.0
16944,169.43999999999087,0.0
16945,169.44999999999087,0.0
16946,169.45999999999086,0.0
16947,169.46999999999085,0.0
16948,169.47999999999084,0.0
16949,169.48999999999083,0.0
16950,169.49999999999082,0.0
16951,169.5099999999908,0.0
16952,169.5199999999908,0.0
16953,169.5299999999908,0.0
16954,169.53999999999078,0.0
16955,169.54999999999077,0.0
16956,169.55999999999077,0.0
16957,169.56999999999076,0.0
16958,169.57999999999075,0.0
16959,169.58999999999074,0.0
16960,169.59999999999073,0.0
16961,169.60999999999072,0.0
16962,169.6199999999907,0.0
16963,169.6299999999907,0.0
16964,169.6399999999907,0.0
16965,169.64999999999068,0.0
16966,169.65999999999067,0.0
16967,169.66999999999067,0.0
16968,169.67999999999066,0.0
16969,169.68999999999065,0.0
16970,169.69999999999064,0.0
16971,169.70999999999063,0.0
16972,169.71999999999062,0.0
16973,169.7299999999906,0.0
16974,169.7399999999906,0.0
16975,169.7499999999906,0.0
16976,169.75999999999058,0.0
16977,169.76999999999057,0.0
16978,169.77999999999057,0.0
16979,169.78999999999056,0.0
16980,169.79999999999055,0.0
16981,169.80999999999054,0.0
16982,169.81999999999053,0.0
16983,169.82999999999052,0.0
16984,169.8399999999905,0.0
16985,169.8499999999905,0.0
16986,169.8599999999905,0.0
16987,169.86999999999048,0.0
16988,169.87999999999047,0.0
16989,169.88999999999047,0.0
16990,169.89999999999046,0.0
16991,169.90999999999045,0.0
16992,169.91999999999044,0.0
16993,169.92999999999043,0.0
16994,169.93999999999042,0.0
16995,169.9499999999904,0.0
16996,169.9599999999904,0.0
16997,169.9699999999904,0.0
16998,169.97999999999038,0.0
16999,169.98999999999037,0.0
17000,169.99999999999037,0.0
17001,170.00999999999036,0.0
17002,170.01999999999035,0.0
17003,170.02999999999034,0.0
17004,170.03999999999033,0.0
17005,170.04999999999032,0.0
17006,170.0599999999903,0.0
17007,170.0699999999903,0.0
17008,170.0799999999903,0.0
17009,170.08999999999028,0.0
17010,170.09999999999027,0.0
17011,170.10999999999026,0.0
17012,170.11999999999026,0.0
17013,170.12999999999025,0.0
17014,170.13999999999024,0.0
17015,170.14999999999023,0.0
17016,170.15999999999022,0.0
17017,170.1699999999902,0.0
17018,170.1799999999902,0.0
17019,170.1899999999902,0.0
17020,170.19999999999018,0.0
17021,170.20999999999017,0.0
17022,170.21999999999016,0.0
17023,170.22999999999016,0.0
17024,170.23999999999015,0.0
17025,170.24999999999014,0.0
17026,170.25999999999013,0.0
17027,170.26999999999012,0.0
17028,170.2799999999901,0.0
17029,170.2899999999901,0.0
17030,170.2999999999901,0.0
17031,170.30999999999008,0.0
17032,170.31999999999007,0.0
17033,170.32999999999006,0.0
17034,170.33999999999006,0.0
17035,170.34999999999005,0.0
17036,170.35999999999004,0.0
17037,170.36999999999003,0.0
17038,170.37999999999002,0.0
17039,170.38999999999,0.0
17040,170.39999999999,0.0
17041,170.40999999999,0.0
17042,170.41999999998998,0.0
17043,170.42999999998997,0.0
17044,170.43999999998996,0.0
17045,170.44999999998996,0.0
17046,170.45999999998995,0.0
17047,170.46999999998994,0.0
17048,170.47999999998993,0.0
17049,170.48999999998992,0.0
17050,170.4999999999899,0.0
17051,170.5099999999899,0.0
17052,170.5199999999899,0.0
17053,170.52999999998988,0.0
17054,170.53999999998987,0.0
17055,170.54999999998986,0.0
17056,170.55999999998986,0.0
17057,170.56999999998985,0.0
17058,170.57999999998984,0.0
17059,170.58999999998983,0.0
17060,170.59999999998982,0.0
17061,170.6099999999898,0.0
17062,170.6199999999898,0.0
17063,170.6299999999898,0.0
17064,170.63999999998978,0.0
17065,170.64999999998977,0.0
17066,170.65999999998976,0.0
17067,170.66999999998976,0.0
17068,170.67999999998975,0.0
17069,170.68999999998974,0.0
17070,170.69999999998973,0.0
17071,170.70999999998972,0.0
17072,170.7199999999897,0.0
17073,170.7299999999897,0.0
17074,170.7399999999897,0.0
17075,170.74999999998968,0.0
17076,170.75999999998967,0.0
17077,170.76999999998966,0.0
17078,170.77999999998966,0.0
17079,170.78999999998965,0.0
17080,170.79999999998964,0.0
17081,170.80999999998963,0.0
17082,170.81999999998962,0.0
17083,170.8299999999896,0.0
17084,170.8399999999896,0.0
17085,170.8499999999896,0.0
17086,170.85999999998958,0.0
17087,170.86999999998957,0.0
17088,170.87999999998956,0.0
17089,170.88999999998956,0.0
17090,170.89999999998955,0.0
17091,170.90999999998954,0.0
17092,170.91999999998953,0.0
17093,170.92999999998952,0.0
17094,170.9399999999895,0.0
17095,170.9499999999895,0.0
17096,170.9599999999895,0.0
17097,170.96999999998948,0.0
17098,170.97999999998947,0.0
17099,170.98999999998946,0.0
17100,170.99999999998946,0.0
17101,171.00999999998945,0.0
17102,171.01999999998944,0.0
17103,171.02999999998943,0.0
17104,171.03999999998942,0.0
17105,171.0499999999894,0.0
17106,171.0599999999894,0.0
17107,171.0699999999894,0.0
17108,171.07999999998938,0.0
17109,171.08999999998937,0.0
17110,171.09999999998936,0.0
17111,171.10999999998936,0.0
17112,171.11999999998935,0.0
17113,171.12999999998934,0.0
17114,171.13999999998933,0.0
17115,171.14999999998932,0.0
17116,171.1599999999893,0.0
17117,171.1699999999893,0.0
17118,171.1799999999893,0.0
17119,171.18999999998928,0.0
17120,171.19999999998927,0.0
17121,171.20999999998926,0.0
17122,171.21999999998926,0.0
17123,171.22999999998925,0.0
17124,171.23999999998924,0.0
17125,171.24999999998923,0.0
17126,171.25999999998922,0.0
17127,171.2699999999892,0.0
17128,171.2799999999892,0.0
17129,171.2899999999892,0.0
17130,171.29999999998918,0.0
17131,171.30999999998917,0.0
17132,171.31999999998916,0.0
17133,171.32999999998916,0.0
17134,171.33999999998915,0.0
17135,171.34999999998914,0.0
17136,171.35999999998913,0.0
17137,171.36999999998912,0.0
17138,171.3799999999891,0.0
17139,171.3899999999891,0.0
17140,171.3999999999891,0.0
17141,171.40999999998908,0.0
17142,171.41999999998907,0.0
17143,171.42999999998906,0.0
17144,171.43999999998906,0.0
17145,171.44999999998905,0.0
17146,171.45999999998904,0.0
17147,171.46999999998903,0.0
17148,171.47999999998902,0.0
17149,171.489999999989,0.0
17150,171.499999999989,0.0
17151,171.509999999989,0.0
17152,171.51999999998898,0.0
17153,171.52999999998897,0.0
17154,171.53999999998896,0.0
17155,171.54999999998896,0.0
17156,171.55999999998895,0.0
17157,171.56999999998894,0.0
17158,171.57999999998893,0.0
17159,171.58999999998892,0.0
17160,171.5999999999889,0.0
17161,171.6099999999889,0.0
17162,171.6199999999889,0.0
17163,171.62999999998888,0.0
17164,171.63999999998887,0.0
17165,171.64999999998886,0.0
17166,171.65999999998886,0.0
17167,171.66999999998885,0.0
17168,171.67999999998884,0.0
17169,171.68999999998883,0.0
17170,171.69999999998882,0.0
17171,171.7099999999888,0.0
17172,171.7199999999888,0.0
17173,171.7299999999888,0.0
17174,171.73999999998878,0.0
17175,171.74999999998877,0.0
17176,171.75999999998876,0.0
17177,171.76999999998876,0.0
17178,171.77999999998875,0.0
17179,171.78999999998874,0.0
17180,171.79999999998873,0.0
17181,171.80999999998872,0.0
17182,171.8199999999887,0.0
17183,171.8299999999887,0.0
17184,171.8399999999887,0.0
17185,171.84999999998868,0.0
17186,171.85999999998867,0.0
17187,171.86999999998866,0.0
17188,171.87999999998866,0.0
17189,171.88999999998865,0.0
17190,171.89999999998864,0.0
17191,171.90999999998863,0.0
17192,171.91999999998862,0.0
17193,171.9299999999886,0.0
17194,171.9399999999886,0.0
17195,171.9499999999886,0.0
17196,171.95999999998858,0.0
17197,171.96999999998857,0.0
17198,171.97999999998856,0.0
17199,171.98999999998856,0.0
17200,171.99999999998855,0.0
17201,172.00999999998854,0.0
17202,172.01999999998853,0.0
17203,172.02999999998852,0.0
17204,172.0399999999885,0.0
17205,172.0499999999885,0.0
17206,172.0599999999885,0.0
17207,172.06999999998848,0.0
17208,172.07999999998847,0.0
17209,172.08999999998846,0.0
17210,172.09999999998846,0.0
17211,172.10999999998845,0.0
17212,172.11999999998844,0.0
17213,172.12999999998843,0.0
17214,172.13999999998842,0.0
17215,172.1499999999884,0.0
17216,172.1599999999884,0.0
17217,172.1699999999884,0.0
17218,172.17999999998838,0.0
17219,172.18999999998837,0.0
17220,172.19999999998836,0.0
17221,172.20999999998836,0.0
17222,172.21999999998835,0.0
17223,172.22999999998834,0.0
17224,172.23999999998833,0.0
17225,172.24999999998832,0.0
17226,172.2599999999883,0.0
17227,172.2699999999883,0.0
17228,172.2799999999883,0.0
17229,172.28999999998828,0.0
17230,172.29999999998827,0.0
17231,172.30999999998826,0.0
17232,172.31999999998826,0.0
17233,172.32999999998825,0.0
17234,172.33999999998824,0.0
17235,172.34999999998823,0.0
17236,172.35999999998822,0.0
17237,172.3699999999882,0.0
17238,172.3799999999882,0.0
17239,172.3899999999882,0.0
17240,172.39999999998818,0.0
17241,172.40999999998817,0.0
17242,172.41999999998816,0.0
17243,172.42999999998815,0.0
17244,172.43999999998815,0.0
17245,172.44999999998814,0.0
17246,172.45999999998813,0.0
17247,172.46999999998812,0.0
17248,172.4799999999881,0.0
17249,172.4899999999881,0.0
17250,172.4999999999881,0.0
17251,172.50999999998808,0.0
17252,172.51999999998807,0.0
17253,172.52999999998806,0.0
17254,172.53999999998805,0.0
17255,172.54999999998805,0.0
17256,172.55999999998804,0.0
17257,172.56999999998803,0.0
17258,172.57999999998802,0.0
17259,172.589999999988,0.0
17260,172.599999999988,0.0
17261,172.609999999988,0.0
17262,172.61999999998798,0.0
17263,172.62999999998797,0.0
17264,172.63999999998796,0.0
17265,172.64999999998795,0.0
17266,172.65999999998795,0.0
17267,172.66999999998794,0.0
17268,172.67999999998793,0.0
17269,172.68999999998792,0.0
17270,172.6999999999879,0.0
17271,172.7099999999879,0.0
17272,172.7199999999879,0.0
17273,172.72999999998788,0.0
17274,172.73999999998787,0.0
17275,172.74999999998786,0.0
17276,172.75999999998785,0.0
17277,172.76999999998785,0.0
17278,172.77999999998784,0.0
17279,172.78999999998783,0.0
17280,172.79999999998782,0.0
17281,172.8099999999878,0.0
17282,172.8199999999878,0.0
17283,172.8299999999878,0.0
17284,172.83999999998778,0.0
17285,172.84999999998777,0.0
17286,172.85999999998776,0.0
17287,172.86999999998775,0.0
17288,172.87999999998775,0.0
17289,172.88999999998774,0.0
17290,172.89999999998773,0.0
17291,172.90999999998772,0.0
17292,172.9199999999877,0.0
17293,172.9299999999877,0.0
17294,172.9399999999877,0.0
17295,172.94999999998768,0.0
17296,172.95999999998767,0.0
17297,172.96999999998766,0.0
17298,172.97999999998765,0.0
17299,172.98999999998765,0.0
17300,172.99999999998764,0.0
17301,173.00999999998763,0.0
17302,173.01999999998762,0.0
17303,173.0299999999876,0.0
17304,173.0399999999876,0.0
17305,173.0499999999876,0.0
17306,173.05999999998758,0.0
17307,173.06999999998757,0.0
17308,173.07999999998756,0.0
17309,173.08999999998755,0.0
17310,173.09999999998755,0.0
17311,173.10999999998754,0.0
17312,173.11999999998753,0.0
17313,173.12999999998752,0.0
17314,173.1399999999875,0.0
17315,173.1499999999875,0.0
17316,173.1599999999875,0.0
17317,173.16999999998748,0.0
17318,173.17999999998747,0.0
17319,173.18999999998746,0.0
17320,173.19999999998745,0.0
17321,173.20999999998745,0.0
17322,173.21999999998744,0.0
17323,173.22999999998743,0.0
17324,173.23999999998742,0.0
17325,173.2499999999874,0.0
17326,173.2599999999874,0.0
17327,173.2699999999874,0.0
17328,173.27999999998738,0.0
17329,173.28999999998737,0.0
17330,173.29999999998736,0.0
17331,173.30999999998735,0.0
17332,173.31999999998735,0.0
17333,173.32999999998734,0.0
17334,173.33999999998733,0.0
17335,173.34999999998732,0.0
17336,173.3599999999873,0.0
17337,173.3699999999873,0.0
17338,173.3799999999873,0.0
17339,173.38999999998728,0.0
17340,173.39999999998727,0.0
17341,173.40999999998726,0.0
17342,173.41999999998725,0.0
17343,173.42999999998725,0.0
17344,173.43999999998724,0.0
17345,173.44999999998723,0.0
17346,173.45999999998722,0.0
17347,173.4699999999872,0.0
17348,173.4799999999872,0.0
17349,173.4899999999872,0.0
17350,173.49999999998718,0.0
17351,173.50999999998717,0.0
17352,173.51999999998716,0.0
17353,173.52999999998715,0.0
17354,173.53999999998715,0.0
17355,173.54999999998714,0.0
17356,173.55999999998713,0.0
17357,173.56999999998712,0.0
17358,173.5799999999871,0.0
17359,173.5899999999871,0.0
17360,173.5999999999871,0.0
17361,173.60999999998708,0.0
17362,173.61999999998707,0.0
17363,173.62999999998706,0.0
17364,173.63999999998705,0.0
17365,173.64999999998705,0.0
17366,173.65999999998704,0.0
17367,173.66999999998703,0.0
17368,173.67999999998702,0.0
17369,173.689999999987,0.0
17370,173.699999999987,0.0
17371,173.709999999987,0.0
17372,173.71999999998698,0.0
17373,173.72999999998697,0.0
17374,173.73999999998696,0.0
17375,173.74999999998695,0.0
17376,173.75999999998695,0.0
17377,173.76999999998694,0.0
17378,173.77999999998693,0.0
17379,173.78999999998692,0.0
17380,173.7999999999869,0.0
17381,173.8099999999869,0.0
17382,173.8199999999869,0.0
17383,173.82999999998688,0.0
17384,173.83999999998687,0.0
17385,173.84999999998686,0.0
17386,173.85999999998685,0.0
17387,173.86999999998685,0.0
17388,173.87999999998684,0.0
17389,173.88999999998683,0.0
17390,173.89999999998682,0.0
17391,173.9099999999868,0.0
17392,173.9199999999868,0.0
17393,173.9299999999868,0.0
17394,173.93999999998678,0.0
17395,173.94999999998677,0.0
17396,173.95999999998676,0.0
17397,173.96999999998675,0.0
17398,173.97999999998675,0.0
17399,173.98999999998674,0.0
17400,173.99999999998673,0.0
17401,174.00999999998672,0.0
17402,174.0199999999867,0.0
17403,174.0299999999867,0.0
17404,174.0399999999867,0.0
17405,174.04999999998668,0.0
17406,174.05999999998667,0.0
17407,174.06999999998666,0.0
17408,174.07999999998665,0.0
17409,174.08999999998665,0.0
17410,174.09999999998664,0.0
17411,174.10999999998663,0.0
17412,174.11999999998662,0.0
17413,174.1299999999866,0.0
17414,174.1399999999866,0.0
17415,174.1499999999866,0.0
17416,174.15999999998658,0.0
17417,174.16999999998657,0.0
17418,174.17999999998656,0.0
17419,174.18999999998655,0.0
17420,174.19999999998655,0.0
17421,174.20999999998654,0.0
17422,174.21999999998653,0.0
17423,174.22999999998652,0.0
17424,174.2399999999865,0.0
17425,174.2499999999865,0.0
17426,174.2599999999865,0.0
17427,174.26999999998648,0.0
17428,174.27999999998647,0.0
17429,174.28999999998646,0.0
17430,174.29999999998645,0.0
17431,174.30999999998645,0.0
17432,174.31999999998644,0.0
17433,174.32999999998643,0.0
17434,174.33999999998642,0.0
17435,174.3499999999864,0.0
17436,174.3599999999864,0.0
17437,174.3699999999864,0.0
17438,174.37999999998638,0.0
17439,174.38999999998637,0.0
17440,174.39999999998636,0.0
17441,174.40999999998635,0.0
17442,174.41999999998635,0.0
17443,174.42999999998634,0.0
17444,174.43999999998633,0.0
17445,174.44999999998632,0.0
17446,174.4599999999863,0.0
17447,174.4699999999863,0.0
17448,174.4799999999863,0.0
17449,174.48999999998628,0.0
17450,174.49999999998627,0.0
17451,174.50999999998626,0.0
17452,174.51999999998625,0.0
17453,174.52999999998625,0.0
17454,174.53999999998624,0.0
17455,174.54999999998623,0.0
17456,174.55999999998622,0.0
17457,174.5699999999862,0.0
17458,174.5799999999862,0.0
17459,174.5899999999862,0.0
17460,174.59999999998618,0.0
17461,174.60999999998617,0.0
17462,174.61999999998616,0.0
17463,174.62999999998615,0.0
17464,174.63999999998614,0.0
17465,174.64999999998614,0.0
17466,174.65999999998613,0.0
17467,174.66999999998612,0.0
17468,174.6799999999861,0.0
17469,174.6899999999861,0.0
17470,174.6999999999861,0.0
17471,174.70999999998608,0.0
17472,174.71999999998607,0.0
17473,174.72999999998606,0.0
17474,174.73999999998605,0.0
17475,174.74999999998604,0.0
17476,174.75999999998604,0.0
17477,174.76999999998603,0.0
17478,174.77999999998602,0.0
17479,174.789999999986,0.0
17480,174.799999999986,0.0
17481,174.809999999986,0.0
17482,174.81999999998598,0.0
17483,174.82999999998597,0.0
17484,174.83999999998596,0.0
17485,174.84999999998595,0.0
17486,174.85999999998594,0.0
17487,174.86999999998594,0.0
17488,174.87999999998593,0.0
17489,174.88999999998592,0.0
17490,174.8999999999859,0.0
17491,174.9099999999859,0.0
17492,174.9199999999859,0.0
17493,174.92999999998588,0.0
17494,174.93999999998587,0.0
17495,174.94999999998586,0.0
17496,174.95999999998585,0.0
17497,174.96999999998584,0.0
17498,174.97999999998584,0.0
17499,174.98999999998583,0.0
17500,174.99999999998582,0.0
17501,175.0099999999858,0.0
17502,175.0199999999858,0.0
17503,175.0299999999858,0.0
17504,175.03999999998578,0.0
17505,175.04999999998577,0.0
17506,175.05999999998576,0.0
17507,175.06999999998575,0.0
17508,175.07999999998574,0.0
17509,175.08999999998574,0.0
17510,175.09999999998573,0.0
17511,175.10999999998572,0.0
17512,175.1199999999857,0.0
17513,175.1299999999857,0.0
17514,175.1399999999857,0.0
17515,175.14999999998568,0.0
17516,175.15999999998567,0.0
17517,175.16999999998566,0.0
17518,175.17999999998565,0.0
17519,175.18999999998564,0.0
17520,175.19999999998564,0.0
17521,175.20999999998563,0.0
17522,175.21999999998562,0.0
17523,175.2299999999856,0.0
17524,175.2399999999856,0.0
17525,175.2499999999856,0.0
17526,175.25999999998558,0.0
17527,175.26999999998557,0.0
17528,175.27999999998556,0.0
17529,175.28999999998555,0.0
17530,175.29999999998554,0.0
17531,175.30999999998554,0.0
17532,175.31999999998553,0.0
17533,175.32999999998552,0.0
17534,175.3399999999855,0.0
17535,175.3499999999855,0.0
17536,175.3599999999855,0.0
17537,175.36999999998548,0.0
17538,175.37999999998547,0.0
17539,175.38999999998546,0.0
17540,175.39999999998545,0.0
17541,175.40999999998544,0.0
17542,175.41999999998544,0.0
17543,175.42999999998543,0.0
17544,175.43999999998542,0.0
17545,175.4499999999854,0.0
17546,175.4599999999854,0.0
17547,175.4699999999854,0.0
17548,175.47999999998538,0.0
17549,175.48999999998537,0.0
17550,175.49999999998536,0.0
17551,175.50999999998535,0.0
17552,175.51999999998534,0.0
17553,175.52999999998534,0.0
17554,175.53999999998533,0.0
17555,175.54999999998532,0.0
17556,175.5599999999853,0.0
17557,175.5699999999853,0.0
17558,175.5799999999853,0.0
17559,175.58999999998528,0.0
17560,175.59999999998527,0.0
17561,175.60999999998526,0.0
17562,175.61999999998525,0.0
17563,175.62999999998524,0.0
17564,175.63999999998524,0.0
17565,175.64999999998523,0.0
17566,175.65999999998522,0.0
17567,175.6699999999852,0.0
17568,175.6799999999852,0.0
17569,175.6899999999852,0.0
17570,175.69999999998518,0.0
17571,175.70999999998517,0.0
17572,175.71999999998516,0.0
17573,175.72999999998515,0.0
17574,175.73999999998514,0.0
17575,175.74999999998514,0.0
17576,175.75999999998513,0.0
17577,175.76999999998512,0.0
17578,175.7799999999851,0.0
17579,175.7899999999851,0.0
17580,175.7999999999851,0.0
17581,175.80999999998508,0.0
17582,175.81999999998507,0.0
17583,175.82999999998506,0.0
17584,175.83999999998505,0.0
17585,175.84999999998504,0.0
17586,175.85999999998504,0.0
17587,175.86999999998503,0.0
17588,175.87999999998502,0.0
17589,175.889999999985,0.0
17590,175.899999999985,0.0
17591,175.909999999985,0.0
17592,175.91999999998498,0.0
17593,175.92999999998497,0.0
17594,175.93999999998496,0.0
17595,175.94999999998495,0.0
17596,175.95999999998494,0.0
17597,175.96999999998494,0.0
17598,175.97999999998493,0.0
17599,175.98999999998492,0.0
17600,175.9999999999849,0.0
17601,176.0099999999849,0.0
17602,176.0199999999849,0.0
17603,176.02999999998488,0.0
17604,176.03999999998487,0.0
17605,176.04999999998486,0.0
17606,176.05999999998485,0.0
17607,176.06999999998484,0.0
17608,176.07999999998484,0.0
17609,176.08999999998483,0.0
17610,176.09999999998482,0.0
17611,176.1099999999848,0.0
17612,176.1199999999848,0.0
17613,176.1299999999848,0.0
17614,176.13999999998478,0.0
17615,176.14999999998477,0.0
17616,176.15999999998476,0.0
17617,176.16999999998475,0.0
17618,176.17999999998474,0.0
17619,176.18999999998474,0.0
17620,176.19999999998473,0.0
17621,176.20999999998472,0.0
17622,176.2199999999847,0.0
17623,176.2299999999847,0.0
17624,176.2399999999847,0.0
17625,176.24999999998468,0.0
17626,176.25999999998467,0.0
17627,176.26999999998466,0.0
17628,176.27999999998465,0.0
17629,176.28999999998464,0.0
17630,176.29999999998464,0.0
17631,176.30999999998463,0.0
17632,176.31999999998462,0.0
17633,176.3299999999846,0.0
17634,176.3399999999846,0.0
17635,176.3499999999846,0.0
17636,176.35999999998458,0.0
17637,176.36999999998457,0.0
17638,176.37999999998456,0.0
17639,176.38999999998455,0.0
17640,176.39999999998454,0.0
17641,176.40999999998454,0.0
17642,176.41999999998453,0.0
17643,176.42999999998452,0.0
17644,176.4399999999845,0.0
17645,176.4499999999845,0.0
17646,176.4599999999845,0.0
17647,176.46999999998448,0.0
17648,176.47999999998447,0.0
17649,176.48999999998446,0.0
17650,176.49999999998445,0.0
17651,176.50999999998444,0.0
17652,176.51999999998444,0.0
17653,176.52999999998443,0.0
17654,176.53999999998442,0.0
17655,176.5499999999844,0.0
17656,176.5599999999844,0.0
17657,176.5699999999844,0.0
17658,176.57999999998438,0.0
17659,176.58999999998437,0.0
17660,176.59999999998436,0.0
17661,176.60999999998435,0.0
17662,176.61999999998434,0.0
17663,176.62999999998434,0.0
17664,176.63999999998433,0.0
17665,176.64999999998432,0.0
17666,176.6599999999843,0.0
17667,176.6699999999843,0.0
17668,176.6799999999843,0.0
17669,176.68999999998428,0.0
17670,176.69999999998427,0.0
17671,176.70999999998426,0.0
17672,176.71999999998425,0.0
17673,176.72999999998424,0.0
17674,176.73999999998424,0.0
17675,176.74999999998423,0.0
17676,176.75999999998422,0.0
17677,176.7699999999842,0.0
17678,176.7799999999842,0.0
17679,176.7899999999842,0.0
17680,176.79999999998418,0.0
17681,176.80999999998417,0.0
17682,176.81999999998416,0.0
17683,176.82999999998415,0.0
17684,176.83999999998414,0.0
17685,176.84999999998414,0.0
17686,176.85999999998413,0.0
17687,176.86999999998412,0.0
17688,176.8799999999841,0.0
17689,176.8899999999841,0.0
17690,176.8999999999841,0.0
17691,176.90999999998408,0.0
17692,176.91999999998407,0.0
17693,176.92999999998406,0.0
17694,176.93999999998405,0.0
17695,176.94999999998404,0.0
17696,176.95999999998403,0.0
17697,176.96999999998403,0.0
17698,176.97999999998402,0.0
17699,176.989999999984,0.0
17700,176.999999999984,0.0
17701,177.009999999984,0.0
17702,177.01999999998398,0.0
17703,177.02999999998397,0.0
17704,177.03999999998396,0.0
17705,177.04999999998395,0.0
17706,177.05999999998394,0.0
17707,177.06999999998393,0.0
17708,177.07999999998393,0.0
17709,177.08999999998392,0.0
17710,177.0999999999839,0.0
17711,177.1099999999839,0.0
17712,177.1199999999839,0.0
17713,177.12999999998388,0.0
17714,177.13999999998387,0.0
17715,177.14999999998386,0.0
17716,177.15999999998385,0.0
17717,177.16999999998384,0.0
17718,177.17999999998383,0.0
17719,177.18999999998383,0.0
17720,177.19999999998382,0.0
17721,177.2099999999838,0.0
17722,177.2199999999838,0.0
17723,177.2299999999838,0.0
17724,177.23999999998378,0.0
17725,177.24999999998377,0.0
17726,177.25999999998376,0.0
17727,177.26999999998375,0.0
17728,177.27999999998374,0.0
17729,177.28999999998373,0.0
17730,177.29999999998373,0.0
17731,177.30999999998372,0.0
17732,177.3199999999837,0.0
17733,177.3299999999837,0.0
17734,177.3399999999837,0.0
17735,177.34999999998368,0.0
17736,177.35999999998367,0.0
17737,177.36999999998366,0.0
17738,177.37999999998365,0.0
17739,177.38999999998364,0.0
17740,177.39999999998363,0.0
17741,177.40999999998363,0.0
17742,177.41999999998362,0.0
17743,177.4299999999836,0.0
17744,177.4399999999836,0.0
17745,177.4499999999836,0.0
17746,177.45999999998358,0.0
17747,177.46999999998357,0.0
17748,177.47999999998356,0.0
17749,177.48999999998355,0.0
17750,177.49999999998354,0.0
17751,177.50999999998353,0.0
17752,177.51999999998353,0.0
17753,177.52999999998352,0.0
17754,177.5399999999835,0.0
17755,177.5499999999835,0.0
17756,177.5599999999835,0.0
17757,177.56999999998348,0.0
17758,177.57999999998347,0.0
17759,177.58999999998346,0.0
17760,177.59999999998345,0.0
17761,177.60999999998344,0.0
17762,177.61999999998343,0.0
17763,177.62999999998343,0.0
17764,177.63999999998342,0.0
17765,177.6499999999834,0.0
17766,177.6599999999834,0.0
17767,177.6699999999834,0.0
17768,177.67999999998338,0.0
17769,177.68999999998337,0.0
17770,177.69999999998336,0.0
17771,177.70999999998335,0.0
17772,177.71999999998334,0.0
17773,177.72999999998333,0.0
17774,177.73999999998333,0.0
17775,177.74999999998332,0.0
17776,177.7599999999833,0.0
17777,177.7699999999833,0.0
17778,177.7799999999833,0.0
17779,177.78999999998328,0.0
17780,177.79999999998327,0.0
17781,177.80999999998326,0.0
17782,177.81999999998325,0.0
17783,177.82999999998324,0.0
17784,177.83999999998323,0.0
17785,177.84999999998323,0.0
17786,177.85999999998322,0.0
17787,177.8699999999832,0.0
17788,177.8799999999832,0.0
17789,177.8899999999832,0.0
17790,177.89999999998318,0.0
17791,177.90999999998317,0.0
17792,177.91999999998316,0.0
17793,177.92999999998315,0.0
17794,177.93999999998314,0.0
17795,177.94999999998313,0.0
17796,177.95999999998313,0.0
17797,177.96999999998312,0.0
17798,177.9799999999831,0.0
17799,177.9899999999831,0.0
17800,177.9999999999831,0.0
17801,178.00999999998308,0.0
17802,178.01999999998307,0.0
17803,178.02999999998306,0.0
17804,178.03999999998305,0.0
17805,178.04999999998304,0.0
17806,178.05999999998303,0.0
17807,178.06999999998303,0.0
17808,178.07999999998302,0.0
17809,178.089999999983,0.0
17810,178.099999999983,0.0
17811,178.109999999983,0.0
17812,178.11999999998298,0.0
17813,178.12999999998297,0.0
17814,178.13999999998296,0.0
17815,178.14999999998295,0.0
17816,178.15999999998294,0.0
17817,178.16999999998293,0.0
17818,178.17999999998293,0.0
17819,178.18999999998292,0.0
17820,178.1999999999829,0.0
17821,178.2099999999829,0.0
17822,178.2199999999829,0.0
17823,178.22999999998288,0.0
17824,178.23999999998287,0.0
17825,178.24999999998286,0.0
17826,178.25999999998285,0.0
17827,178.26999999998284,0.0
17828,178.27999999998283,0.0
17829,178.28999999998283,0.0
17830,178.29999999998282,0.0
17831,178.3099999999828,0.0
17832,178.3199999999828,0.0
17833,178.3299999999828,0.0
17834,178.33999999998278,0.0
17835,178.34999999998277,0.0
17836,178.35999999998276,0.0
17837,178.36999999998275,0.0
17838,178.37999999998274,0.0
17839,178.38999999998273,0.0
17840,178.39999999998273,0.0
17841,178.40999999998272,0.0
17842,178.4199999999827,0.0
17843,178.4299999999827,0.0
17844,178.4399999999827,0.0
17845,178.44999999998268,0.0
17846,178.45999999998267,0.0
17847,178.46999999998266,0.0
17848,178.47999999998265,0.0
17849,178.48999999998264,0.0
17850,178.49999999998263,0.0
17851,178.50999999998263,0.0
17852,178.51999999998262,0.0
17853,178.5299999999826,0.0
17854,178.5399999999826,0.0
17855,178.5499999999826,0.0
17856,178.55999999998258,0.0
17857,178.56999999998257,0.0
17858,178.57999999998256,0.0
17859,178.58999999998255,0.0
17860,178.59999999998254,0.0
17861,178.60999999998253,0.0
17862,178.61999999998253,0.0
17863,178.62999999998252,0.0
17864,178.6399999999825,0.0
17865,178.6499999999825,0.0
17866,178.6599999999825,0.0
17867,178.66999999998248,0.0
17868,178.67999999998247,0.0
17869,178.68999999998246,0.0
17870,178.69999999998245,0.0
17871,178.70999999998244,0.0
17872,178.71999999998243,0.0
17873,178.72999999998243,0.0
17874,178.73999999998242,0.0
17875,178.7499999999824,0.0
17876,178.7599999999824,0.0
17877,178.7699999999824,0.0
17878,178.77999999998238,0.0
17879,178.78999999998237,0.0
17880,178.79999999998236,0.0
17881,178.80999999998235,0.0
17882,178.81999999998234,0.0
17883,178.82999999998233,0.0
17884,178.83999999998233,0.0
17885,178.84999999998232,0.0
17886,178.8599999999823,0.0
17887,178.8699999999823,0.0
17888,178.8799999999823,0.0
17889,178.88999999998228,0.0
17890,178.89999999998227,0.0
17891,178.90999999998226,0.0
17892,178.91999999998225,0.0
17893,178.92999999998224,0.0
17894,178.93999999998223,0.0
17895,178.94999999998223,0.0
17896,178.95999999998222,0.0
17897,178.9699999999822,0.0
17898,178.9799999999822,0.0
17899,178.9899999999822,0.0
17900,178.99999999998218,0.0
17901,179.00999999998217,0.0
17902,179.01999999998216,0.0
17903,179.02999999998215,0.0
17904,179.03999999998214,0.0
17905,179.04999999998213,0.0
17906,179.05999999998213,0.0
17907,179.06999999998212,0.0
17908,179.0799999999821,0.0
17909,179.0899999999821,0.0
17910,179.0999999999821,0.0
17911,179.10999999998208,0.0
17912,179.11999999998207,0.0
17913,179.12999999998206,0.0
17914,179.13999999998205,0.0
17915,179.14999999998204,0.0
17916,179.15999999998203,0.0
17917,179.16999999998202,0.0
17918,179.17999999998202,0.0
17919,179.189999999982,0.0
17920,179.199999999982,0.0
17921,179.209999999982,0.0
17922,179.21999999998198,0.0
17923,179.22999999998197,0.0
17924,179.23999999998196,0.0
17925,179.24999999998195,0.0
17926,179.25999999998194,0.0
17927,179.26999999998193,0.0
17928,179.27999999998192,0.0
17929,179.28999999998192,0.0
17930,179.2999999999819,0.0
17931,179.3099999999819,0.0
17932,179.3199999999819,0.0
17933,179.32999999998188,0.0
17934,179.33999999998187,0.0
17935,179.34999999998186,0.0
17936,179.35999999998185,0.0
17937,179.36999999998184,0.0
17938,179.37999999998183,0.0
17939,179.38999999998182,0.0
17940,179.39999999998182,0.0
17941,179.4099999999818,0.0
17942,179.4199999999818,0.0
17943,179.4299999999818,0.0
17944,179.43999999998178,0.0
17945,179.44999999998177,0.0
17946,179.45999999998176,0.0
17947,179.46999999998175,0.0
17948,179.47999999998174,0.0
17949,179.48999999998173,0.0
17950,179.49999999998172,0.0
17951,179.50999999998172,0.0
17952,179.5199999999817,0.0
17953,179.5299999999817,0.0
17954,179.5399999999817,0.0
17955,179.54999999998168,0.0
17956,179.55999999998167,0.0
17957,179.56999999998166,0.0
17958,179.57999999998165,0.0
17959,179.58999999998164,0.0
17960,179.59999999998163,0.0
17961,179.60999999998162,0.0
17962,179.61999999998162,0.0
17963,179.6299999999816,0.0
17964,179.6399999999816,0.0
17965,179.6499999999816,0.0
17966,179.65999999998158,0.0
17967,179.66999999998157,0.0
17968,179.67999999998156,0.0
17969,179.68999999998155,0.0
17970,179.69999999998154,0.0
17971,179.70999999998153,0.0
17972,179.71999999998152,0.0
17973,179.72999999998152,0.0
17974,179.7399999999815,0.0
17975,179.7499999999815,0.0
17976,179.7599999999815,0.0
17977,179.76999999998148,0.0
17978,179.77999999998147,0.0
17979,179.78999999998146,0.0
17980,179.79999999998145,0.0
17981,179.80999999998144,0.0
17982,179.81999999998143,0.0
17983,179.82999999998142,0.0
17984,179.83999999998142,0.0
17985,179.8499999999814,0.0
17986,179.8599999999814,0.0
17987,179.8699999999814,0.0
17988,179.87999999998138,0.0
17989,179.88999999998137,0.0
17990,179.89999999998136,0.0
17991,179.90999999998135,0.0
17992,179.91999999998134,0.0
17993,179.92999999998133,0.0
17994,179.93999999998132,0.0
17995,179.94999999998132,0.0
17996,179.9599999999813,0.0
17997,179.9699999999813,0.0
17998,179.9799999999813,0.0
17999,179.98999999998128,0.0
18000,179.99999999998127,0.0
18001,180.00999999998126,0.0
18002,180.01999999998125,0.0
18003,180.02999999998124,0.0
18004,180.03999999998123,0.0
18005,180.04999999998122,0.0
18006,180.05999999998122,0.0
18007,180.0699999999812,0.0
18008,180.0799999999812,0.0
18009,180.0899999999812,0.0
18010,180.09999999998118,0.0
18011,180.10999999998117,0.0
18012,180.11999999998116,0.0
18013,180.12999999998115,0.0
18014,180.13999999998114,0.0
18015,180.14999999998113,0.0
18016,180.15999999998112,0.0
18017,180.16999999998112,0.0
18018,180.1799999999811,0.0
18019,180.1899999999811,0.0
18020,180.1999999999811,0.0
18021,180.20999999998108,0.0
18022,180.21999999998107,0.0
18023,180.22999999998106,0.0
18024,180.23999999998105,0.0
18025,180.24999999998104,0.0
18026,180.25999999998103,0.0
18027,180.26999999998102,0.0
18028,180.27999999998102,0.0
18029,180.289999999981,0.0
18030,180.299999999981,0.0
18031,180.309999999981,0.0
18032,180.31999999998098,0.0
18033,180.32999999998097,0.0
18034,180.33999999998096,0.0
18035,180.34999999998095,0.0
18036,180.35999999998094,0.0
18037,180.36999999998093,0.0
18038,180.37999999998092,0.0
18039,180.38999999998092,0.0
18040,180.3999999999809,0.0
18041,180.4099999999809,0.0
18042,180.4199999999809,0.0
18043,180.42999999998088,0.0
18044,180.43999999998087,0.0
18045,180.44999999998086,0.0
18046,180.45999999998085,0.0
18047,180.46999999998084,0.0
18048,180.47999999998083,0.0
18049,180.48999999998082,0.0
18050,180.49999999998082,0.0
18051,180.5099999999808,0.0
18052,180.5199999999808,0.0
18053,180.5299999999808,0.0
18054,180.53999999998078,0.0
18055,180.54999999998077,0.0
18056,180.55999999998076,0.0
18057,180.56999999998075,0.0
18058,180.57999999998074,0.0
18059,180.58999999998073,0.0
18060,180.59999999998072,0.0
18061,180.60999999998072,0.0
18062,180.6199999999807,0.0
18063,180.6299999999807,0.0
18064,180.6399999999807,0.0
18065,180.64999999998068,0.0
18066,180.65999999998067,0.0
18067,180.66999999998066,0.0
18068,180.67999999998065,0.0
18069,180.68999999998064,0.0
18070,180.69999999998063,0.0
18071,180.70999999998062,0.0
18072,180.71999999998062,0.0
18073,180.7299999999806,0.0
18074,180.7399999999806,0.0
18075,180.7499999999806,0.0
18076,180.75999999998058,0.0
18077,180.76999999998057,0.0
18078,180.77999999998056,0.0
18079,180.78999999998055,0.0
18080,180.79999999998054,0.0
18081,180.80999999998053,0.0
18082,180.81999999998052,0.0
18083,180.82999999998052,0.0
18084,180.8399999999805,0.0
18085,180.8499999999805,0.0
18086,180.8599999999805,0.0
18087,180.86999999998048,0.0
18088,180.87999999998047,0.0
18089,180.88999999998046,0.0
18090,180.89999999998045,0.0
18091,180.90999999998044,0.0
18092,180.91999999998043,0.0
18093,180.92999999998042,0.0
18094,180.93999999998042,0.0
18095,180.9499999999804,0.0
18096,180.9599999999804,0.0
18097,180.9699999999804,0.0
18098,180.97999999998038,0.0
18099,180.98999999998037,0.0
18100,180.99999999998036,0.0
18101,181.00999999998035,0.0
18102,181.01999999998034,0.0
18103,181.02999999998033,0.0
18104,181.03999999998032,0.0
18105,181.04999999998032,0.0
18106,181.0599999999803,0.0
18107,181.0699999999803,0.0
18108,181.0799999999803,0.0
18109,181.08999999998028,0.0
18110,181.09999999998027,0.0
18111,181.10999999998026,0.0
18112,181.11999999998025,0.0
18113,181.12999999998024,0.0
18114,181.13999999998023,0.0
18115,181.14999999998022,0.0
18116,181.15999999998022,0.0
18117,181.1699999999802,0.0
18118,181.1799999999802,0.0
18119,181.1899999999802,0.0
18120,181.19999999998018,0.0
18121,181.20999999998017,0.0
18122,181.21999999998016,0.0
18123,181.22999999998015,0.0
18124,181.23999999998014,0.0
18125,181.24999999998013,0.0
18126,181.25999999998012,0.0
18127,181.26999999998012,0.0
18128,181.2799999999801,0.0
18129,181.2899999999801,0.0
18130,181.2999999999801,0.0
18131,181.30999999998008,0.0
18132,181.31999999998007,0.0
18133,181.32999999998006,0.0
18134,181.33999999998005,0.0
18135,181.34999999998004,0.0
18136,181.35999999998003,0.0
18137,181.36999999998002,0.0
18138,181.37999999998001,0.0
18139,181.38999999998,0.0
18140,181.39999999998,0.0
18141,181.40999999998,0.0
18142,181.41999999997998,0.0
18143,181.42999999997997,0.0
18144,181.43999999997996,0.0
18145,181.44999999997995,0.0
18146,181.45999999997994,0.0
18147,181.46999999997993,0.0
18148,181.47999999997992,0.0
18149,181.48999999997991,0.0
18150,181.4999999999799,0.0
18151,181.5099999999799,0.0
18152,181.5199999999799,0.0
18153,181.52999999997988,0.0
18154,181.53999999997987,0.0
18155,181.54999999997986,0.0
18156,181.55999999997985,0.0
18157,181.56999999997984,0.0
18158,181.57999999997983,0.0
18159,181.58999999997982,0.0
18160,181.59999999997981,0.0
18161,181.6099999999798,0.0
18162,181.6199999999798,0.0
18163,181.6299999999798,0.0
18164,181.63999999997978,0.0
18165,181.64999999997977,0.0
18166,181.65999999997976,0.0
18167,181.66999999997975,0.0
18168,181.67999999997974,0.0
18169,181.68999999997973,0.0
18170,181.69999999997972,0.0
18171,181.70999999997971,0.0
18172,181.7199999999797,0.0
18173,181.7299999999797,0.0
18174,181.7399999999797,0.0
18175,181.74999999997968,0.0
18176,181.75999999997967,0.0
18177,181.76999999997966,0.0
18178,181.77999999997965,0.0
18179,181.78999999997964,0.0
18180,181.79999999997963,0.0
18181,181.80999999997962,0.0
18182,181.81999999997961,0.0
18183,181.8299999999796,0.0
18184,181.8399999999796,0.0
18185,181.8499999999796,0.0
18186,181.85999999997958,0.0
18187,181.86999999997957,0.0
18188,181.87999999997956,0.0
18189,181.88999999997955,0.0
18190,181.89999999997954,0.0
18191,181.90999999997953,0.0
18192,181.91999999997952,0.0
18193,181.92999999997951,0.0
18194,181.9399999999795,0.0
18195,181.9499999999795,0.0
18196,181.9599999999795,0.0
18197,181.96999999997948,0.0
18198,181.97999999997947,0.0
18199,181.98999999997946,0.0
18200,181.99999999997945,0.0
18201,182.00999999997944,0.0
18202,182.01999999997943,0.0
18203,182.02999999997942,0.0
18204,182.03999999997941,0.0
18205,182.0499999999794,0.0
18206,182.0599999999794,0.0
18207,182.0699999999794,0.0
18208,182.07999999997938,0.0
18209,182.08999999997937,0.0
18210,182.09999999997936,0.0
18211,182.10999999997935,0.0
18212,182.11999999997934,0.0
18213,182.12999999997933,0.0
18214,182.13999999997932,0.0
18215,182.14999999997931,0.0
18216,182.1599999999793,0.0
18217,182.1699999999793,0.0
18218,182.1799999999793,0.0
18219,182.18999999997928,0.0
18220,182.19999999997927,0.0
18221,182.20999999997926,0.0
18222,182.21999999997925,0.0
18223,182.22999999997924,0.0
18224,182.23999999997923,0.0
18225,182.24999999997922,0.0
18226,182.25999999997921,0.0
18227,182.2699999999792,0.0
18228,182.2799999999792,0.0
18229,182.2899999999792,0.0
18230,182.29999999997918,0.0
18231,182.30999999997917,0.0
18232,182.31999999997916,0.0
