,sojourn_time,cdf
0,0.0,2.220446049250313e-16
1,0.01,0.0026373102730824494
2,0.02,0.005270172617906521
3,0.03,0.007898566524618289
4,0.04,0.01052247191331146
5,0.05,0.013141869128204697
6,0.060000000000000005,0.01575673893189289
7,0.07,0.018367062499683895
8,0.08,0.02097282141400658
9,0.09,0.02357399765889856
10,0.09999999999999999,0.026170573614566872
11,0.10999999999999999,0.028762532052025502
12,0.11999999999999998,0.03134985612780128
13,0.12999999999999998,0.03393252937871938
14,0.13999999999999999,0.036510535716748116
15,0.15,0.039083859423928
16,0.16,0.04165248514735542
17,0.17,0.04421639789424403
18,0.18000000000000002,0.04677558302704721
19,0.19000000000000003,0.04933002625865246
20,0.20000000000000004,0.05187971364763322
21,0.21000000000000005,0.054424631593569806
22,0.22000000000000006,0.056964766832431124
23,0.23000000000000007,0.05950010643202153
24,0.24000000000000007,0.06203063778748419
25,0.25000000000000006,0.06455634861686799
26,0.26000000000000006,0.067077226956754
27,0.2700000000000001,0.06959326115793973
28,0.2800000000000001,0.07210443988118043
29,0.2900000000000001,0.07461075209298917
30,0.3000000000000001,0.0771121870614907
31,0.3100000000000001,0.07960873435233407
32,0.3200000000000001,0.08210038382465612
33,0.3300000000000001,0.08458712562710047
34,0.34000000000000014,0.08706895019389105
35,0.35000000000000014,0.08954584824095357
36,0.36000000000000015,0.09201781076209303
37,0.37000000000000016,0.0944848290252217
38,0.38000000000000017,0.09694689456863159
39,0.3900000000000002,0.09940399919732323
40,0.4000000000000002,0.10185613497937962
41,0.4100000000000002,0.10430329424238849
42,0.4200000000000002,0.10674546956991182
43,0.4300000000000002,0.10918265379800252
44,0.4400000000000002,0.11161484001176669
45,0.45000000000000023,0.1140420215419704
46,0.46000000000000024,0.11646419196169433
47,0.47000000000000025,0.11888134508302761
48,0.48000000000000026,0.1212934749538076
49,0.49000000000000027,0.12370057585440364
50,0.5000000000000002,0.12610264229454282
51,0.5100000000000002,0.12849966901017318
52,0.5200000000000002,0.13089165096037458
53,0.5300000000000002,0.13327858332430365
54,0.5400000000000003,0.13566046149818323
55,0.5500000000000003,0.13803728109233004
56,0.5600000000000003,0.14040903792821846
57,0.5700000000000003,0.1427757280355869
58,0.5800000000000003,0.14513734764957842
59,0.5900000000000003,0.14749389320792128
60,0.6000000000000003,0.14984536134814253
61,0.6100000000000003,0.15219174890482134
62,0.6200000000000003,0.15453305290687713
63,0.6300000000000003,0.15686927057489208
64,0.6400000000000003,0.15920039931846786
65,0.6500000000000004,0.1615264367336181
66,0.6600000000000004,0.16384738060019388
67,0.6700000000000004,0.16616322887934343
68,0.6800000000000004,0.1684739797110012
69,0.6900000000000004,0.17077963141141528
70,0.7000000000000004,0.17308018247069945
71,0.7100000000000004,0.1753756315504248
72,0.7200000000000004,0.17766597748123547
73,0.7300000000000004,0.17995121926049806
74,0.7400000000000004,0.18223135604998175
75,0.7500000000000004,0.1845063871735676
76,0.7600000000000005,0.1867763121149857
77,0.7700000000000005,0.18904113051558447
78,0.7800000000000005,0.19130084217212628
79,0.7900000000000005,0.19355544703461192
80,0.8000000000000005,0.1958049452041314
81,0.8100000000000005,0.19804933693074667
82,0.8200000000000005,0.2002886226113939
83,0.8300000000000005,0.2025228027878231
84,0.8400000000000005,0.2047518781445522
85,0.8500000000000005,0.206975849506855
86,0.8600000000000005,0.2091947178387762
87,0.8700000000000006,0.21140848424116054
88,0.8800000000000006,0.2136171499497228
89,0.8900000000000006,0.21582071633312838
90,0.9000000000000006,0.21801918489110717
91,0.9100000000000006,0.22021255725258737
92,0.9200000000000006,0.22240083517385323
93,0.9300000000000006,0.2245840205367271
94,0.9400000000000006,0.22676211534677493
95,0.9500000000000006,0.2289351217315333
96,0.9600000000000006,0.23110304193875797
97,0.9700000000000006,0.2332658783346987
98,0.9800000000000006,0.2354236334023896
99,0.9900000000000007,0.23757630973996757
100,1.0000000000000007,0.23972391005900617
101,1.0100000000000007,0.24186643718287648
102,1.0200000000000007,0.24400389404512168
103,1.0300000000000007,0.2461362836878579
104,1.0400000000000007,0.24826360926019275
105,1.0500000000000007,0.25038587401666346
106,1.0600000000000007,0.2525030813156963
107,1.0700000000000007,0.2546152346180821
108,1.0800000000000007,0.2567223374854748
109,1.0900000000000007,0.25882439357890663
110,1.1000000000000008,0.2609214066573231
111,1.1100000000000008,0.2630133805761321
112,1.1200000000000008,0.2651003192857804
113,1.1300000000000008,0.26718222683033643
114,1.1400000000000008,0.26925910734610004
115,1.1500000000000008,0.2713309650602249
116,1.1600000000000008,0.27339780428936
117,1.1700000000000008,0.2754596294383054
118,1.1800000000000008,0.2775164449986901
119,1.1900000000000008,0.2795682555476603
120,1.2000000000000008,0.2816150657465879
121,1.2100000000000009,0.2836568803397933
122,1.2200000000000009,0.285693704153286
123,1.2300000000000009,0.2877255420935184
124,1.2400000000000009,0.2897523991461567
125,1.2500000000000009,0.29177428037486774
126,1.260000000000001,0.2937911909201171
127,1.270000000000001,0.29580313599798824
128,1.280000000000001,0.29781012089901016
129,1.290000000000001,0.299812150987005
130,1.300000000000001,0.3018092316979458
131,1.310000000000001,0.3038013685388282
132,1.320000000000001,0.3057885670865623
133,1.330000000000001,0.30777083298687047
134,1.340000000000001,0.30974817195320237
135,1.350000000000001,0.3117205897656641
136,1.360000000000001,0.3136880922699594
137,1.370000000000001,0.3156506853763442
138,1.380000000000001,0.3176083750585935
139,1.390000000000001,0.3195611673529827
140,1.400000000000001,0.32150906835728066
141,1.410000000000001,0.323452084229752
142,1.420000000000001,0.32539022118817795
143,1.430000000000001,0.327323485508885
144,1.440000000000001,0.3292518835257858
145,1.450000000000001,0.33117542162943414
146,1.460000000000001,0.3330941062660876
147,1.470000000000001,0.33500794393678635
148,1.480000000000001,0.3369169411964402
149,1.490000000000001,0.33882110465292836
150,1.500000000000001,0.340720440966208
151,1.5100000000000011,0.3426149568474386
152,1.5200000000000011,0.3445046590581117
153,1.5300000000000011,0.34638955440919406
154,1.5400000000000011,0.34826964976027963
155,1.5500000000000012,0.3501449520187573
156,1.5600000000000012,0.352015468138981
157,1.5700000000000012,0.3538812051214536
158,1.5800000000000012,0.3557421700120251
159,1.5900000000000012,0.3575983699010923
160,1.6000000000000012,0.3594498119228149
161,1.6100000000000012,0.3612965032543377
162,1.6200000000000012,0.36313845111502563
163,1.6300000000000012,0.36497566276570315
164,1.6400000000000012,0.36680814550790974
165,1.6500000000000012,0.36863590668315616
166,1.6600000000000013,0.3704589536721985
167,1.6700000000000013,0.3722772938943153
168,1.6800000000000013,0.3740909348065946
169,1.6900000000000013,0.37589988390323315
170,1.7000000000000013,0.37770414871483693
171,1.7100000000000013,0.3795037368077401
172,1.7200000000000013,0.3812986557833232
173,1.7300000000000013,0.38308891327734407
174,1.7400000000000013,0.38487451695928065
175,1.7500000000000013,0.3866554745316687
176,1.7600000000000013,0.38843179372946623
177,1.7700000000000014,0.3902034823194104
178,1.7800000000000014,0.3919705480993888
179,1.7900000000000014,0.39373299889781965
180,1.8000000000000014,0.39549084257303424
181,1.8100000000000014,0.3972440870126732
182,1.8200000000000014,0.39899274013308594
183,1.8300000000000014,0.40073680987873905
184,1.8400000000000014,0.40247630422163094
185,1.8500000000000014,0.404211231160715
186,1.8600000000000014,0.40594159872132907
187,1.8700000000000014,0.40766741495463277
188,1.8800000000000014,0.4093886879370491
189,1.8900000000000015,0.411105425769717
190,1.9000000000000015,0.4128176365779467
191,1.9100000000000015,0.414525328510684
192,1.9200000000000015,0.4162285097399817
193,1.9300000000000015,0.41792718846047494
194,1.9400000000000015,0.4196213728888648
195,1.9500000000000015,0.4213110712634083
196,1.9600000000000015,0.4229962918434146
197,1.9700000000000015,0.4246770429087452
198,1.9800000000000015,0.42635333275932563
199,1.9900000000000015,0.42802516971465565
200,2.0000000000000013,0.4296925621133323
201,2.010000000000001,0.43135551831257457
202,2.020000000000001,0.4330140466877579
203,2.0300000000000007,0.43466815563194716
204,2.0400000000000005,0.4363178535554447
205,2.0500000000000003,0.4379631488853365
206,2.06,0.43960405006504844
207,2.07,0.4412405655539069
208,2.0799999999999996,0.44287270382669985
209,2.0899999999999994,0.44450047337325493
210,2.099999999999999,0.4461238826980086
211,2.109999999999999,0.4477429403195925
212,2.1199999999999988,0.4493576547704181
213,2.1299999999999986,0.45096803459626844
214,2.1399999999999983,0.4525740883558944
215,2.149999999999998,0.4541758246206171
216,2.159999999999998,0.45577325197393603
217,2.1699999999999977,0.45736637901113775
218,2.1799999999999975,0.4589552143389135
219,2.1899999999999973,0.46053976657498097
220,2.199999999999997,0.4621200443477097
221,2.209999999999997,0.4636960562957515
222,2.2199999999999966,0.4652678110676758
223,2.2299999999999964,0.46683531732160766
224,2.239999999999996,0.46839858372487486
225,2.249999999999996,0.46995761895365296
226,2.259999999999996,0.4715124316926226
227,2.2699999999999956,0.47306303063462174
228,2.2799999999999954,0.47460942448031074
229,2.289999999999995,0.47615162193783656
230,2.299999999999995,0.47768963172250345
231,2.3099999999999947,0.47922346255644654
232,2.3199999999999945,0.4807531231683101
233,2.3299999999999943,0.4822786222929296
234,2.339999999999994,0.4837999686710185
235,2.349999999999994,0.48531717104885674
236,2.3599999999999937,0.48683023817798676
237,2.3699999999999934,0.4883391788149104
238,2.3799999999999932,0.48984400172078946
239,2.389999999999993,0.49134471566115456
240,2.399999999999993,0.492841329405609
241,2.4099999999999926,0.4943338517275465
242,2.4199999999999924,0.495822291403865
243,2.429999999999992,0.4973066572146876
244,2.439999999999992,0.49878695794308414
245,2.4499999999999917,0.5002632023748017
246,2.4599999999999915,0.5017353992979936
247,2.4699999999999913,0.5032035575029514
248,2.479999999999991,0.5046676857818454
249,2.489999999999991,0.5061277929284631
250,2.4999999999999907,0.5075838877379539
251,2.5099999999999905,0.509035979006577
252,2.5199999999999902,0.5104840755314507
253,2.52999999999999,0.5119281861103071
254,2.53999999999999,0.513368319541248
255,2.5499999999999896,0.5148044846225059
256,2.5599999999999894,0.5162366901522069
257,2.569999999999989,0.5176649449281356
258,2.579999999999989,0.5190892577475055
259,2.5899999999999888,0.5205096374067303
260,2.5999999999999885,0.5219260927011997
261,2.6099999999999883,0.5233386324250571
262,2.619999999999988,0.5247472653709798
263,2.629999999999988,0.5261520003299638
264,2.6399999999999877,0.5275528460911083
265,2.6499999999999875,0.528949811441408
266,2.6599999999999873,0.5303429051655426
267,2.669999999999987,0.5317321360456717
268,2.679999999999987,0.5331175128612342
269,2.6899999999999866,0.5344990443887464
270,2.6999999999999864,0.5358767394016056
271,2.709999999999986,0.5372506066698948
272,2.719999999999986,0.5386206549601911
273,2.7299999999999858,0.5399868930353762
274,2.7399999999999856,0.5413493296544485
275,2.7499999999999853,0.5427079735723397
276,2.759999999999985,0.5440628335397315
277,2.769999999999985,0.5454139183028763
278,2.7799999999999847,0.5467612366034201
279,2.7899999999999845,0.548104797178228
280,2.7999999999999843,0.5494446087592093
281,2.809999999999984,0.55078068007315
282,2.819999999999984,0.5521130198415434
283,2.8299999999999836,0.5534416367804235
284,2.8399999999999834,0.5547665396002046
285,2.849999999999983,0.5560877370055155
286,2.859999999999983,0.557405237695044
287,2.869999999999983,0.5587190503613783
288,2.8799999999999826,0.5600291836908526
289,2.8899999999999824,0.5613356463633942
290,2.899999999999982,0.562638447052373
291,2.909999999999982,0.5639375944244531
292,2.9199999999999817,0.5652330971394461
293,2.9299999999999815,0.5665249638501662
294,2.9399999999999813,0.567813203202288
295,2.949999999999981,0.5690978238342068
296,2.959999999999981,0.5703788343768988
297,2.9699999999999807,0.5716562434537851
298,2.9799999999999804,0.5729300596805966
299,2.9899999999999802,0.5742002916652411
300,2.99999999999998,0.5754669480076734
301,3.00999999999998,0.5767300372997648
302,3.0199999999999796,0.5779895681251762
303,3.0299999999999794,0.579245549059233
304,3.039999999999979,0.5804979886688008
305,3.049999999999979,0.5817468955121632
306,3.0599999999999787,0.5829922781389036
307,3.0699999999999785,0.5842341450897833
308,3.0799999999999783,0.585472504896628
309,3.089999999999978,0.5867073660822102
310,3.099999999999978,0.5879387371601377
311,3.1099999999999777,0.5891666266347404
312,3.1199999999999775,0.5903910430009602
313,3.1299999999999772,0.5916119947442439
314,3.139999999999977,0.5928294903404341
315,3.149999999999977,0.5940435382556661
316,3.1599999999999766,0.5952541469462611
317,3.1699999999999764,0.5964613248586276
318,3.179999999999976,0.597665080429157
319,3.189999999999976,0.5988654220841276
320,3.1999999999999758,0.6000623582396039
321,3.2099999999999755,0.6012558973013413
322,3.2199999999999753,0.602446047664694
323,3.229999999999975,0.6036328177145165
324,3.239999999999975,0.6048162158250747
325,3.2499999999999747,0.6059962503599572
326,3.2599999999999745,0.6071729296719798
327,3.2699999999999743,0.6083462621031046
328,3.279999999999974,0.6095162559843501
329,3.289999999999974,0.6106829196357055
330,3.2999999999999736,0.6118462613660494
331,3.3099999999999734,0.6130062894730641
332,3.319999999999973,0.6141630122431583
333,3.329999999999973,0.6153164379513834
334,3.3399999999999728,0.6164665748613574
335,3.3499999999999726,0.6176134312251864
336,3.3599999999999723,0.6187570152833898
337,3.369999999999972,0.619897335264823
338,3.379999999999972,0.6210343993866068
339,3.3899999999999717,0.622168215854052
340,3.3999999999999715,0.6232987928605893
341,3.4099999999999713,0.6244261385877008
342,3.419999999999971,0.6255502612048485
343,3.429999999999971,0.6266711688694078
344,3.4399999999999706,0.6277888697266008
345,3.4499999999999704,0.6289033719094306
346,3.45999999999997,0.6300146835386156
347,3.46999999999997,0.63112281272253
348,3.47999999999997,0.632227767557137
349,3.4899999999999696,0.6333295561259302
350,3.4999999999999694,0.6344281864998733
351,3.509999999999969,0.635523666737341
352,3.519999999999969,0.6366160048840583
353,3.5299999999999687,0.6377052089730492
354,3.5399999999999685,0.6387912870245751
355,3.5499999999999683,0.6398742470460832
356,3.559999999999968,0.6409540970321509
357,3.569999999999968,0.6420308449644341
358,3.5799999999999677,0.6431044988116135
359,3.5899999999999674,0.6441750665293451
360,3.5999999999999672,0.6452425560602092
361,3.609999999999967,0.6463069753336617
362,3.619999999999967,0.6473683322659847
363,3.6299999999999666,0.6484266347602423
364,3.6399999999999664,0.6494818907062293
365,3.649999999999966,0.6505341079804301
366,3.659999999999966,0.6515832944459712
367,3.6699999999999657,0.6526294579525801
368,3.6799999999999655,0.6536726063365385
369,3.6899999999999653,0.6547127474206446
370,3.699999999999965,0.6557498890141686
371,3.709999999999965,0.6567840389128146
372,3.7199999999999647,0.6578152048986794
373,3.7299999999999645,0.6588433947402144
374,3.7399999999999642,0.6598686161921883
375,3.749999999999964,0.6608908769956494
376,3.759999999999964,0.6619101848778881
377,3.7699999999999636,0.6629265475524055
378,3.7799999999999634,0.6639399727188728
379,3.789999999999963,0.6649504680631022
380,3.799999999999963,0.6659580412570101
381,3.8099999999999627,0.6669626999585883
382,3.8199999999999625,0.6679644518118687
383,3.8299999999999623,0.6689633044468946
384,3.839999999999962,0.6699592654796893
385,3.849999999999962,0.6709523425122272
386,3.8599999999999617,0.6719425431324049
387,3.8699999999999615,0.6729298749140114
388,3.8799999999999613,0.6739143454167039
389,3.889999999999961,0.6748959621859778
390,3.899999999999961,0.675874732753142
391,3.9099999999999606,0.6768506646352936
392,3.9199999999999604,0.677823765335293
393,3.92999999999996,0.6787940423417393
394,3.93999999999996,0.6797615031289473
395,3.9499999999999598,0.6807261551569243
396,3.9599999999999596,0.6816880058713485
397,3.9699999999999593,0.6826470627035459
398,3.979999999999959,0.6836033330704714
399,3.989999999999959,0.6845568243746878
400,3.9999999999999587,0.6855075440043437
401,4.009999999999959,0.686455499333158
402,4.019999999999959,0.6874006977203988
403,4.0299999999999585,0.6883431465108669
404,4.039999999999958,0.6892828530348769
405,4.049999999999958,0.6902198246082405
406,4.059999999999958,0.6911540685322524
407,4.069999999999958,0.6920855920936719
408,4.079999999999957,0.6930144025647085
409,4.089999999999957,0.6939405072030087
410,4.099999999999957,0.6948639132516392
411,4.109999999999957,0.6957846279390756
412,4.119999999999957,0.6967026584791882
413,4.129999999999956,0.6976180120712308
414,4.139999999999956,0.6985306958998261
415,4.149999999999956,0.6994407171349566
416,4.159999999999956,0.7003480829319528
417,4.1699999999999555,0.7012528004314824
418,4.179999999999955,0.70215487675954
419,4.189999999999955,0.7030543190274396
420,4.199999999999955,0.7039511343318023
421,4.209999999999955,0.7048453297545496
422,4.2199999999999545,0.7057369123628949
423,4.229999999999954,0.7066258892093373
424,4.239999999999954,0.7075122673316516
425,4.249999999999954,0.7083960537528831
426,4.259999999999954,0.7092772554813418
427,4.269999999999953,0.7101558795105944
428,4.279999999999953,0.7110319328194623
429,4.289999999999953,0.7119054223720129
430,4.299999999999953,0.7127763551175573
431,4.3099999999999525,0.7136447379906459
432,4.319999999999952,0.7145105779110628
433,4.329999999999952,0.715373881783826
434,4.339999999999952,0.7162346564991802
435,4.349999999999952,0.7170929089325979
436,4.3599999999999515,0.7179486459447755
437,4.369999999999951,0.718801874381631
438,4.379999999999951,0.7196526010743043
439,4.389999999999951,0.7205008328391547
440,4.399999999999951,0.7213465764777611
441,4.40999999999995,0.722189838776922
442,4.41999999999995,0.7230306265086552
443,4.42999999999995,0.7238689464301972
444,4.43999999999995,0.7247048052840059
445,4.4499999999999496,0.7255382097977618
446,4.459999999999949,0.7263691666843677
447,4.469999999999949,0.7271976826419521
448,4.479999999999949,0.7280237643538711
449,4.489999999999949,0.7288474184887105
450,4.4999999999999485,0.7296686517002899
451,4.509999999999948,0.7304874706276648
452,4.519999999999948,0.7313038818951311
453,4.529999999999948,0.7321178921122272
454,4.539999999999948,0.7329295078737412
455,4.549999999999947,0.7337387357597123
456,4.559999999999947,0.7345455823354377
457,4.569999999999947,0.7353500541514769
458,4.579999999999947,0.7361521577436578
459,4.589999999999947,0.7369518996330819
460,4.599999999999946,0.7377492863261297
461,4.609999999999946,0.7385443243144689
462,4.619999999999946,0.7393370200750591
463,4.629999999999946,0.7401273800701593
464,4.6399999999999455,0.7409154107473367
465,4.649999999999945,0.7417011185394715
466,4.659999999999945,0.7424845098647661
467,4.669999999999945,0.7432655911267532
468,4.679999999999945,0.7440443687143043
469,4.689999999999944,0.7448208490016361
470,4.699999999999944,0.7455950383483227
471,4.709999999999944,0.7463669430993026
472,4.719999999999944,0.7471365695848876
473,4.729999999999944,0.7479039241207732
474,4.739999999999943,0.7486690130080489
475,4.749999999999943,0.7494318425332078
476,4.759999999999943,0.7501924189681556
477,4.769999999999943,0.7509507485702236
478,4.7799999999999425,0.7517068375821777
479,4.789999999999942,0.7524606922322294
480,4.799999999999942,0.7532123187340484
481,4.809999999999942,0.7539617232867725
482,4.819999999999942,0.7547089120750204
483,4.8299999999999415,0.7554538912689028
484,4.839999999999941,0.7561966670240354
485,4.849999999999941,0.7569372454815503
486,4.859999999999941,0.7576756327681089
487,4.869999999999941,0.7584118349959152
488,4.87999999999994,0.7591458582627285
489,4.88999999999994,0.7598777086518754
490,4.89999999999994,0.7606073922322647
491,4.90999999999994,0.7613349150584007
492,4.9199999999999395,0.7620602831703964
493,4.929999999999939,0.7627835025939878
494,4.939999999999939,0.7635045793405479
495,4.949999999999939,0.7642235194071008
496,4.959999999999939,0.7649403287763374
497,4.9699999999999385,0.7656550134166284
498,4.979999999999938,0.7663675792820408
499,4.989999999999938,0.7670780323123514
500,4.999999999999938,0.7677863784330634
501,5.009999999999938,0.7684926235554208
502,5.019999999999937,0.7691967735764248
503,5.029999999999937,0.7698988343788491
504,5.039999999999937,0.7705988118312559
505,5.049999999999937,0.7712967117880114
506,5.0599999999999365,0.7719925400893032
507,5.069999999999936,0.7726863025611561
508,5.079999999999936,0.7733780050154484
509,5.089999999999936,0.7740676532499292
510,5.099999999999936,0.7747552530482347
511,5.1099999999999355,0.7754408101799052
512,5.119999999999935,0.7761243304004031
513,5.129999999999935,0.7768058194511289
514,5.139999999999935,0.7774852830594401
515,5.149999999999935,0.7781627269386675
516,5.159999999999934,0.7788381567881338
517,5.169999999999934,0.7795115782931712
518,5.179999999999934,0.780182997125139
519,5.189999999999934,0.7808524189414424
520,5.199999999999934,0.7815198493855509
521,5.209999999999933,0.7821852940870152
522,5.219999999999933,0.7828487586614878
523,5.229999999999933,0.7835102487107405
524,5.239999999999933,0.7841697698226828
525,5.2499999999999325,0.7848273275713822
526,5.259999999999932,0.7854829275170816
527,5.269999999999932,0.7861365752062198
528,5.279999999999932,0.7867882761714498
529,5.289999999999932,0.7874380359316591
530,5.299999999999931,0.7880858599919878
531,5.309999999999931,0.7887317538438495
532,5.319999999999931,0.789375722964951
533,5.329999999999931,0.7900177728193107
534,5.339999999999931,0.7906579088572805
535,5.34999999999993,0.7912961365155642
536,5.35999999999993,0.7919324612172379
537,5.36999999999993,0.7925668883717715
538,5.37999999999993,0.7931994233750472
539,5.3899999999999295,0.7938300716093818
540,5.399999999999929,0.7944588384435453
541,5.409999999999929,0.7950857292327829
542,5.419999999999929,0.7957107493188353
543,5.429999999999929,0.7963339040299595
544,5.4399999999999284,0.7969551986809494
545,5.449999999999928,0.7975746385731574
546,5.459999999999928,0.7981922289945149
547,5.469999999999928,0.7988079752195537
548,5.479999999999928,0.7994218825094269
549,5.489999999999927,0.800033956111932
550,5.499999999999927,0.8006442012615284
551,5.509999999999927,0.8012526231793633
552,5.519999999999927,0.8018592270732903
553,5.5299999999999265,0.802464018137893
554,5.539999999999926,0.8030670015545042
555,5.549999999999926,0.8036681824912305
556,5.559999999999926,0.8042675661029723
557,5.569999999999926,0.8048651575314465
558,5.5799999999999255,0.8054609619052082
559,5.589999999999925,0.8060549843396726
560,5.599999999999925,0.8066472299371379
561,5.609999999999925,0.8072377037868068
562,5.619999999999925,0.8078264109648088
563,5.629999999999924,0.8084133565342229
564,5.639999999999924,0.8089985455450996
565,5.649999999999924,0.8095819830344841
566,5.659999999999924,0.8101636740264375
567,5.6699999999999235,0.8107436235320605
568,5.679999999999923,0.8113218365495156
569,5.689999999999923,0.8118983180640499
570,5.699999999999923,0.8124730730480181
571,5.709999999999923,0.813046106460904
572,5.7199999999999225,0.8136174232493458
573,5.729999999999922,0.8141870283471562
574,5.739999999999922,0.8147549266753473
575,5.749999999999922,0.8153211231421533
576,5.759999999999922,0.8158856226430524
577,5.769999999999921,0.8164484300607915
578,5.779999999999921,0.817009550265408
579,5.789999999999921,0.8175689881142542
580,5.799999999999921,0.8181267484520192
581,5.809999999999921,0.8186828361107532
582,5.81999999999992,0.8192372559098908
583,5.82999999999992,0.8197900126562735
584,5.83999999999992,0.8203411111441737
585,5.84999999999992,0.8208905561553188
586,5.8599999999999195,0.8214383524589128
587,5.869999999999919,0.8219845048116621
588,5.879999999999919,0.8225290179577969
589,5.889999999999919,0.8230718966290967
590,5.899999999999919,0.8236131455449123
591,5.909999999999918,0.8241527694121904
592,5.919999999999918,0.8246907729254973
593,5.929999999999918,0.825227160767042
594,5.939999999999918,0.8257619376067006
595,5.949999999999918,0.8262951081020393
596,5.959999999999917,0.8268266768983393
597,5.969999999999917,0.8273566486286198
598,5.979999999999917,0.8278850279136616
599,5.989999999999917,0.828411819362032
600,5.9999999999999165,0.8289370275701081
601,6.009999999999916,0.8294606571221004
602,6.019999999999916,0.8299827125900776
603,6.029999999999916,0.8305031985339899
604,6.039999999999916,0.8310221195016931
605,6.0499999999999154,0.8315394800289734
606,6.059999999999915,0.8320552846395696
607,6.069999999999915,0.8325695378451995
608,6.079999999999915,0.8330822441455822
609,6.089999999999915,0.8335934080284629
610,6.099999999999914,0.8341030339696374
611,6.109999999999914,0.8346111264329751
612,6.119999999999914,0.8351176898704445
613,6.129999999999914,0.8356227287221358
614,6.1399999999999135,0.8361262474162869
615,6.149999999999913,0.836628250369306
616,6.159999999999913,0.8371287419857971
617,6.169999999999913,0.837627726658583
618,6.179999999999913,0.8381252087687301
619,6.1899999999999125,0.8386211926855727
620,6.199999999999912,0.8391156827667381
621,6.209999999999912,0.8396086833581683
622,6.219999999999912,0.8401001987941473
623,6.229999999999912,0.8405902333973232
624,6.239999999999911,0.8410787914787334
625,6.249999999999911,0.8415658773378291
626,6.259999999999911,0.8420514952624988
627,6.269999999999911,0.8425356495290932
628,6.2799999999999105,0.8430183444024497
629,6.28999999999991,0.8434995841359161
630,6.29999999999991,0.8439793729713743
631,6.30999999999991,0.8444577151392669
632,6.31999999999991,0.8449346148586195
633,6.3299999999999095,0.8454100763370653
634,6.339999999999909,0.8458841037708703
635,6.349999999999909,0.8463567013449567
636,6.359999999999909,0.8468278732329275
637,6.369999999999909,0.8472976235970912
638,6.379999999999908,0.8477659565884854
639,6.389999999999908,0.8482328763469024
640,6.399999999999908,0.8486983870009113
641,6.409999999999908,0.8491624926678847
642,6.419999999999908,0.8496251974540218
643,6.429999999999907,0.8500865054543727
644,6.439999999999907,0.8505464207528629
645,6.449999999999907,0.851004947422317
646,6.459999999999907,0.8514620895244851
647,6.4699999999999065,0.8519178511100638
648,6.479999999999906,0.8523722362187239
649,6.489999999999906,0.8528252488791311
650,6.499999999999906,0.853276893108974
651,6.509999999999906,0.853727172914985
652,6.519999999999905,0.8541760922929675
653,6.529999999999905,0.8546236552278176
654,6.539999999999905,0.8550698656935496
655,6.549999999999905,0.8555147276533206
656,6.559999999999905,0.8559582450594537
657,6.569999999999904,0.8564004218534628
658,6.579999999999904,0.8568412619660768
659,6.589999999999904,0.8572807693172633
660,6.599999999999904,0.8577189478162539
661,6.6099999999999035,0.8581558013615664
662,6.619999999999903,0.8585913338410308
663,6.629999999999903,0.8590255491318125
664,6.639999999999903,0.8594584511004374
665,6.649999999999903,0.8598900436028138
666,6.659999999999902,0.860320330484259
667,6.669999999999902,0.8607493155795223
668,6.679999999999902,0.861177002712809
669,6.689999999999902,0.8616033956978033
670,6.699999999999902,0.8620284983376953
671,6.709999999999901,0.8624523144252021
672,6.719999999999901,0.8628748477425938
673,6.729999999999901,0.8632961020617156
674,6.739999999999901,0.8637160811440133
675,6.7499999999999005,0.8641347887405568
676,6.7599999999999,0.8645522285920637
677,6.7699999999999,0.8649684044289233
678,6.7799999999999,0.8653833199712211
679,6.7899999999999,0.8657969789287615
680,6.7999999999998995,0.8662093850010929
681,6.809999999999899,0.8666205418775306
682,6.819999999999899,0.867030453237181
683,6.829999999999899,0.8674391227489658
684,6.839999999999899,0.8678465540716443
685,6.849999999999898,0.8682527508538394
686,6.859999999999898,0.8686577167340586
687,6.869999999999898,0.8690614553407208
688,6.879999999999898,0.8694639702921769
689,6.8899999999998975,0.8698652651967356
690,6.899999999999897,0.8702653436526868
691,6.909999999999897,0.8706642092483231
692,6.919999999999897,0.8710618655619673
693,6.929999999999897,0.8714583161619915
694,6.9399999999998965,0.8718535646068444
695,6.949999999999896,0.8722476144450727
696,6.959999999999896,0.8726404692153449
697,6.969999999999896,0.8730321324464749
698,6.979999999999896,0.8734226076574465
699,6.989999999999895,0.873811898357435
700,6.999999999999895,0.8742000080458311
701,7.009999999999895,0.8745869402122659
702,7.019999999999895,0.8749726983366319
703,7.0299999999998946,0.8753572858891079
704,7.039999999999894,0.8757407063301814
705,7.049999999999894,0.8761229631106723
706,7.059999999999894,0.8765040596717563
707,7.069999999999894,0.8768839994449873
708,7.0799999999998935,0.8772627858523222
709,7.089999999999893,0.8776404223061415
710,7.099999999999893,0.8780169122092751
711,7.109999999999893,0.8783922589550235
712,7.119999999999893,0.8787664659271822
713,7.129999999999892,0.8791395365000634
714,7.139999999999892,0.8795114740385205
715,7.149999999999892,0.8798822818979694
716,7.159999999999892,0.8802519634244125
717,7.169999999999892,0.8806205219544625
718,7.179999999999891,0.880987960815363
719,7.189999999999891,0.8813542833250133
720,7.199999999999891,0.88171949279199
721,7.209999999999891,0.8820835925155713
722,7.2199999999998905,0.8824465857857576
723,7.22999999999989,0.8828084758832965
724,7.23999999999989,0.8831692660797037
725,7.24999999999989,0.8835289596372867
726,7.25999999999989,0.8838875598091681
727,7.269999999999889,0.8842450698393054
728,7.279999999999889,0.8846014929625173
729,7.289999999999889,0.8849568324045035
730,7.299999999999889,0.8853110913818683
731,7.309999999999889,0.8856642731021432
732,7.319999999999888,0.8860163807638091
733,7.329999999999888,0.8863674175563183
734,7.339999999999888,0.886717386660118
735,7.349999999999888,0.8870662912466716
736,7.3599999999998875,0.8874141344784807
737,7.369999999999887,0.88776091950911
738,7.379999999999887,0.8881066494832058
739,7.389999999999887,0.8884513275365213
740,7.399999999999887,0.8887949567959369
741,7.4099999999998865,0.8891375403794836
742,7.419999999999886,0.8894790813963638
743,7.429999999999886,0.889819582946975
744,7.439999999999886,0.8901590481229307
745,7.449999999999886,0.8904974800070824
746,7.459999999999885,0.890834881673543
747,7.469999999999885,0.8911712561877063
748,7.479999999999885,0.8915066066062712
749,7.489999999999885,0.8918409359772629
750,7.4999999999998845,0.8921742473400539
751,7.509999999999884,0.892506543725387
752,7.519999999999884,0.8928378281553959
753,7.529999999999884,0.8931681036436289
754,7.539999999999884,0.893497373195068
755,7.5499999999998835,0.8938256398061522
756,7.559999999999883,0.8941529064647992
757,7.569999999999883,0.8944791761504267
758,7.579999999999883,0.8948044518339735
759,7.589999999999883,0.8951287364779219
760,7.599999999999882,0.8954520330363185
761,7.609999999999882,0.8957743444547952
762,7.619999999999882,0.8960956736705933
763,7.629999999999882,0.8964160236125804
764,7.6399999999998816,0.8967353972012764
765,7.649999999999881,0.8970537973488719
766,7.659999999999881,0.8973712269592498
767,7.669999999999881,0.8976876889280077
768,7.679999999999881,0.898003186142478
769,7.6899999999998805,0.8983177214817499
770,7.69999999999988,0.8986312978166898
771,7.70999999999988,0.898943918009963
772,7.71999999999988,0.8992555849160544
773,7.72999999999988,0.8995663013812896
774,7.739999999999879,0.8998760702438554
775,7.749999999999879,0.9001848943338223
776,7.759999999999879,0.9004927764731634
777,7.769999999999879,0.9007997194757769
778,7.779999999999879,0.9011057261475057
779,7.789999999999878,0.9014107992861593
780,7.799999999999878,0.9017149416815335
781,7.809999999999878,0.902018156115432
782,7.819999999999878,0.9023204453616871
783,7.8299999999998775,0.9026218121861791
784,7.839999999999877,0.9029222593468583
785,7.849999999999877,0.9032217895937652
786,7.859999999999877,0.9035204056690508
787,7.869999999999877,0.9038181103069968
788,7.879999999999876,0.9041149062340372
789,7.889999999999876,0.9044107961687773
790,7.899999999999876,0.904705782822015
791,7.909999999999876,0.9049998688967611
792,7.919999999999876,0.9052930570882594
793,7.929999999999875,0.9055853500840065
794,7.939999999999875,0.905876750563773
795,7.949999999999875,0.9061672611996231
796,7.959999999999875,0.9064568846559345
797,7.9699999999998745,0.9067456235894196
798,7.979999999999874,0.907033480649144
799,7.989999999999874,0.9073204584765477
800,7.999999999999874,0.9076065597054652
801,8.009999999999874,0.9078917869621442
802,8.019999999999873,0.908176142865267
803,8.029999999999873,0.9084596300259695
804,8.039999999999873,0.9087422510478615
805,8.049999999999873,0.9090240085270459
806,8.059999999999873,0.9093049050521388
807,8.069999999999872,0.9095849432042898
808,8.079999999999872,0.9098641255572006
809,8.089999999999872,0.9101424546771454
810,8.099999999999872,0.9104199331229905
811,8.109999999999872,0.9106965634462134
812,8.119999999999871,0.9109723481909225
813,8.129999999999871,0.9112472898938773
814,8.139999999999871,0.9115213910845066
815,8.14999999999987,0.911794654284929
816,8.15999999999987,0.9120670820099712
817,8.16999999999987,0.912338676767189
818,8.17999999999987,0.912609441056885
819,8.18999999999987,0.9128793773721281
820,8.19999999999987,0.9131484881987736
821,8.20999999999987,0.9134167760154814
822,8.21999999999987,0.9136842432937361
823,8.229999999999869,0.9139508924978648
824,8.239999999999869,0.9142167260850579
825,8.249999999999869,0.914481746505386
826,8.259999999999868,0.9147459562018214
827,8.269999999999868,0.9150093576102544
828,8.279999999999868,0.915271953159514
829,8.289999999999868,0.9155337452713863
830,8.299999999999867,0.915794736360633
831,8.309999999999867,0.9160549288350109
832,8.319999999999867,0.91631432509529
833,8.329999999999867,0.916572927535272
834,8.339999999999867,0.91683073854181
835,8.349999999999866,0.9170877604948257
836,8.359999999999866,0.91734399576733
837,8.369999999999866,0.9175994467254391
838,8.379999999999866,0.9178541157283953
839,8.389999999999866,0.918108005128583
840,8.399999999999865,0.9183611172715505
841,8.409999999999865,0.9186134544960246
842,8.419999999999865,0.9188650191339317
843,8.429999999999865,0.9191158135104152
844,8.439999999999864,0.9193658399438538
845,8.449999999999864,0.9196151007458794
846,8.459999999999864,0.919863598221396
847,8.469999999999864,0.9201113346685968
848,8.479999999999864,0.920358312378984
849,8.489999999999863,0.9206045336373851
850,8.499999999999863,0.9208500007219718
851,8.509999999999863,0.921094715904278
852,8.519999999999863,0.9213386814492183
853,8.529999999999863,0.9215818996151037
854,8.539999999999862,0.9218243726536628
855,8.549999999999862,0.922066102810057
856,8.559999999999862,0.9223070923228989
857,8.569999999999862,0.9225473434242712
858,8.579999999999862,0.9227868583397433
859,8.589999999999861,0.923025639288389
860,8.599999999999861,0.9232636884828049
861,8.60999999999986,0.9235010081291269
862,8.61999999999986,0.9237376004270494
863,8.62999999999986,0.9239734675698406
864,8.63999999999986,0.9242086117443622
865,8.64999999999986,0.9244430351310854
866,8.65999999999986,0.9246767399041091
867,8.66999999999986,0.9249097282311769
868,8.67999999999986,0.925142002273694
869,8.68999999999986,0.9253735641867459
870,8.699999999999859,0.9256044161191137
871,8.709999999999859,0.9258345602132932
872,8.719999999999859,0.926063998605511
873,8.729999999999858,0.9262927334257419
874,8.739999999999858,0.9265207667977257
875,8.749999999999858,0.9267481008389852
876,8.759999999999858,0.9269747376608417
877,8.769999999999857,0.9272006793684335
878,8.779999999999857,0.9274259280607322
879,8.789999999999857,0.9276504858305593
880,8.799999999999857,0.9278743547646037
881,8.809999999999857,0.9280975369434378
882,8.819999999999856,0.9283200344415351
883,8.829999999999856,0.9285418493272863
884,8.839999999999856,0.9287629836630167
885,8.849999999999856,0.9289834395050017
886,8.859999999999856,0.9292032189034849
887,8.869999999999855,0.9294223239026935
888,8.879999999999855,0.9296407565408558
889,8.889999999999855,0.9298585188502169
890,8.899999999999855,0.9300756128570555
891,8.909999999999854,0.9302920405817009
892,8.919999999999854,0.9305078040385483
893,8.929999999999854,0.9307229052360761
894,8.939999999999854,0.9309373461768621
895,8.949999999999854,0.9311511288575992
896,8.959999999999853,0.931364255269112
897,8.969999999999853,0.9315767273963736
898,8.979999999999853,0.9317885472185208
899,8.989999999999853,0.9319997167088709
900,8.999999999999853,0.9322102378349375
901,9.009999999999852,0.9324201125584467
902,9.019999999999852,0.932629342835353
903,9.029999999999852,0.9328379306158557
904,9.039999999999852,0.9330458778444138
905,9.049999999999851,0.9332531864597637
906,9.059999999999851,0.9334598583949331
907,9.069999999999851,0.9336658955772582
908,9.07999999999985,0.9338712999283989
909,9.08999999999985,0.9340760733643548
910,9.09999999999985,0.9342802177954811
911,9.10999999999985,0.9344837351265033
912,9.11999999999985,0.9346866272565343
913,9.12999999999985,0.9348888960790891
914,9.13999999999985,0.9350905434821005
915,9.14999999999985,0.9352915713479347
916,9.15999999999985,0.9354919815534068
917,9.169999999999849,0.9356917759697968
918,9.179999999999849,0.9358909564628634
919,9.189999999999849,0.9360895248928616
920,9.199999999999848,0.9362874831145562
921,9.209999999999848,0.9364848329772385
922,9.219999999999848,0.9366815763247405
923,9.229999999999848,0.9368777149954504
924,9.239999999999847,0.9370732508223287
925,9.249999999999847,0.9372681856329221
926,9.259999999999847,0.9374625212493797
927,9.269999999999847,0.9376562594884665
928,9.279999999999847,0.9378494021615809
929,9.289999999999846,0.9380419510747675
930,9.299999999999846,0.9382339080287334
931,9.309999999999846,0.9384252748188624
932,9.319999999999846,0.9386160532352301
933,9.329999999999846,0.9388062450626196
934,9.339999999999845,0.9389958520805347
935,9.349999999999845,0.9391848760632162
936,9.359999999999845,0.939373318779656
937,9.369999999999845,0.9395611819936119
938,9.379999999999844,0.9397484674636222
939,9.389999999999844,0.9399351769430205
940,9.399999999999844,0.9401213121799508
941,9.409999999999844,0.9403068749173806
942,9.419999999999844,0.9404918668931173
943,9.429999999999843,0.9406762898398215
944,9.439999999999843,0.9408601454850218
945,9.449999999999843,0.9410434355511295
946,9.459999999999843,0.9412261617554523
947,9.469999999999843,0.9414083258102097
948,9.479999999999842,0.9415899294225464
949,9.489999999999842,0.9417709742945469
950,9.499999999999842,0.9419514621232505
951,9.509999999999842,0.9421313946006641
952,9.519999999999841,0.9423107734137773
953,9.529999999999841,0.942489600244577
954,9.539999999999841,0.9426678767700601
955,9.54999999999984,0.9428456046622492
956,9.55999999999984,0.9430227855882053
957,9.56999999999984,0.9431994212100425
958,9.57999999999984,0.9433755131849424
959,9.58999999999984,0.9435510631651668
960,9.59999999999984,0.9437260727980726
961,9.60999999999984,0.9439005437261258
962,9.61999999999984,0.9440744775869142
963,9.62999999999984,0.9442478760131625
964,9.639999999999839,0.9444207406327455
965,9.649999999999839,0.9445930730687015
966,9.659999999999838,0.944764874939247
967,9.669999999999838,0.944936147857789
968,9.679999999999838,0.9451068934329399
969,9.689999999999838,0.9452771132685303
970,9.699999999999838,0.9454468089636229
971,9.709999999999837,0.9456159821125262
972,9.719999999999837,0.9457846343048073
973,9.729999999999837,0.945952767125306
974,9.739999999999837,0.9461203821541482
975,9.749999999999837,0.9462874809667591
976,9.759999999999836,0.9464540651338764
977,9.769999999999836,0.9466201362215639
978,9.779999999999836,0.9467856957912251
979,9.789999999999836,0.9469507453996153
980,9.799999999999836,0.9471152865988564
981,9.809999999999835,0.9472793209364485
982,9.819999999999835,0.9474428499552845
983,9.829999999999835,0.9476058751936624
984,9.839999999999835,0.947768398185298
985,9.849999999999834,0.9479304204593396
986,9.859999999999834,0.9480919435403786
987,9.869999999999834,0.948252968948465
988,9.879999999999834,0.9484134981991184
989,9.889999999999834,0.9485735328033419
990,9.899999999999833,0.948733074267635
991,9.909999999999833,0.9488921240940058
992,9.919999999999833,0.9490506837799848
993,9.929999999999833,0.9492087548186365
994,9.939999999999833,0.9493663386985735
995,9.949999999999832,0.9495234369039678
996,9.959999999999832,0.9496800509145648
997,9.969999999999832,0.9498361822056949
998,9.979999999999832,0.9499918322482872
999,9.989999999999831,0.9501470025088806
1000,9.999999999999831,0.9503016944496382
1001,10.009999999999831,0.9504559095283581
1002,10.01999999999983,0.9506096491984872
1003,10.02999999999983,0.9507629149091328
1004,10.03999999999983,0.9509157081050754
1005,10.04999999999983,0.9510680302267811
1006,10.05999999999983,0.951219882710414
1007,10.06999999999983,0.9513712669878485
1008,10.07999999999983,0.9515221844866809
1009,10.08999999999983,0.9516726366302433
1010,10.09999999999983,0.9518226248376142
1011,10.109999999999829,0.9519721505236313
1012,10.119999999999829,0.9521212150989043
1013,10.129999999999828,0.952269819969826
1014,10.139999999999828,0.9524179665385848
1015,10.149999999999828,0.9525656562031775
1016,10.159999999999828,0.9527128903574197
1017,10.169999999999828,0.9528596703909596
1018,10.179999999999827,0.9530059976892891
1019,10.189999999999827,0.9531518736337554
1020,10.199999999999827,0.9532972996015737
1021,10.209999999999827,0.9534422769658389
1022,10.219999999999827,0.953586807095537
1023,10.229999999999826,0.9537308913555573
1024,10.239999999999826,0.9538745311067042
1025,10.249999999999826,0.9540177277057088
1026,10.259999999999826,0.9541604825052409
1027,10.269999999999825,0.9543027968539204
1028,10.279999999999825,0.954444672096329
1029,10.289999999999825,0.9545861095730223
1030,10.299999999999825,0.9547271106205404
1031,10.309999999999825,0.9548676765714206
1032,10.319999999999824,0.9550078087542087
1033,10.329999999999824,0.9551475084934696
1034,10.339999999999824,0.9552867771097999
1035,10.349999999999824,0.9554256159198391
1036,10.359999999999824,0.9555640262362803
1037,10.369999999999823,0.9557020093678826
1038,10.379999999999823,0.955839566619482
1039,10.389999999999823,0.9559766992920024
1040,10.399999999999823,0.9561134086824675
1041,10.409999999999823,0.9562496960840119
1042,10.419999999999822,0.9563855627858923
1043,10.429999999999822,0.9565210100734982
1044,10.439999999999822,0.9566560392283642
1045,10.449999999999822,0.9567906515281802
1046,10.459999999999821,0.9569248482468029
1047,10.469999999999821,0.9570586306542669
1048,10.479999999999821,0.9571920000167955
1049,10.48999999999982,0.9573249575968122
1050,10.49999999999982,0.9574575046529514
1051,10.50999999999982,0.9575896424400694
1052,10.51999999999982,0.9577213722092554
1053,10.52999999999982,0.9578526952078422
1054,10.53999999999982,0.9579836126794178
1055,10.54999999999982,0.9581141258638349
1056,10.55999999999982,0.9582442359972234
1057,10.569999999999819,0.9583739443120001
1058,10.579999999999819,0.9585032520368796
1059,10.589999999999819,0.9586321603968853
1060,10.599999999999818,0.9587606706133599
1061,10.609999999999818,0.9588887839039766
1062,10.619999999999818,0.9590165014827488
1063,10.629999999999818,0.9591438245600415
1064,10.639999999999818,0.959270754342582
1065,10.649999999999817,0.9593972920334696
1066,10.659999999999817,0.9595234388321872
1067,10.669999999999817,0.959649195934611
1068,10.679999999999817,0.9597745645330211
1069,10.689999999999817,0.9598995458161128
1070,10.699999999999816,0.9600241409690058
1071,10.709999999999816,0.9601483511732555
1072,10.719999999999816,0.9602721776068628
1073,10.729999999999816,0.960395621444285
1074,10.739999999999815,0.9605186838564456
1075,10.749999999999815,0.9606413660107448
1076,10.759999999999815,0.96076366907107
1077,10.769999999999815,0.9608855941978056
1078,10.779999999999815,0.9610071425478433
1079,10.789999999999814,0.9611283152745927
1080,10.799999999999814,0.9612491135279908
1081,10.809999999999814,0.9613695384545129
1082,10.819999999999814,0.9614895911971818
1083,10.829999999999814,0.9616092728955783
1084,10.839999999999813,0.9617285846858519
1085,10.849999999999813,0.9618475277007293
1086,10.859999999999813,0.961966103069526
1087,10.869999999999813,0.962084311918155
1088,10.879999999999812,0.9622021553691376
1089,10.889999999999812,0.9623196345416126
1090,10.899999999999812,0.9624367505513469
1091,10.909999999999812,0.9625535045107447
1092,10.919999999999812,0.9626698975288579
1093,10.929999999999811,0.9627859307113952
1094,10.939999999999811,0.9629016051607325
1095,10.949999999999811,0.9630169219759226
1096,10.95999999999981,0.9631318822527042
1097,10.96999999999981,0.9632464870835127
1098,10.97999999999981,0.9633607375574887
1099,10.98999999999981,0.9634746347604889
1100,10.99999999999981,0.9635881797750944
1101,11.00999999999981,0.9637013736806213
1102,11.01999999999981,0.9638142175531295
1103,11.02999999999981,0.963926712465433
1104,11.039999999999809,0.9640388594871089
1105,11.049999999999809,0.9641506596845066
1106,11.059999999999809,0.9642621141207585
1107,11.069999999999808,0.9643732238557874
1108,11.079999999999808,0.9644839899463179
1109,11.089999999999808,0.9645944134458848
1110,11.099999999999808,0.9647044954048425
1111,11.109999999999808,0.9648142368703744
1112,11.119999999999807,0.964923638886502
1113,11.129999999999807,0.9650327024940948
1114,11.139999999999807,0.9651414287308789
1115,11.149999999999807,0.9652498186314464
1116,11.159999999999807,0.9653578732272649
1117,11.169999999999806,0.9654655935466859
1118,11.179999999999806,0.9655729806149551
1119,11.189999999999806,0.9656800354542207
1120,11.199999999999806,0.9657867590835421
1121,11.209999999999805,0.9658931525189002
1122,11.219999999999805,0.9659992167732057
1123,11.229999999999805,0.9661049528563078
1124,11.239999999999805,0.9662103617750042
1125,11.249999999999805,0.966315444533049
1126,11.259999999999804,0.9664202021311623
1127,11.269999999999804,0.9665246355670389
1128,11.279999999999804,0.9666287458353573
1129,11.289999999999804,0.9667325339277884
1130,11.299999999999804,0.9668360008330045
1131,11.309999999999803,0.966939147536688
1132,11.319999999999803,0.9670419750215403
1133,11.329999999999803,0.9671444842672906
1134,11.339999999999803,0.9672466762507046
1135,11.349999999999802,0.967348551945593
1136,11.359999999999802,0.9674501123228206
1137,11.369999999999802,0.967551358350315
1138,11.379999999999802,0.9676522909930744
1139,11.389999999999802,0.9677529112131773
1140,11.399999999999801,0.9678532199697907
1141,11.409999999999801,0.9679532182191783
1142,11.419999999999801,0.96805290691471
1143,11.4299999999998,0.9681522870068692
1144,11.4399999999998,0.9682513594432622
1145,11.4499999999998,0.9683501251686265
1146,11.4599999999998,0.9684485851248389
1147,11.4699999999998,0.9685467402509246
1148,11.4799999999998,0.9686445914830648
1149,11.4899999999998,0.9687421397546059
1150,11.4999999999998,0.9688393859960673
1151,11.509999999999799,0.96893633113515
1152,11.519999999999799,0.9690329760967445
1153,11.529999999999799,0.96912932180294
1154,11.539999999999798,0.9692253691730317
1155,11.549999999999798,0.9693211191235297
1156,11.559999999999798,0.9694165725681667
1157,11.569999999999798,0.9695117304179067
1158,11.579999999999798,0.9696065935809531
1159,11.589999999999797,0.9697011629627565
1160,11.599999999999797,0.969795439466023
1161,11.609999999999797,0.9698894239907225
1162,11.619999999999797,0.9699831174340968
1163,11.629999999999797,0.9700765206906672
1164,11.639999999999796,0.9701696346522432
1165,11.649999999999796,0.9702624602079298
1166,11.659999999999796,0.9703549982441364
1167,11.669999999999796,0.9704472496445838
1168,11.679999999999795,0.9705392152903131
1169,11.689999999999795,0.9706308960596923
1170,11.699999999999795,0.9707222928284261
1171,11.709999999999795,0.9708134064695623
1172,11.719999999999795,0.9709042378534997
1173,11.729999999999794,0.9709947878479969
1174,11.739999999999794,0.9710850573181793
1175,11.749999999999794,0.9711750471265473
1176,11.759999999999794,0.971264758132984
1177,11.769999999999794,0.9713541911947626
1178,11.779999999999793,0.9714433471665548
1179,11.789999999999793,0.9715322269004378
1180,11.799999999999793,0.9716208312459026
1181,11.809999999999793,0.9717091610498612
1182,11.819999999999792,0.9717972171566546
1183,11.829999999999792,0.9718850004080599
1184,11.839999999999792,0.9719725116432991
1185,11.849999999999792,0.9720597516990447
1186,11.859999999999792,0.9721467214094294
1187,11.869999999999791,0.9722334216060521
1188,11.879999999999791,0.972319853117986
1189,11.889999999999791,0.9724060167717862
1190,11.89999999999979,0.972491913391497
1191,11.90999999999979,0.9725775437986593
1192,11.91999999999979,0.9726629088123183
1193,11.92999999999979,0.9727480092490304
1194,11.93999999999979,0.9728328459228712
1195,11.94999999999979,0.9729174196454424
1196,11.95999999999979,0.9730017312258795
1197,11.96999999999979,0.9730857814708587
1198,11.979999999999789,0.9731695711846047
1199,11.989999999999789,0.9732531011688975
1200,11.999999999999789,0.9733363722230803
1201,12.009999999999788,0.973419385144066
1202,12.019999999999788,0.9735021407263449
1203,12.029999999999788,0.9735846397619916
1204,12.039999999999788,0.9736668830406727
1205,12.049999999999788,0.9737488713496535
1206,12.059999999999787,0.9738306054738051
1207,12.069999999999787,0.9739120861956115
1208,12.079999999999787,0.9739933142951778
1209,12.089999999999787,0.9740742905502352
1210,12.099999999999786,0.97415501573615
1211,12.109999999999786,0.9742354906259296
1212,12.119999999999786,0.9743157159902298
1213,12.129999999999786,0.9743956925973618
1214,12.139999999999786,0.9744754212132991
1215,12.149999999999785,0.9745549026016848
1216,12.159999999999785,0.9746341375238379
1217,12.169999999999785,0.9747131267387608
1218,12.179999999999785,0.9747918710031459
1219,12.189999999999785,0.9748703710713827
1220,12.199999999999784,0.9749486276955643
1221,12.209999999999784,0.9750266416254949
1222,12.219999999999784,0.9751044136086955
1223,12.229999999999784,0.9751819443904122
1224,12.239999999999783,0.9752592347136215
1225,12.249999999999783,0.9753362853190384
1226,12.259999999999783,0.9754130969451217
1227,12.269999999999783,0.9754896703280823
1228,12.279999999999783,0.9755660062018886
1229,12.289999999999782,0.975642105298274
1230,12.299999999999782,0.9757179683467431
1231,12.309999999999782,0.9757935960745786
1232,12.319999999999782,0.9758689892068478
1233,12.329999999999782,0.9759441484664094
1234,12.339999999999781,0.9760190745739198
1235,12.349999999999781,0.97609376824784
1236,12.359999999999781,0.9761682302044419
1237,12.36999999999978,0.9762424611578148
1238,12.37999999999978,0.9763164618198722
1239,12.38999999999978,0.9763902329003581
1240,12.39999999999978,0.9764637751068537
1241,12.40999999999978,0.9765370891447831
1242,12.41999999999978,0.976610175717421
1243,12.42999999999978,0.976683035525898
1244,12.43999999999978,0.9767556692692075
1245,12.449999999999779,0.9768280776442124
1246,12.459999999999779,0.9769002613456507
1247,12.469999999999779,0.9769722210661422
1248,12.479999999999778,0.9770439574961952
1249,12.489999999999778,0.9771154713242124
1250,12.499999999999778,0.977186763236497
1251,12.509999999999778,0.9772578339172597
1252,12.519999999999778,0.9773286840486244
1253,12.529999999999777,0.9773993143106343
1254,12.539999999999777,0.9774697253812588
1255,12.549999999999777,0.9775399179363988
1256,12.559999999999777,0.977609892649894
1257,12.569999999999776,0.977679650193528
1258,12.579999999999776,0.9777491912370349
1259,12.589999999999776,0.9778185164481057
1260,12.599999999999776,0.9778876264923939
1261,12.609999999999776,0.9779565220335222
1262,12.619999999999775,0.978025203733088
1263,12.629999999999775,0.9780936722506695
1264,12.639999999999775,0.9781619282438322
1265,12.649999999999775,0.9782299723681347
1266,12.659999999999775,0.9782978052771348
1267,12.669999999999774,0.9783654276223949
1268,12.679999999999774,0.9784328400534887
1269,12.689999999999774,0.9785000432180073
1270,12.699999999999774,0.9785670377615642
1271,12.709999999999773,0.978633824327802
1272,12.719999999999773,0.978700403558398
1273,12.729999999999773,0.9787667760930705
1274,12.739999999999773,0.978832942569584
1275,12.749999999999773,0.9788989036237554
1276,12.759999999999772,0.9789646598894601
1277,12.769999999999772,0.9790302119986374
1278,12.779999999999772,0.9790955605812965
1279,12.789999999999772,0.9791607062655223
1280,12.799999999999772,0.9792256496774812
1281,12.809999999999771,0.9792903914414266
1282,12.819999999999771,0.9793549321797049
1283,12.829999999999771,0.9794192725127613
1284,12.83999999999977,0.9794834130591452
1285,12.84999999999977,0.9795473544355161
1286,12.85999999999977,0.9796110972566492
1287,12.86999999999977,0.9796746421354412
1288,12.87999999999977,0.9797379896829157
1289,12.88999999999977,0.9798011405082288
1290,12.89999999999977,0.9798640952186751
1291,12.90999999999977,0.9799268544196932
1292,12.919999999999769,0.9799894187148704
1293,12.929999999999769,0.9800517887059496
1294,12.939999999999769,0.9801139649928341
1295,12.949999999999768,0.9801759481735931
1296,12.959999999999768,0.9802377388444675
1297,12.969999999999768,0.9802993375998752
1298,12.979999999999768,0.9803607450324164
1299,12.989999999999768,0.9804219617328797
1300,12.999999999999767,0.9804829882902465
1301,13.009999999999767,0.9805438252916979
1302,13.019999999999767,0.9806044733226187
1303,13.029999999999767,0.9806649329666033
1304,13.039999999999766,0.9807252048054615
1305,13.049999999999766,0.9807852894192234
1306,13.059999999999766,0.9808451873861448
1307,13.069999999999766,0.9809048992827126
1308,13.079999999999766,0.9809644256836504
1309,13.089999999999765,0.9810237671619231
1310,13.099999999999765,0.9810829242887429
1311,13.109999999999765,0.9811418976335743
1312,13.119999999999765,0.9812006877641393
1313,13.129999999999765,0.9812592952464226
1314,13.139999999999764,0.9813177206446774
1315,13.149999999999764,0.9813759645214294
1316,13.159999999999764,0.9814340274374832
1317,13.169999999999764,0.981491909951927
1318,13.179999999999763,0.9815496126221378
1319,13.189999999999763,0.9816071360037864
1320,13.199999999999763,0.9816644806508428
1321,13.209999999999763,0.9817216471155811
1322,13.219999999999763,0.9817786359485849
1323,13.229999999999762,0.981835447698752
1324,13.239999999999762,0.9818920829132998
1325,13.249999999999762,0.98194854213777
1326,13.259999999999762,0.9820048259160344
1327,13.269999999999762,0.9820609347902991
1328,13.279999999999761,0.9821168693011095
1329,13.289999999999761,0.9821726299873564
1330,13.299999999999761,0.9822282173862797
1331,13.30999999999976,0.982283632033474
1332,13.31999999999976,0.9823388744628937
1333,13.32999999999976,0.9823939452068573
1334,13.33999999999976,0.9824488447960531
1335,13.34999999999976,0.9825035737595437
1336,13.35999999999976,0.9825581326247709
1337,13.36999999999976,0.9826125219175605
1338,13.37999999999976,0.9826667421621278
1339,13.389999999999759,0.9827207938810814
1340,13.399999999999759,0.982774677595429
1341,13.409999999999759,0.9828283938245819
1342,13.419999999999758,0.9828819430863596
1343,13.429999999999758,0.9829353258969946
1344,13.439999999999758,0.9829885427711379
1345,13.449999999999758,0.9830415942218629
1346,13.459999999999757,0.9830944807606703
1347,13.469999999999757,0.9831472028974936
1348,13.479999999999757,0.9831997611407028
1349,13.489999999999757,0.98325215599711
1350,13.499999999999757,0.9833043879719732
1351,13.509999999999756,0.983356457569002
1352,13.519999999999756,0.9834083652903616
1353,13.529999999999756,0.9834601116366773
1354,13.539999999999756,0.9835116971070401
1355,13.549999999999756,0.9835631221990103
1356,13.559999999999755,0.9836143874086227
1357,13.569999999999755,0.9836654932303909
1358,13.579999999999755,0.9837164401573123
1359,13.589999999999755,0.9837672286808722
1360,13.599999999999755,0.9838178592910487
1361,13.609999999999754,0.9838683324763173
1362,13.619999999999754,0.983918648723655
1363,13.629999999999754,0.9839688085185453
1364,13.639999999999754,0.9840188123449826
1365,13.649999999999753,0.9840686606854764
1366,13.659999999999753,0.9841183540210563
1367,13.669999999999753,0.9841678928312761
1368,13.679999999999753,0.9842172775942183
1369,13.689999999999753,0.9842665087864988
1370,13.699999999999752,0.9843155868832708
1371,13.709999999999752,0.98436451235823
1372,13.719999999999752,0.9844132856836183
1373,13.729999999999752,0.9844619073302286
1374,13.739999999999752,0.984510377767409
1375,13.749999999999751,0.9845586974630672
1376,13.759999999999751,0.9846068668836752
1377,13.76999999999975,0.9846548864942728
1378,13.77999999999975,0.984702756758473
1379,13.78999999999975,0.9847504781384652
1380,13.79999999999975,0.9847980510950208
1381,13.80999999999975,0.9848454760874965
1382,13.81999999999975,0.9848927535738384
1383,13.82999999999975,0.9849398840105876
1384,13.83999999999975,0.9849868678528828
1385,13.84999999999975,0.985033705554466
1386,13.859999999999749,0.9850803975676854
1387,13.869999999999749,0.9851269443435009
1388,13.879999999999749,0.9851733463314873
1389,13.889999999999748,0.9852196039798392
1390,13.899999999999748,0.9852657177353746
1391,13.909999999999748,0.9853116880435394
1392,13.919999999999748,0.9853575153484117
1393,13.929999999999747,0.9854032000927053
1394,13.939999999999747,0.9854487427177748
1395,13.949999999999747,0.9854941436636189
1396,13.959999999999747,0.9855394033688846
1397,13.969999999999747,0.9855845222708721
1398,13.979999999999746,0.9856295008055377
1399,13.989999999999746,0.9856743394074986
1400,13.999999999999746,0.9857190385100371
1401,14.009999999999746,0.9857635985451039
1402,14.019999999999746,0.985808019943323
1403,14.029999999999745,0.9858523031339951
1404,14.039999999999745,0.9858964485451018
1405,14.049999999999745,0.9859404566033098
1406,14.059999999999745,0.9859843277339743
1407,14.069999999999744,0.9860280623611442
1408,14.079999999999744,0.9860716609075643
1409,14.089999999999744,0.9861151237946808
1410,14.099999999999744,0.9861584514426446
1411,14.109999999999744,0.9862016442703151
1412,14.119999999999743,0.9862447026952643
1413,14.129999999999743,0.986287627133781
1414,14.139999999999743,0.986330418000874
1415,14.149999999999743,0.9863730757102765
1416,14.159999999999743,0.9864156006744501
1417,14.169999999999742,0.986457993304588
1418,14.179999999999742,0.9865002540106195
1419,14.189999999999742,0.9865423832012137
1420,14.199999999999742,0.9865843812837828
1421,14.209999999999742,0.9866262486644868
1422,14.219999999999741,0.9866679857482366
1423,14.229999999999741,0.986709592938698
1424,14.23999999999974,0.9867510706382956
1425,14.24999999999974,0.9867924192482165
1426,14.25999999999974,0.9868336391684139
1427,14.26999999999974,0.9868747307976112
1428,14.27999999999974,0.9869156945333052
1429,14.28999999999974,0.9869565307717705
1430,14.29999999999974,0.9869972399080625
1431,14.30999999999974,0.9870378223360217
1432,14.31999999999974,0.9870782784482772
1433,14.329999999999739,0.98711860863625
1434,14.339999999999739,0.9871588132901573
1435,14.349999999999739,0.9871988927990157
1436,14.359999999999738,0.9872388475506453
1437,14.369999999999738,0.9872786779316726
1438,14.379999999999738,0.9873183843275347
1439,14.389999999999738,0.9873579671224831
1440,14.399999999999737,0.9873974266995865
1441,14.409999999999737,0.9874367634407354
1442,14.419999999999737,0.9874759777266446
1443,14.429999999999737,0.9875150699368579
1444,14.439999999999737,0.9875540404497507
1445,14.449999999999736,0.987592889642534
1446,14.459999999999736,0.9876316178912582
1447,14.469999999999736,0.9876702255708159
1448,14.479999999999736,0.987708713054946
1449,14.489999999999736,0.9877470807162372
1450,14.499999999999735,0.9877853289261312
1451,14.509999999999735,0.9878234580549263
1452,14.519999999999735,0.9878614684717811
1453,14.529999999999735,0.9878993605447176
1454,14.539999999999734,0.9879371346406249
1455,14.549999999999734,0.9879747911252627
1456,14.559999999999734,0.9880123303632643
1457,14.569999999999734,0.9880497527181408
1458,14.579999999999734,0.9880870585522836
1459,14.589999999999733,0.9881242482269686
1460,14.599999999999733,0.9881613221023593
1461,14.609999999999733,0.9881982805375098
1462,14.619999999999733,0.9882351238903689
1463,14.629999999999733,0.988271852517783
1464,14.639999999999732,0.9883084667754993
1465,14.649999999999732,0.9883449670181698
1466,14.659999999999732,0.9883813535993539
1467,14.669999999999732,0.9884176268715221
1468,14.679999999999731,0.9884537871860596
1469,14.689999999999731,0.9884898348932689
1470,14.699999999999731,0.9885257703423735
1471,14.70999999999973,0.9885615938815215
1472,14.71999999999973,0.9885973058577883
1473,14.72999999999973,0.9886329066171798
1474,14.73999999999973,0.9886683965046367
1475,14.74999999999973,0.9887037758640362
1476,14.75999999999973,0.9887390450381967
1477,14.76999999999973,0.9887742043688799
1478,14.77999999999973,0.9888092541967949
1479,14.78999999999973,0.9888441948616006
1480,14.799999999999729,0.9888790267019095
1481,14.809999999999729,0.9889137500552908
1482,14.819999999999729,0.9889483652582733
1483,14.829999999999728,0.9889828726463488
1484,14.839999999999728,0.989017272553975
1485,14.849999999999728,0.9890515653145792
1486,14.859999999999728,0.9890857512605609
1487,14.869999999999727,0.9891198307232951
1488,14.879999999999727,0.9891538040331355
1489,14.889999999999727,0.9891876715194176
1490,14.899999999999727,0.9892214335104615
1491,14.909999999999727,0.9892550903335758
1492,14.919999999999726,0.9892886423150598
1493,14.929999999999726,0.9893220897802065
1494,14.939999999999726,0.9893554330533071
1495,14.949999999999726,0.989388672457652
1496,14.959999999999726,0.9894218083155358
1497,14.969999999999725,0.9894548409482589
1498,14.979999999999725,0.9894877706761309
1499,14.989999999999725,0.9895205978184745
1500,14.999999999999725,0.9895533226936271
1501,15.009999999999724,0.9895859456189449
1502,15.019999999999724,0.9896184669108053
1503,15.029999999999724,0.9896508868846104
1504,15.039999999999724,0.9896832058547893
1505,15.049999999999724,0.9897154241348017
1506,15.059999999999723,0.9897475420371403
1507,15.069999999999723,0.9897795598733343
1508,15.079999999999723,0.9898114779539521
1509,15.089999999999723,0.9898432965886039
1510,15.099999999999723,0.9898750160859454
1511,15.109999999999722,0.98990663675368
1512,15.119999999999722,0.9899381588985617
1513,15.129999999999722,0.9899695828263989
1514,15.139999999999722,0.990000908842056
1515,15.149999999999721,0.9900321372494575
1516,15.159999999999721,0.9900632683515898
1517,15.169999999999721,0.9900943024505049
1518,15.17999999999972,0.9901252398473226
1519,15.18999999999972,0.990156080842234
1520,15.19999999999972,0.990186825734504
1521,15.20999999999972,0.9902174748224739
1522,15.21999999999972,0.9902480284035644
1523,15.22999999999972,0.9902784867742787
1524,15.23999999999972,0.990308850230205
1525,15.24999999999972,0.9903391190660193
1526,15.25999999999972,0.9903692935754883
1527,15.269999999999719,0.990399374051472
1528,15.279999999999719,0.9904293607859269
1529,15.289999999999718,0.9904592540699081
1530,15.299999999999718,0.9904890541935726
1531,15.309999999999718,0.9905187614461818
1532,15.319999999999718,0.9905483761161042
1533,15.329999999999718,0.9905778984908186
1534,15.339999999999717,0.9906073288569159
1535,15.349999999999717,0.9906366675001028
1536,15.359999999999717,0.9906659147052038
1537,15.369999999999717,0.9906950707561643
1538,15.379999999999717,0.9907241359360529
1539,15.389999999999716,0.9907531105270646
1540,15.399999999999716,0.9907819948105231
1541,15.409999999999716,0.9908107890668835
1542,15.419999999999716,0.9908394935757351
1543,15.429999999999715,0.9908681086158038
1544,15.439999999999715,0.990896634464955
1545,15.449999999999715,0.9909250714001964
1546,15.459999999999715,0.9909534196976797
1547,15.469999999999715,0.9909816796327044
1548,15.479999999999714,0.99100985147972
1549,15.489999999999714,0.9910379355123278
1550,15.499999999999714,0.9910659320032849
1551,15.509999999999714,0.9910938412245054
1552,15.519999999999714,0.9911216634470643
1553,15.529999999999713,0.9911493989411989
1554,15.539999999999713,0.9911770479763121
1555,15.549999999999713,0.9912046108209747
1556,15.559999999999713,0.9912320877429276
1557,15.569999999999713,0.9912594790090853
1558,15.579999999999712,0.9912867848855376
1559,15.589999999999712,0.991314005637552
1560,15.599999999999712,0.991341141529577
1561,15.609999999999712,0.9913681928252441
1562,15.619999999999711,0.9913951597873703
1563,15.629999999999711,0.9914220426779606
1564,15.639999999999711,0.9914488417582107
1565,15.64999999999971,0.9914755572885092
1566,15.65999999999971,0.9915021895284404
1567,15.66999999999971,0.9915287387367864
1568,15.67999999999971,0.9915552051715296
1569,15.68999999999971,0.9915815890898556
1570,15.69999999999971,0.9916078907481551
1571,15.70999999999971,0.9916341104020266
1572,15.71999999999971,0.9916602483062787
1573,15.729999999999709,0.9916863047149327
1574,15.739999999999709,0.9917122798812248
1575,15.749999999999709,0.9917381740576087
1576,15.759999999999708,0.9917639874957578
1577,15.769999999999708,0.9917897204465677
1578,15.779999999999708,0.9918153731601586
1579,15.789999999999708,0.9918409458858777
1580,15.799999999999708,0.9918664388723013
1581,15.809999999999707,0.9918918523672379
1582,15.819999999999707,0.9919171866177293
1583,15.829999999999707,0.9919424418700543
1584,15.839999999999707,0.9919676183697301
1585,15.849999999999707,0.991992716361515
1586,15.859999999999706,0.9920177360894106
1587,15.869999999999706,0.9920426777966643
1588,15.879999999999706,0.9920675417257716
1589,15.889999999999706,0.9920923281184781
1590,15.899999999999705,0.9921170372157823
1591,15.909999999999705,0.9921416692579371
1592,15.919999999999705,0.992166224484453
1593,15.929999999999705,0.9921907031340998
1594,15.939999999999705,0.9922151054449092
1595,15.949999999999704,0.9922394316541766
1596,15.959999999999704,0.9922636819984638
1597,15.969999999999704,0.9922878567136013
1598,15.979999999999704,0.9923119560346898
1599,15.989999999999704,0.9923359801961036
1600,15.999999999999703,0.9923599294314918
1601,16.009999999999703,0.9923838039737809
1602,16.019999999999705,0.9924076040551774
1603,16.029999999999706,0.9924313299071693
1604,16.039999999999708,0.9924549817605288
1605,16.04999999999971,0.9924785598453144
1606,16.05999999999971,0.9925020643908729
1607,16.069999999999713,0.9925254956258417
1608,16.079999999999714,0.9925488537781513
1609,16.089999999999716,0.9925721390750266
1610,16.099999999999717,0.9925953517429904
1611,16.10999999999972,0.992618492007864
1612,16.11999999999972,0.9926415600947708
1613,16.129999999999722,0.9926645562281371
1614,16.139999999999723,0.9926874806316955
1615,16.149999999999725,0.9927103335284863
1616,16.159999999999727,0.9927331151408594
1617,16.169999999999728,0.9927558256904774
1618,16.17999999999973,0.9927784653983165
1619,16.18999999999973,0.9928010344846695
1620,16.199999999999733,0.9928235331691476
1621,16.209999999999734,0.9928459616706826
1622,16.219999999999736,0.9928683202075285
1623,16.229999999999738,0.9928906089972641
1624,16.23999999999974,0.9929128282567953
1625,16.24999999999974,0.9929349782023563
1626,16.259999999999742,0.9929570590495124
1627,16.269999999999744,0.9929790710131616
1628,16.279999999999745,0.9930010143075372
1629,16.289999999999747,0.9930228891462092
1630,16.29999999999975,0.9930446957420868
1631,16.30999999999975,0.99306643430742
1632,16.31999999999975,0.9930881050538023
1633,16.329999999999753,0.9931097081921719
1634,16.339999999999755,0.9931312439328144
1635,16.349999999999756,0.9931527124853644
1636,16.359999999999758,0.9931741140588075
1637,16.36999999999976,0.9931954488614827
1638,16.37999999999976,0.9932167171010837
1639,16.389999999999763,0.9932379189846617
1640,16.399999999999764,0.9932590547186266
1641,16.409999999999766,0.9932801245087496
1642,16.419999999999767,0.9933011285601646
1643,16.42999999999977,0.9933220670773707
1644,16.43999999999977,0.9933429402642336
1645,16.449999999999772,0.9933637483239881
1646,16.459999999999773,0.9933844914592398
1647,16.469999999999775,0.9934051698719666
1648,16.479999999999777,0.9934257837635215
1649,16.489999999999778,0.9934463333346338
1650,16.49999999999978,0.9934668187854114
1651,16.50999999999978,0.9934872403153424
1652,16.519999999999783,0.9935075981232975
1653,16.529999999999784,0.993527892407531
1654,16.539999999999786,0.993548123365684
1655,16.549999999999788,0.993568291194785
1656,16.55999999999979,0.9935883960912526
1657,16.56999999999979,0.9936084382508972
1658,16.579999999999792,0.9936284178689224
1659,16.589999999999794,0.9936483351399277
1660,16.599999999999795,0.9936681902579096
1661,16.609999999999797,0.9936879834162639
1662,16.6199999999998,0.9937077148077874
1663,16.6299999999998,0.9937273846246796
1664,16.6399999999998,0.993746993058545
1665,16.649999999999803,0.9937665403003942
1666,16.659999999999805,0.9937860265406466
1667,16.669999999999806,0.9938054519691314
1668,16.679999999999808,0.9938248167750898
1669,16.68999999999981,0.993844121147177
1670,16.69999999999981,0.9938633652734636
1671,16.709999999999813,0.9938825493414376
1672,16.719999999999814,0.9939016735380063
1673,16.729999999999816,0.9939207380494978
1674,16.739999999999817,0.9939397430616629
1675,16.74999999999982,0.9939586887596772
1676,16.75999999999982,0.9939775753281422
1677,16.769999999999822,0.9939964029510878
1678,16.779999999999824,0.9940151718119735
1679,16.789999999999825,0.9940338820936904
1680,16.799999999999827,0.994052533978563
1681,16.809999999999828,0.9940711276483505
1682,16.81999999999983,0.9940896632842494
1683,16.82999999999983,0.9941081410668945
1684,16.839999999999833,0.9941265611763608
1685,16.849999999999834,0.9941449237921652
1686,16.859999999999836,0.9941632290932685
1687,16.869999999999838,0.9941814772580768
1688,16.87999999999984,0.9941996684644433
1689,16.88999999999984,0.99421780288967
1690,16.899999999999842,0.9942358807105095
1691,16.909999999999844,0.9942539021031663
1692,16.919999999999845,0.9942718672432993
1693,16.929999999999847,0.9942897763060224
1694,16.93999999999985,0.9943076294659072
1695,16.94999999999985,0.9943254268969839
1696,16.95999999999985,0.9943431687727434
1697,16.969999999999853,0.9943608552661388
1698,16.979999999999855,0.9943784865495873
1699,16.989999999999856,0.9943960627949711
1700,16.999999999999858,0.9944135841736402
1701,17.00999999999986,0.9944310508564131
1702,17.01999999999986,0.9944484630135788
1703,17.029999999999863,0.9944658208148984
1704,17.039999999999864,0.9944831244296068
1705,17.049999999999866,0.9945003740264141
1706,17.059999999999867,0.9945175697735075
1707,17.06999999999987,0.9945347118385525
1708,17.07999999999987,0.9945518003886951
1709,17.089999999999872,0.9945688355905629
1710,17.099999999999874,0.9945858176102668
1711,17.109999999999875,0.9946027466134026
1712,17.119999999999877,0.9946196227650532
1713,17.129999999999878,0.994636446229789
1714,17.13999999999988,0.9946532171716701
1715,17.14999999999988,0.9946699357542483
1716,17.159999999999883,0.9946866021405679
1717,17.169999999999884,0.9947032164931678
1718,17.179999999999886,0.9947197789740828
1719,17.189999999999888,0.994736289744845
1720,17.19999999999989,0.9947527489664858
1721,17.20999999999989,0.9947691567995371
1722,17.219999999999892,0.9947855134040332
1723,17.229999999999894,0.9948018189395116
1724,17.239999999999895,0.9948180735650153
1725,17.249999999999897,0.994834277439094
1726,17.2599999999999,0.9948504307198057
1727,17.2699999999999,0.994866533564718
1728,17.2799999999999,0.99488258613091
1729,17.289999999999903,0.994898588574973
1730,17.299999999999905,0.9949145410530137
1731,17.309999999999906,0.9949304437206533
1732,17.319999999999908,0.9949462967330311
1733,17.32999999999991,0.9949621002448049
1734,17.33999999999991,0.9949778544101529
1735,17.349999999999913,0.9949935593827746
1736,17.359999999999914,0.9950092153158931
1737,17.369999999999916,0.9950248223622561
1738,17.379999999999917,0.9950403806741372
1739,17.38999999999992,0.995055890403338
1740,17.39999999999992,0.9950713517011885
1741,17.409999999999922,0.9950867647185501
1742,17.419999999999924,0.9951021296058151
1743,17.429999999999925,0.99511744651291
1744,17.439999999999927,0.9951327155892958
1745,17.44999999999993,0.9951479369839699
1746,17.45999999999993,0.995163110845467
1747,17.46999999999993,0.9951782373218615
1748,17.479999999999933,0.9951933165607678
1749,17.489999999999934,0.9952083487093426
1750,17.499999999999936,0.9952233339142859
1751,17.509999999999938,0.9952382723218423
1752,17.51999999999994,0.9952531640778026
1753,17.52999999999994,0.9952680093275056
1754,17.539999999999942,0.9952828082158385
1755,17.549999999999944,0.9952975608872392
1756,17.559999999999945,0.9953122674856971
1757,17.569999999999947,0.9953269281547551
1758,17.57999999999995,0.9953415430375102
1759,17.58999999999995,0.9953561122766157
1760,17.59999999999995,0.9953706360142817
1761,17.609999999999953,0.9953851143922772
1762,17.619999999999955,0.995399547551931
1763,17.629999999999956,0.9954139356341337
1764,17.639999999999958,0.995428278779338
1765,17.64999999999996,0.995442577127561
1766,17.65999999999996,0.995456830818385
1767,17.669999999999963,0.9954710399909591
1768,17.679999999999964,0.9954852047840006
1769,17.689999999999966,0.9954993253357959
1770,17.699999999999967,0.9955134017842022
1771,17.70999999999997,0.9955274342666491
1772,17.71999999999997,0.9955414229201391
1773,17.729999999999972,0.9955553678812497
1774,17.739999999999974,0.9955692692861342
1775,17.749999999999975,0.9955831272705232
1776,17.759999999999977,0.9955969419697263
1777,17.76999999999998,0.9956107135186324
1778,17.77999999999998,0.995624442051712
1779,17.78999999999998,0.9956381277030181
1780,17.799999999999983,0.9956517706061873
1781,17.809999999999985,0.9956653708944413
1782,17.819999999999986,0.9956789287005885
1783,17.829999999999988,0.9956924441570245
1784,17.83999999999999,0.9957059173957339
1785,17.84999999999999,0.9957193485482916
1786,17.859999999999992,0.9957327377458639
1787,17.869999999999994,0.9957460851192097
1788,17.879999999999995,0.9957593907986819
1789,17.889999999999997,0.9957726549142287
1790,17.9,0.9957858775953948
1791,17.91,0.9957990589713223
1792,17.92,0.9958121991707525
1793,17.930000000000003,0.9958252983220269
1794,17.940000000000005,0.9958383565530883
1795,17.950000000000006,0.9958513739914822
1796,17.960000000000008,0.995864350764358
1797,17.97000000000001,0.9958772869984701
1798,17.98000000000001,0.9958901828201794
1799,17.990000000000013,0.9959030383554541
1800,18.000000000000014,0.9959158537298715
1801,18.010000000000016,0.9959286290686185
1802,18.020000000000017,0.9959413644964932
1803,18.03000000000002,0.9959540601379063
1804,18.04000000000002,0.9959667161168819
1805,18.050000000000022,0.9959793325570588
1806,18.060000000000024,0.995991909581692
1807,18.070000000000025,0.9960044473136532
1808,18.080000000000027,0.9960169458754328
1809,18.09000000000003,0.9960294053891405
1810,18.10000000000003,0.9960418259765067
1811,18.11000000000003,0.9960542077588836
1812,18.120000000000033,0.9960665508572466
1813,18.130000000000035,0.996078855392195
1814,18.140000000000036,0.9960911214839535
1815,18.150000000000038,0.9961033492523734
1816,18.16000000000004,0.9961155388169337
1817,18.17000000000004,0.996127690296742
1818,18.180000000000042,0.9961398038105358
1819,18.190000000000044,0.996151879476684
1820,18.200000000000045,0.9961639174131874
1821,18.210000000000047,0.9961759177376803
1822,18.22000000000005,0.9961878805674315
1823,18.23000000000005,0.9961998060193453
1824,18.24000000000005,0.996211694209963
1825,18.250000000000053,0.9962235452554636
1826,18.260000000000055,0.9962353592716651
1827,18.270000000000056,0.9962471363740254
1828,18.280000000000058,0.9962588766776442
1829,18.29000000000006,0.9962705802972629
1830,18.30000000000006,0.9962822473472667
1831,18.310000000000063,0.9962938779416852
1832,18.320000000000064,0.9963054721941936
1833,18.330000000000066,0.9963170302181141
1834,18.340000000000067,0.9963285521264162
1835,18.35000000000007,0.996340038031719
1836,18.36000000000007,0.9963514880462908
1837,18.370000000000072,0.9963629022820517
1838,18.380000000000074,0.9963742808505736
1839,18.390000000000075,0.9963856238630815
1840,18.400000000000077,0.996396931430455
1841,18.41000000000008,0.996408203663229
1842,18.42000000000008,0.9964194406715948
1843,18.43000000000008,0.9964306425654011
1844,18.440000000000083,0.9964418094541553
1845,18.450000000000085,0.9964529414470243
1846,18.460000000000086,0.9964640386528358
1847,18.470000000000088,0.9964751011800791
1848,18.48000000000009,0.9964861291369064
1849,18.49000000000009,0.9964971226311334
1850,18.500000000000092,0.9965080817702411
1851,18.510000000000094,0.9965190066613759
1852,18.520000000000095,0.9965298974113516
1853,18.530000000000097,0.9965407541266496
1854,18.5400000000001,0.9965515769134201
1855,18.5500000000001,0.9965623658774839
1856,18.5600000000001,0.9965731211243325
1857,18.570000000000103,0.9965838427591291
1858,18.580000000000105,0.9965945308867105
1859,18.590000000000106,0.9966051856115873
1860,18.600000000000108,0.9966158070379451
1861,18.61000000000011,0.9966263952696456
1862,18.62000000000011,0.9966369504102277
1863,18.630000000000113,0.9966474725629084
1864,18.640000000000114,0.9966579618305836
1865,18.650000000000116,0.9966684183158293
1866,18.660000000000117,0.9966788421209026
1867,18.67000000000012,0.9966892333477426
1868,18.68000000000012,0.9966995920979715
1869,18.690000000000122,0.9967099184728954
1870,18.700000000000124,0.9967202125735055
1871,18.710000000000125,0.9967304745004788
1872,18.720000000000127,0.9967407043541793
1873,18.73000000000013,0.996750902234659
1874,18.74000000000013,0.9967610682416587
1875,18.75000000000013,0.9967712024746088
1876,18.760000000000133,0.9967813050326308
1877,18.770000000000135,0.9967913760145378
1878,18.780000000000136,0.9968014155188357
1879,18.790000000000138,0.9968114236437238
1880,18.80000000000014,0.9968214004870963
1881,18.81000000000014,0.9968313461465427
1882,18.820000000000142,0.9968412607193491
1883,18.830000000000144,0.9968511443024989
1884,18.840000000000146,0.9968609969926742
1885,18.850000000000147,0.9968708188862558
1886,18.86000000000015,0.9968806100793253
1887,18.87000000000015,0.9968903706676652
1888,18.88000000000015,0.99690010074676
1889,18.890000000000153,0.9969098004117973
1890,18.900000000000155,0.9969194697576688
1891,18.910000000000156,0.9969291088789705
1892,18.920000000000158,0.9969387178700047
1893,18.93000000000016,0.99694829682478
1894,18.94000000000016,0.9969578458370129
1895,18.950000000000163,0.996967365000128
1896,18.960000000000164,0.9969768544072595
1897,18.970000000000166,0.9969863141512517
1898,18.980000000000167,0.9969957443246604
1899,18.99000000000017,0.9970051450197532
1900,19.00000000000017,0.9970145163285107
1901,19.010000000000172,0.9970238583426273
1902,19.020000000000174,0.9970331711535122
1903,19.030000000000175,0.9970424548522901
1904,19.040000000000177,0.9970517095298026
1905,19.05000000000018,0.9970609352766081
1906,19.06000000000018,0.9970701321829837
1907,19.07000000000018,0.9970793003389252
1908,19.080000000000183,0.9970884398341487
1909,19.090000000000185,0.9970975507580913
1910,19.100000000000186,0.9971066331999114
1911,19.110000000000188,0.9971156872484902
1912,19.12000000000019,0.9971247129924324
1913,19.13000000000019,0.9971337105200668
1914,19.140000000000192,0.9971426799194477
1915,19.150000000000194,0.9971516212783551
1916,19.160000000000196,0.9971605346842959
1917,19.170000000000197,0.9971694202245047
1918,19.1800000000002,0.9971782779859448
1919,19.1900000000002,0.9971871080553086
1920,19.200000000000202,0.9971959105190191
1921,19.210000000000203,0.9972046854632302
1922,19.220000000000205,0.9972134329738273
1923,19.230000000000206,0.9972221531364291
1924,19.240000000000208,0.9972308460363876
1925,19.25000000000021,0.9972395117587891
1926,19.26000000000021,0.9972481503884553
1927,19.270000000000213,0.9972567620099436
1928,19.280000000000214,0.9972653467075487
1929,19.290000000000216,0.9972739045653026
1930,19.300000000000217,0.9972824356669757
1931,19.31000000000022,0.997290940096078
1932,19.32000000000022,0.9972994179358594
1933,19.330000000000222,0.9973078692693106
1934,19.340000000000224,0.9973162941791641
1935,19.350000000000225,0.997324692747895
1936,19.360000000000227,0.9973330650577215
1937,19.37000000000023,0.9973414111906059
1938,19.38000000000023,0.9973497312282554
1939,19.39000000000023,0.9973580252521231
1940,19.400000000000233,0.9973662933434082
1941,19.410000000000235,0.9973745355830573
1942,19.420000000000236,0.9973827520517652
1943,19.430000000000238,0.9973909428299751
1944,19.44000000000024,0.99739910799788
1945,19.45000000000024,0.9974072476354235
1946,19.460000000000242,0.9974153618223001
1947,19.470000000000244,0.9974234506379559
1948,19.480000000000246,0.9974315141615903
1949,19.490000000000247,0.9974395524721558
1950,19.50000000000025,0.997447565648359
1951,19.51000000000025,0.9974555537686618
1952,19.520000000000252,0.9974635169112814
1953,19.530000000000253,0.997471455154192
1954,19.540000000000255,0.9974793685751246
1955,19.550000000000257,0.9974872572515684
1956,19.560000000000258,0.9974951212607712
1957,19.57000000000026,0.9975029606797405
1958,19.58000000000026,0.997510775585244
1959,19.590000000000263,0.9975185660538102
1960,19.600000000000264,0.9975263321617293
1961,19.610000000000266,0.9975340739850542
1962,19.620000000000267,0.997541791599601
1963,19.63000000000027,0.9975494850809494
1964,19.64000000000027,0.9975571545044442
1965,19.650000000000272,0.9975647999451951
1966,19.660000000000274,0.9975724214780785
1967,19.670000000000275,0.997580019177737
1968,19.680000000000277,0.9975875931185813
1969,19.69000000000028,0.9975951433747902
1970,19.70000000000028,0.9976026700203112
1971,19.71000000000028,0.9976101731288622
1972,19.720000000000283,0.997617652773931
1973,19.730000000000285,0.9976251090287767
1974,19.740000000000286,0.9976325419664303
1975,19.750000000000288,0.9976399516596951
1976,19.76000000000029,0.9976473381811481
1977,19.77000000000029,0.9976547016031402
1978,19.780000000000292,0.9976620419977966
1979,19.790000000000294,0.9976693594370182
1980,19.800000000000296,0.997676653992482
1981,19.810000000000297,0.9976839257356415
1982,19.8200000000003,0.9976911747377278
1983,19.8300000000003,0.9976984010697504
1984,19.840000000000302,0.9977056048024973
1985,19.850000000000303,0.997712786006536
1986,19.860000000000305,0.9977199447522144
1987,19.870000000000307,0.9977270811096614
1988,19.880000000000308,0.997734195148787
1989,19.89000000000031,0.997741286939284
1990,19.90000000000031,0.9977483565506277
1991,19.910000000000313,0.9977554040520772
1992,19.920000000000314,0.9977624295126758
1993,19.930000000000316,0.9977694330012518
1994,19.940000000000317,0.9977764145864191
1995,19.95000000000032,0.9977833743365777
1996,19.96000000000032,0.9977903123199148
1997,19.970000000000322,0.9977972286044049
1998,19.980000000000324,0.9978041232578111
1999,19.990000000000325,0.997810996347685
2000,20.000000000000327,0.9978178479413682
2001,20.01000000000033,0.9978246781059921
2002,20.02000000000033,0.9978314869084793
2003,20.03000000000033,0.9978382744155436
2004,20.040000000000333,0.9978450406936914
2005,20.050000000000335,0.9978517858092215
2006,20.060000000000336,0.9978585098282262
2007,20.070000000000338,0.9978652128165922
2008,20.08000000000034,0.9978718948400006
2009,20.09000000000034,0.9978785559639279
2010,20.100000000000342,0.997885196253647
2011,20.110000000000344,0.9978918157742268
2012,20.120000000000346,0.997898414590534
2013,20.130000000000347,0.9979049927672329
2014,20.14000000000035,0.9979115503687865
2015,20.15000000000035,0.9979180874594569
2016,20.160000000000352,0.9979246041033057
2017,20.170000000000353,0.9979311003641954
2018,20.180000000000355,0.9979375763057892
2019,20.190000000000357,0.9979440319915518
2020,20.200000000000358,0.9979504674847506
2021,20.21000000000036,0.9979568828484554
2022,20.22000000000036,0.9979632781455398
2023,20.230000000000363,0.9979696534386812
2024,20.240000000000364,0.997976008790362
2025,20.250000000000366,0.9979823442628696
2026,20.260000000000367,0.9979886599182974
2027,20.27000000000037,0.9979949558185456
2028,20.28000000000037,0.9980012320253209
2029,20.290000000000372,0.9980074886001383
2030,20.300000000000374,0.9980137256043209
2031,20.310000000000375,0.9980199430990004
2032,20.320000000000377,0.9980261411451185
2033,20.33000000000038,0.9980323198034265
2034,20.34000000000038,0.9980384791344867
2035,20.35000000000038,0.9980446191986726
2036,20.360000000000383,0.9980507400561694
2037,20.370000000000385,0.998056841766975
2038,20.380000000000386,0.9980629243908998
2039,20.390000000000388,0.9980689879875685
2040,20.40000000000039,0.9980750326164194
2041,20.41000000000039,0.9980810583367058
2042,20.420000000000393,0.9980870652074962
2043,20.430000000000394,0.9980930532876752
2044,20.440000000000396,0.9980990226359435
2045,20.450000000000397,0.9981049733108194
2046,20.4600000000004,0.9981109053706383
2047,20.4700000000004,0.9981168188735539
2048,20.480000000000402,0.9981227138775388
2049,20.490000000000403,0.9981285904403848
2050,20.500000000000405,0.9981344486197035
2051,20.510000000000407,0.9981402884729269
2052,20.520000000000408,0.9981461100573082
2053,20.53000000000041,0.998151913429922
2054,20.54000000000041,0.998157698647665
2055,20.550000000000413,0.9981634657672563
2056,20.560000000000414,0.9981692148452386
2057,20.570000000000416,0.9981749459379782
2058,20.580000000000418,0.9981806591016654
2059,20.59000000000042,0.9981863543923158
2060,20.60000000000042,0.9981920318657702
2061,20.610000000000422,0.9981976915776952
2062,20.620000000000424,0.9982033335835839
2063,20.630000000000425,0.9982089579387565
2064,20.640000000000427,0.9982145646983608
2065,20.65000000000043,0.9982201539173723
2066,20.66000000000043,0.9982257256505956
2067,20.67000000000043,0.9982312799526641
2068,20.680000000000433,0.9982368168780411
2069,20.690000000000435,0.9982423364810198
2070,20.700000000000436,0.9982478388157245
2071,20.710000000000438,0.9982533239361105
2072,20.72000000000044,0.998258791895965
2073,20.73000000000044,0.9982642427489075
2074,20.740000000000443,0.99826967654839
2075,20.750000000000444,0.9982750933476984
2076,20.760000000000446,0.998280493199952
2077,20.770000000000447,0.9982858761581049
2078,20.78000000000045,0.9982912422749457
2079,20.79000000000045,0.9982965916030985
2080,20.800000000000452,0.9983019241950234
2081,20.810000000000453,0.998307240103017
2082,20.820000000000455,0.9983125393792126
2083,20.830000000000457,0.9983178220755811
2084,20.840000000000458,0.9983230882439313
2085,20.85000000000046,0.9983283379359106
2086,20.86000000000046,0.9983335712030049
2087,20.870000000000463,0.9983387880965403
2088,20.880000000000464,0.998343988667682
2089,20.890000000000466,0.9983491729674364
2090,20.900000000000468,0.9983543410466503
2091,20.91000000000047,0.9983594929560123
2092,20.92000000000047,0.9983646287460527
2093,20.930000000000472,0.9983697484671442
2094,20.940000000000474,0.9983748521695027
2095,20.950000000000475,0.9983799399031873
2096,20.960000000000477,0.9983850117181008
2097,20.97000000000048,0.9983900676639907
2098,20.98000000000048,0.9983951077904494
2099,20.99000000000048,0.9984001321469143
2100,21.000000000000483,0.9984051407826686
2101,21.010000000000485,0.9984101337468424
2102,21.020000000000486,0.998415111088412
2103,21.030000000000488,0.9984200728562009
2104,21.04000000000049,0.9984250190988808
2105,21.05000000000049,0.9984299498649714
2106,21.060000000000493,0.9984348652028407
2107,21.070000000000494,0.9984397651607065
2108,21.080000000000496,0.9984446497866357
2109,21.090000000000497,0.9984495191285454
2110,21.1000000000005,0.9984543732342035
2111,21.1100000000005,0.9984592121512286
2112,21.120000000000502,0.9984640359270908
2113,21.130000000000503,0.9984688446091123
2114,21.140000000000505,0.9984736382444677
2115,21.150000000000507,0.9984784168801842
2116,21.160000000000508,0.9984831805631427
2117,21.17000000000051,0.9984879293400774
2118,21.18000000000051,0.9984926632575771
2119,21.190000000000513,0.9984973823620852
2120,21.200000000000514,0.9985020866999001
2121,21.210000000000516,0.9985067763171759
2122,21.220000000000518,0.9985114512599227
2123,21.23000000000052,0.998516111574007
2124,21.24000000000052,0.9985207573051522
2125,21.250000000000522,0.9985253884989393
2126,21.260000000000524,0.998530005200807
2127,21.270000000000525,0.9985346074560522
2128,21.280000000000527,0.9985391953098303
2129,21.29000000000053,0.9985437688071561
2130,21.30000000000053,0.998548327992904
2131,21.31000000000053,0.9985528729118085
2132,21.320000000000533,0.9985574036084639
2133,21.330000000000535,0.9985619201273263
2134,21.340000000000536,0.9985664225127122
2135,21.350000000000538,0.9985709108088006
2136,21.36000000000054,0.9985753850596323
2137,21.37000000000054,0.9985798453091107
2138,21.380000000000543,0.9985842916010023
2139,21.390000000000544,0.9985887239789369
2140,21.400000000000546,0.9985931424864086
2141,21.410000000000547,0.9985975471667753
2142,21.42000000000055,0.9986019380632598
2143,21.43000000000055,0.9986063152189503
2144,21.440000000000552,0.9986106786768002
2145,21.450000000000554,0.998615028479629
2146,21.460000000000555,0.9986193646701226
2147,21.470000000000557,0.9986236872908338
2148,21.480000000000558,0.9986279963841826
2149,21.49000000000056,0.9986322919924566
2150,21.50000000000056,0.9986365741578115
2151,21.510000000000563,0.9986408429222712
2152,21.520000000000564,0.9986450983277289
2153,21.530000000000566,0.9986493404159468
2154,21.540000000000568,0.9986535692285569
2155,21.55000000000057,0.9986577848070611
2156,21.56000000000057,0.9986619871928322
2157,21.570000000000572,0.9986661764271135
2158,21.580000000000574,0.9986703525510198
2159,21.590000000000575,0.9986745156055375
2160,21.600000000000577,0.9986786656315253
2161,21.61000000000058,0.9986828026697141
2162,21.62000000000058,0.9986869267607079
2163,21.63000000000058,0.9986910379449839
2164,21.640000000000583,0.9986951362628932
2165,21.650000000000585,0.9986992217546605
2166,21.660000000000586,0.9987032944603855
2167,21.670000000000588,0.9987073544200425
2168,21.68000000000059,0.9987114016734812
2169,21.69000000000059,0.9987154362604266
2170,21.700000000000593,0.99871945822048
2171,21.710000000000594,0.9987234675931191
2172,21.720000000000596,0.9987274644176984
2173,21.730000000000597,0.9987314487334495
2174,21.7400000000006,0.9987354205794816
2175,21.7500000000006,0.9987393799947819
2176,21.760000000000602,0.9987433270182157
2177,21.770000000000604,0.9987472616885272
2178,21.780000000000605,0.9987511840443398
2179,21.790000000000607,0.9987550941241561
2180,21.80000000000061,0.9987589919663585
2181,21.81000000000061,0.9987628776092099
2182,21.82000000000061,0.9987667510908536
2183,21.830000000000613,0.9987706124493138
2184,21.840000000000614,0.998774461722496
2185,21.850000000000616,0.9987782989481875
2186,21.860000000000618,0.9987821241640576
2187,21.87000000000062,0.9987859374076582
2188,21.88000000000062,0.9987897387164236
2189,21.890000000000622,0.9987935281276716
2190,21.900000000000624,0.9987973056786035
2191,21.910000000000625,0.9988010714063043
2192,21.920000000000627,0.9988048253477432
2193,21.93000000000063,0.9988085675397742
2194,21.94000000000063,0.9988122980191362
2195,21.95000000000063,0.9988160168224535
2196,21.960000000000633,0.9988197239862359
2197,21.970000000000635,0.9988234195468791
2198,21.980000000000636,0.9988271035406658
2199,21.990000000000638,0.9988307760037649
2200,22.00000000000064,0.9988344369722324
2201,22.01000000000064,0.9988380864820121
2202,22.020000000000643,0.9988417245689352
2203,22.030000000000644,0.9988453512687212
2204,22.040000000000646,0.9988489666169782
2205,22.050000000000647,0.9988525706492031
2206,22.06000000000065,0.9988561634007819
2207,22.07000000000065,0.9988597449069901
2208,22.080000000000652,0.9988633152029932
2209,22.090000000000654,0.998866874323847
2210,22.100000000000655,0.9988704223044975
2211,22.110000000000657,0.9988739591797818
2212,22.12000000000066,0.9988774849844286
2213,22.13000000000066,0.9988809997530576
2214,22.14000000000066,0.9988845035201805
2215,22.150000000000663,0.9988879963202018
2216,22.160000000000664,0.9988914781874179
2217,22.170000000000666,0.9988949491560185
2218,22.180000000000668,0.9988984092600866
2219,22.19000000000067,0.9989018585335985
2220,22.20000000000067,0.9989052970104246
2221,22.210000000000672,0.9989087247243297
2222,22.220000000000674,0.9989121417089729
2223,22.230000000000675,0.9989155479979083
2224,22.240000000000677,0.9989189436245853
2225,22.25000000000068,0.9989223286223489
2226,22.26000000000068,0.9989257030244397
2227,22.27000000000068,0.998929066863995
2228,22.280000000000683,0.9989324201740482
2229,22.290000000000685,0.9989357629875296
2230,22.300000000000686,0.998939095337267
2231,22.310000000000688,0.9989424172559853
2232,22.32000000000069,0.9989457287763075
2233,22.33000000000069,0.9989490299307546
2234,22.340000000000693,0.9989523207517462
2235,22.350000000000694,0.9989556012716004
2236,22.360000000000696,0.9989588715225347
2237,22.370000000000697,0.9989621315366657
2238,22.3800000000007,0.9989653813460099
2239,22.3900000000007,0.9989686209824837
2240,22.400000000000702,0.998971850477904
2241,22.410000000000704,0.9989750698639883
2242,22.420000000000705,0.9989782791723549
2243,22.430000000000707,0.9989814784345236
2244,22.44000000000071,0.9989846676819155
2245,22.45000000000071,0.9989878469458537
2246,22.46000000000071,0.9989910162575638
2247,22.470000000000713,0.9989941756481733
2248,22.480000000000715,0.9989973251487129
2249,22.490000000000716,0.9990004647901162
2250,22.500000000000718,0.9990035946032203
2251,22.51000000000072,0.999006714618766
2252,22.52000000000072,0.9990098248673982
2253,22.530000000000722,0.9990129253796658
2254,22.540000000000724,0.9990160161860225
2255,22.550000000000725,0.9990190973168269
2256,22.560000000000727,0.9990221688023426
2257,22.57000000000073,0.9990252306727391
2258,22.58000000000073,0.9990282829580912
2259,22.59000000000073,0.9990313256883799
2260,22.600000000000733,0.9990343588934929
2261,22.610000000000735,0.9990373826032241
2262,22.620000000000736,0.9990403968472745
2263,22.630000000000738,0.9990434016552526
2264,22.64000000000074,0.9990463970566741
2265,22.65000000000074,0.9990493830809626
2266,22.660000000000743,0.9990523597574497
2267,22.670000000000744,0.9990553271153757
2268,22.680000000000746,0.9990582851838893
2269,22.690000000000747,0.9990612339920482
2270,22.70000000000075,0.9990641735688194
2271,22.71000000000075,0.9990671039430795
2272,22.720000000000752,0.9990700251436146
2273,22.730000000000754,0.9990729371991214
2274,22.740000000000755,0.9990758401382063
2275,22.750000000000757,0.999078733989387
2276,22.76000000000076,0.9990816187810916
2277,22.77000000000076,0.9990844945416597
2278,22.78000000000076,0.9990873612993425
2279,22.790000000000763,0.9990902190823024
2280,22.800000000000765,0.9990930679186146
2281,22.810000000000766,0.999095907836266
2282,22.820000000000768,0.9990987388631563
2283,22.83000000000077,0.9991015610270979
2284,22.84000000000077,0.9991043743558166
2285,22.850000000000772,0.9991071788769513
2286,22.860000000000774,0.999109974618055
2287,22.870000000000775,0.9991127616065939
2288,22.880000000000777,0.9991155398699492
2289,22.89000000000078,0.9991183094354159
2290,22.90000000000078,0.9991210703302043
2291,22.91000000000078,0.9991238225814392
2292,22.920000000000783,0.999126566216161
2293,22.930000000000785,0.9991293012613256
2294,22.940000000000786,0.9991320277438044
2295,22.950000000000788,0.9991347456903853
2296,22.96000000000079,0.999137455127772
2297,22.97000000000079,0.9991401560825853
2298,22.980000000000793,0.9991428485813625
2299,22.990000000000794,0.999145532650558
2300,23.000000000000796,0.9991482083165438
2301,23.010000000000797,0.9991508756056092
2302,23.0200000000008,0.9991535345439616
2303,23.0300000000008,0.9991561851577264
2304,23.040000000000802,0.9991588274729475
2305,23.050000000000804,0.9991614615155873
2306,23.060000000000805,0.9991640873115271
2307,23.070000000000807,0.9991667048865673
2308,23.08000000000081,0.999169314266428
2309,23.09000000000081,0.9991719154767486
2310,23.10000000000081,0.9991745085430884
2311,23.110000000000813,0.9991770934909272
2312,23.120000000000815,0.9991796703456647
2313,23.130000000000816,0.9991822391326216
2314,23.140000000000818,0.9991847998770395
2315,23.15000000000082,0.9991873526040806
2316,23.16000000000082,0.9991898973388295
2317,23.170000000000822,0.9991924341062912
2318,23.180000000000824,0.9991949629313935
2319,23.190000000000826,0.999197483838986
2320,23.200000000000827,0.9991999968538406
2321,23.21000000000083,0.9992025020006519
2322,23.22000000000083,0.9992049993040372
2323,23.23000000000083,0.999207488788537
2324,23.240000000000833,0.9992099704786152
2325,23.250000000000835,0.999212444398659
2326,23.260000000000836,0.9992149105729796
2327,23.270000000000838,0.9992173690258122
2328,23.28000000000084,0.9992198197813162
2329,23.29000000000084,0.9992222628635757
2330,23.300000000000843,0.9992246982965993
2331,23.310000000000844,0.9992271261043207
2332,23.320000000000846,0.9992295463105988
2333,23.330000000000847,0.9992319589392179
2334,23.34000000000085,0.9992343640138881
2335,23.35000000000085,0.9992367615582453
2336,23.360000000000852,0.9992391515958515
2337,23.370000000000854,0.9992415341501952
2338,23.380000000000855,0.9992439092446915
2339,23.390000000000857,0.9992462769026822
2340,23.40000000000086,0.9992486371474363
2341,23.41000000000086,0.9992509900021498
2342,23.42000000000086,0.9992533354899465
2343,23.430000000000863,0.9992556736338781
2344,23.440000000000865,0.9992580044569238
2345,23.450000000000866,0.9992603279819912
2346,23.460000000000868,0.9992626442319164
2347,23.47000000000087,0.9992649532294641
2348,23.48000000000087,0.9992672549973276
2349,23.490000000000872,0.9992695495581297
2350,23.500000000000874,0.9992718369344222
2351,23.510000000000876,0.9992741171486866
2352,23.520000000000877,0.9992763902233339
2353,23.53000000000088,0.9992786561807054
2354,23.54000000000088,0.9992809150430723
2355,23.550000000000882,0.9992831668326363
2356,23.560000000000883,0.9992854115715296
2357,23.570000000000885,0.9992876492818155
2358,23.580000000000886,0.999289879985488
2359,23.590000000000888,0.9992921037044726
2360,23.60000000000089,0.9992943204606264
2361,23.61000000000089,0.9992965302757377
2362,23.620000000000893,0.9992987331715272
2363,23.630000000000894,0.9993009291696474
2364,23.640000000000896,0.9993031182916833
2365,23.650000000000897,0.9993053005591523
2366,23.6600000000009,0.9993074759935047
2367,23.6700000000009,0.9993096446161237
2368,23.680000000000902,0.9993118064483255
2369,23.690000000000904,0.9993139615113601
2370,23.700000000000905,0.9993161098264104
2371,23.710000000000907,0.9993182514145938
2372,23.72000000000091,0.9993203862969613
2373,23.73000000000091,0.9993225144944982
2374,23.74000000000091,0.9993246360281242
2375,23.750000000000913,0.9993267509186935
2376,23.760000000000915,0.9993288591869953
2377,23.770000000000916,0.9993309608537537
2378,23.780000000000918,0.9993330559396282
2379,23.79000000000092,0.9993351444652134
2380,23.80000000000092,0.99933722645104
2381,23.810000000000922,0.9993393019175738
2382,23.820000000000924,0.9993413708852174
2383,23.830000000000926,0.9993434333743091
2384,23.840000000000927,0.9993454894051239
2385,23.85000000000093,0.9993475389978734
2386,23.86000000000093,0.9993495821727059
2387,23.870000000000932,0.9993516189497067
2388,23.880000000000933,0.9993536493488985
2389,23.890000000000935,0.9993556733902412
2390,23.900000000000936,0.9993576910936325
2391,23.910000000000938,0.9993597024789077
2392,23.92000000000094,0.9993617075658403
2393,23.93000000000094,0.9993637063741418
2394,23.940000000000943,0.9993656989234623
2395,23.950000000000944,0.9993676852333903
2396,23.960000000000946,0.9993696653234528
2397,23.970000000000947,0.9993716392131166
2398,23.98000000000095,0.9993736069217866
2399,23.99000000000095,0.9993755684688078
2400,24.000000000000952,0.9993775238734645
2401,24.010000000000954,0.9993794731549805
2402,24.020000000000955,0.9993814163325199
2403,24.030000000000957,0.9993833534251864
2404,24.04000000000096,0.9993852844520245
2405,24.05000000000096,0.9993872094320188
2406,24.06000000000096,0.9993891283840947
2407,24.070000000000963,0.9993910413271182
2408,24.080000000000965,0.9993929482798968
2409,24.090000000000966,0.9993948492611787
2410,24.100000000000968,0.9993967442896539
2411,24.11000000000097,0.9993986333839535
2412,24.12000000000097,0.9994005165626508
2413,24.130000000000972,0.9994023938442609
2414,24.140000000000974,0.9994042652472408
2415,24.150000000000976,0.9994061307899901
2416,24.160000000000977,0.9994079904908506
2417,24.17000000000098,0.999409844368107
2418,24.18000000000098,0.9994116924399866
2419,24.190000000000982,0.99941353472466
2420,24.200000000000983,0.9994153712402407
2421,24.210000000000985,0.9994172020047857
2422,24.220000000000987,0.9994190270362956
2423,24.230000000000988,0.9994208463527146
2424,24.24000000000099,0.9994226599719307
2425,24.25000000000099,0.9994244679117763
2426,24.260000000000993,0.9994262701900279
2427,24.270000000000994,0.9994280668244063
2428,24.280000000000996,0.999429857832577
2429,24.290000000000997,0.9994316432321502
2430,24.300000000001,0.9994334230406811
2431,24.310000000001,0.99943519727567
2432,24.320000000001002,0.9994369659545623
2433,24.330000000001004,0.9994387290947493
2434,24.340000000001005,0.9994404867135676
2435,24.350000000001007,0.9994422388282993
2436,24.36000000000101,0.9994439854561732
2437,24.37000000000101,0.9994457266143635
2438,24.38000000000101,0.9994474623199913
2439,24.390000000001013,0.9994491925901237
2440,24.400000000001015,0.9994509174417747
2441,24.410000000001016,0.9994526368919049
2442,24.420000000001018,0.9994543509574222
2443,24.43000000000102,0.9994560596551811
2444,24.44000000000102,0.9994577630019841
2445,24.450000000001022,0.9994594610145804
2446,24.460000000001024,0.9994611537096674
2447,24.470000000001026,0.9994628411038899
2448,24.480000000001027,0.9994645232138412
2449,24.49000000000103,0.9994662000560619
2450,24.50000000000103,0.9994678716470415
2451,24.510000000001032,0.9994695380032178
2452,24.520000000001033,0.9994711991409772
2453,24.530000000001035,0.9994728550766545
2454,24.540000000001037,0.9994745058265342
2455,24.550000000001038,0.999476151406849
2456,24.56000000000104,0.9994777918337814
2457,24.57000000000104,0.9994794271234632
2458,24.580000000001043,0.9994810572919754
2459,24.590000000001044,0.9994826823553494
2460,24.600000000001046,0.9994843023295659
2461,24.610000000001047,0.9994859172305557
2462,24.62000000000105,0.9994875270741999
2463,24.63000000000105,0.9994891318763299
2464,24.640000000001052,0.9994907316527277
2465,24.650000000001054,0.9994923264191258
2466,24.660000000001055,0.9994939161912074
2467,24.670000000001057,0.9994955009846069
2468,24.68000000000106,0.9994970808149097
2469,24.69000000000106,0.9994986556976525
2470,24.70000000000106,0.9995002256483232
2471,24.710000000001063,0.9995017906823616
2472,24.720000000001065,0.999503350815159
2473,24.730000000001066,0.9995049060620584
2474,24.740000000001068,0.9995064564383553
2475,24.75000000000107,0.999508001959297
2476,24.76000000000107,0.9995095426400831
2477,24.770000000001072,0.9995110784958658
2478,24.780000000001074,0.99951260954175
2479,24.790000000001076,0.9995141357927931
2480,24.800000000001077,0.9995156572640055
2481,24.81000000000108,0.9995171739703508
2482,24.82000000000108,0.9995186859267456
2483,24.830000000001082,0.9995201931480601
2484,24.840000000001083,0.9995216956491175
2485,24.850000000001085,0.9995231934446952
2486,24.860000000001087,0.9995246865495242
2487,24.870000000001088,0.9995261749782892
2488,24.88000000000109,0.9995276587456292
2489,24.89000000000109,0.9995291378661375
2490,24.900000000001093,0.9995306123543614
2491,24.910000000001094,0.9995320822248029
2492,24.920000000001096,0.9995335474919189
2493,24.930000000001098,0.9995350081701206
2494,24.9400000000011,0.9995364642737745
2495,24.9500000000011,0.999537915817202
2496,24.960000000001102,0.9995393628146796
2497,24.970000000001104,0.9995408052804393
2498,24.980000000001105,0.9995422432286688
2499,24.990000000001107,0.9995436766735109
2500,25.00000000000111,0.9995451056290645
2501,25.01000000000111,0.9995465301093844
2502,25.02000000000111,0.9995479501284814
2503,25.030000000001113,0.9995493657003225
2504,25.040000000001115,0.9995507768388308
2505,25.050000000001116,0.9995521835578861
2506,25.060000000001118,0.9995535858713247
2507,25.07000000000112,0.9995549837929396
2508,25.08000000000112,0.9995563773364807
2509,25.090000000001123,0.999557766515655
2510,25.100000000001124,0.9995591513441262
2511,25.110000000001126,0.9995605318355157
2512,25.120000000001127,0.9995619080034022
2513,25.13000000000113,0.9995632798613218
2514,25.14000000000113,0.9995646474227683
2515,25.150000000001132,0.9995660107011933
2516,25.160000000001133,0.9995673697100064
2517,25.170000000001135,0.999568724462575
2518,25.180000000001137,0.9995700749722253
2519,25.190000000001138,0.9995714212522409
2520,25.20000000000114,0.9995727633158645
2521,25.21000000000114,0.9995741011762973
2522,25.220000000001143,0.9995754348466991
2523,25.230000000001144,0.9995767643401884
2524,25.240000000001146,0.9995780896698429
2525,25.250000000001148,0.9995794108486992
2526,25.26000000000115,0.9995807278897533
2527,25.27000000000115,0.9995820408059604
2528,25.280000000001152,0.9995833496102353
2529,25.290000000001154,0.9995846543154522
2530,25.300000000001155,0.9995859549344452
2531,25.310000000001157,0.9995872514800083
2532,25.32000000000116,0.9995885439648953
2533,25.33000000000116,0.99958983240182
2534,25.34000000000116,0.9995911168034568
2535,25.350000000001163,0.9995923971824403
2536,25.360000000001165,0.9995936735513654
2537,25.370000000001166,0.9995949459227876
2538,25.380000000001168,0.9995962143092236
2539,25.39000000000117,0.9995974787231502
2540,25.40000000000117,0.9995987391770058
2541,25.410000000001173,0.9995999956831896
2542,25.420000000001174,0.9996012482540618
2543,25.430000000001176,0.9996024969019445
2544,25.440000000001177,0.9996037416391208
2545,25.45000000000118,0.9996049824778354
2546,25.46000000000118,0.9996062194302948
2547,25.470000000001182,0.9996074525086676
2548,25.480000000001183,0.9996086817250835
2549,25.490000000001185,0.9996099070916352
2550,25.500000000001187,0.999611128620377
2551,25.510000000001188,0.9996123463233256
2552,25.52000000000119,0.9996135602124603
2553,25.53000000000119,0.9996147702997225
2554,25.540000000001193,0.9996159765970165
2555,25.550000000001194,0.9996171791162096
2556,25.560000000001196,0.9996183778691315
2557,25.570000000001198,0.9996195728675753
2558,25.5800000000012,0.9996207641232967
2559,25.5900000000012,0.9996219516480153
2560,25.600000000001202,0.9996231354534133
2561,25.610000000001204,0.9996243155511368
2562,25.620000000001205,0.9996254919527956
2563,25.630000000001207,0.9996266646699628
2564,25.64000000000121,0.9996278337141753
2565,25.65000000000121,0.9996289990969341
2566,25.66000000000121,0.9996301608297044
2567,25.670000000001213,0.9996313189239149
2568,25.680000000001215,0.9996324733909592
2569,25.690000000001216,0.9996336242421948
2570,25.700000000001218,0.9996347714889439
2571,25.71000000000122,0.9996359151424932
2572,25.72000000000122,0.999637055214094
2573,25.730000000001223,0.9996381917149626
2574,25.740000000001224,0.9996393246562801
2575,25.750000000001226,0.9996404540491926
2576,25.760000000001227,0.9996415799048112
2577,25.77000000000123,0.9996427022342125
2578,25.78000000000123,0.9996438210484382
2579,25.790000000001232,0.9996449363584955
2580,25.800000000001234,0.9996460481753574
2581,25.810000000001235,0.9996471565099623
2582,25.820000000001237,0.9996482613732144
2583,25.830000000001238,0.9996493627759838
2584,25.84000000000124,0.9996504607291067
2585,25.85000000000124,0.9996515552433852
2586,25.860000000001243,0.9996526463295878
2587,25.870000000001244,0.9996537339984493
2588,25.880000000001246,0.9996548182606705
2589,25.890000000001248,0.9996558991269192
2590,25.90000000000125,0.9996569766078297
2591,25.91000000000125,0.999658050714003
2592,25.920000000001252,0.9996591214560068
2593,25.930000000001254,0.9996601888443758
2594,25.940000000001255,0.9996612528896119
2595,25.950000000001257,0.9996623136021839
2596,25.96000000000126,0.9996633709925279
2597,25.97000000000126,0.9996644250710476
2598,25.98000000000126,0.9996654758481136
2599,25.990000000001263,0.9996665233340647
2600,26.000000000001265,0.9996675675392068
2601,26.010000000001266,0.9996686084738139
2602,26.020000000001268,0.9996696461481276
2603,26.03000000000127,0.9996706805723576
2604,26.04000000000127,0.9996717117566817
2605,26.050000000001273,0.9996727397112457
2606,26.060000000001274,0.9996737644461637
2607,26.070000000001276,0.9996747859715183
2608,26.080000000001277,0.9996758042973602
2609,26.09000000000128,0.9996768194337091
2610,26.10000000000128,0.999677831390553
2611,26.110000000001282,0.9996788401778487
2612,26.120000000001284,0.9996798458055219
2613,26.130000000001285,0.9996808482834673
2614,26.140000000001287,0.9996818476215484
2615,26.150000000001288,0.9996828438295983
2616,26.16000000000129,0.9996838369174186
2617,26.17000000000129,0.999684826894781
2618,26.180000000001293,0.9996858137714261
2619,26.190000000001294,0.9996867975570642
2620,26.200000000001296,0.9996877782613752
2621,26.210000000001298,0.9996887558940089
2622,26.2200000000013,0.9996897304645842
2623,26.2300000000013,0.9996907019826908
2624,26.240000000001302,0.999691670457888
2625,26.250000000001304,0.9996926358997049
2626,26.260000000001305,0.9996935983176413
2627,26.270000000001307,0.9996945577211668
2628,26.28000000000131,0.9996955141197217
2629,26.29000000000131,0.9996964675227166
2630,26.30000000000131,0.9996974179395326
2631,26.310000000001313,0.9996983653795216
2632,26.320000000001315,0.9996993098520062
2633,26.330000000001316,0.9997002513662796
2634,26.340000000001318,0.9997011899316062
2635,26.35000000000132,0.9997021255572213
2636,26.36000000000132,0.9997030582523312
2637,26.370000000001323,0.9997039880261136
2638,26.380000000001324,0.9997049148877173
2639,26.390000000001326,0.9997058388462624
2640,26.400000000001327,0.9997067599108407
2641,26.41000000000133,0.9997076780905153
2642,26.42000000000133,0.9997085933943212
2643,26.430000000001332,0.9997095058312647
2644,26.440000000001334,0.9997104154103245
2645,26.450000000001335,0.9997113221404507
2646,26.460000000001337,0.9997122260305655
2647,26.47000000000134,0.9997131270895635
2648,26.48000000000134,0.9997140253263109
2649,26.49000000000134,0.9997149207496466
2650,26.500000000001343,0.9997158133683817
2651,26.510000000001344,0.9997167031912996
2652,26.520000000001346,0.9997175902271564
2653,26.530000000001348,0.9997184744846807
2654,26.54000000000135,0.9997193559725737
2655,26.55000000000135,0.9997202346995095
2656,26.560000000001352,0.9997211106741352
2657,26.570000000001354,0.9997219839050703
2658,26.580000000001355,0.9997228544009078
2659,26.590000000001357,0.9997237221702137
2660,26.60000000000136,0.999724587221527
2661,26.61000000000136,0.9997254495633604
2662,26.62000000000136,0.9997263092041995
2663,26.630000000001363,0.9997271661525033
2664,26.640000000001365,0.9997280204167049
2665,26.650000000001366,0.9997288720052105
2666,26.660000000001368,0.9997297209264002
2667,26.67000000000137,0.9997305671886276
2668,26.68000000000137,0.9997314108002205
2669,26.690000000001373,0.9997322517694804
2670,26.700000000001374,0.999733090104683
2671,26.710000000001376,0.9997339258140779
2672,26.720000000001377,0.999734758905889
2673,26.73000000000138,0.9997355893883144
2674,26.74000000000138,0.9997364172695267
2675,26.750000000001382,0.9997372425576726
2676,26.760000000001384,0.9997380652608735
2677,26.770000000001385,0.9997388853872254
2678,26.780000000001387,0.999739702944799
2679,26.79000000000139,0.9997405179416394
2680,26.80000000000139,0.9997413303857671
2681,26.81000000000139,0.9997421402851769
2682,26.820000000001393,0.999742947647839
2683,26.830000000001395,0.9997437524816984
2684,26.840000000001396,0.9997445547946754
2685,26.850000000001398,0.9997453545946654
2686,26.8600000000014,0.999746151889539
2687,26.8700000000014,0.9997469466871423
2688,26.880000000001402,0.9997477389952969
2689,26.890000000001404,0.9997485288217998
2690,26.900000000001405,0.9997493161744235
2691,26.910000000001407,0.9997501010609164
2692,26.92000000000141,0.9997508834890025
2693,26.93000000000141,0.9997516634663818
2694,26.94000000000141,0.9997524410007298
2695,26.950000000001413,0.9997532160996982
2696,26.960000000001415,0.999753988770915
2697,26.970000000001416,0.999754759021984
2698,26.980000000001418,0.9997555268604852
2699,26.99000000000142,0.999756292293975
2700,27.00000000000142,0.9997570553299862
2701,27.010000000001423,0.9997578159760278
2702,27.020000000001424,0.9997585742395853
2703,27.030000000001426,0.999759330128121
2704,27.040000000001427,0.9997600836490738
2705,27.05000000000143,0.9997608348098591
2706,27.06000000000143,0.9997615836178693
2707,27.070000000001432,0.9997623300804734
2708,27.080000000001434,0.9997630742050179
2709,27.090000000001435,0.9997638159988254
2710,27.100000000001437,0.9997645554691963
2711,27.11000000000144,0.999765292623408
2712,27.12000000000144,0.9997660274687149
2713,27.13000000000144,0.999766760012349
2714,27.140000000001443,0.9997674902615192
2715,27.150000000001445,0.9997682182234124
2716,27.160000000001446,0.9997689439051927
2717,27.170000000001448,0.9997696673140016
2718,27.18000000000145,0.9997703884569586
2719,27.19000000000145,0.9997711073411607
2720,27.200000000001452,0.9997718239736827
2721,27.210000000001454,0.9997725383615773
2722,27.220000000001455,0.999773250511875
2723,27.230000000001457,0.9997739604315846
2724,27.24000000000146,0.9997746681276926
2725,27.25000000000146,0.9997753736071637
2726,27.26000000000146,0.999776076876941
2727,27.270000000001463,0.9997767779439457
2728,27.280000000001465,0.9997774768150773
2729,27.290000000001466,0.9997781734972139
2730,27.300000000001468,0.9997788679972117
2731,27.31000000000147,0.9997795603219058
2732,27.32000000000147,0.9997802504781098
2733,27.330000000001473,0.9997809384726158
2734,27.340000000001474,0.9997816243121949
2735,27.350000000001476,0.9997823080035967
2736,27.360000000001477,0.99978298955355
2737,27.37000000000148,0.9997836689687623
2738,27.38000000000148,0.99978434625592
2739,27.390000000001482,0.999785021421689
2740,27.400000000001484,0.9997856944727139
2741,27.410000000001485,0.9997863654156187
2742,27.420000000001487,0.9997870342570067
2743,27.43000000000149,0.9997877010034601
2744,27.44000000000149,0.9997883656615413
2745,27.45000000000149,0.9997890282377914
2746,27.460000000001493,0.9997896887387313
2747,27.470000000001495,0.9997903471708616
2748,27.480000000001496,0.9997910035406624
2749,27.490000000001498,0.9997916578545936
2750,27.5000000000015,0.9997923101190946
2751,27.5100000000015,0.9997929603405852
2752,27.520000000001502,0.9997936085254645
2753,27.530000000001504,0.9997942546801118
2754,27.540000000001505,0.9997948988108867
2755,27.550000000001507,0.9997955409241285
2756,27.56000000000151,0.9997961810261566
2757,27.57000000000151,0.9997968191232711
2758,27.58000000000151,0.999797455221752
2759,27.590000000001513,0.9997980893278596
2760,27.600000000001515,0.9997987214478348
2761,27.610000000001516,0.9997993515878988
2762,27.620000000001518,0.9997999797542535
2763,27.63000000000152,0.9998006059530812
2764,27.64000000000152,0.9998012301905448
2765,27.650000000001523,0.9998018524727883
2766,27.660000000001524,0.9998024728059359
2767,27.670000000001526,0.9998030911960931
2768,27.680000000001527,0.999803707649346
2769,27.69000000000153,0.9998043221717616
2770,27.70000000000153,0.9998049347693884
2771,27.710000000001532,0.9998055454482552
2772,27.720000000001534,0.9998061542143726
2773,27.730000000001535,0.9998067610737319
2774,27.740000000001537,0.9998073660323059
2775,27.75000000000154,0.9998079690960486
2776,27.76000000000154,0.9998085702708955
2777,27.77000000000154,0.9998091695627633
2778,27.780000000001543,0.9998097669775504
2779,27.790000000001545,0.9998103625211364
2780,27.800000000001546,0.999810956199383
2781,27.810000000001548,0.999811548018133
2782,27.82000000000155,0.9998121379832111
2783,27.83000000000155,0.999812726100424
2784,27.840000000001552,0.99981331237556
2785,27.850000000001554,0.9998138968143891
2786,27.860000000001556,0.9998144794226638
2787,27.870000000001557,0.9998150602061179
2788,27.88000000000156,0.9998156391704677
2789,27.89000000000156,0.9998162163214114
2790,27.90000000000156,0.9998167916646294
2791,27.910000000001563,0.9998173652057845
2792,27.920000000001565,0.9998179369505215
2793,27.930000000001566,0.9998185069044675
2794,27.940000000001568,0.9998190750732324
2795,27.95000000000157,0.999819641462408
2796,27.96000000000157,0.9998202060775688
2797,27.970000000001573,0.9998207689242722
2798,27.980000000001574,0.9998213300080575
2799,27.990000000001576,0.9998218893344472
2800,28.000000000001577,0.9998224469089463
2801,28.01000000000158,0.9998230027370426
2802,28.02000000000158,0.9998235568242066
2803,28.030000000001582,0.999824109175892
2804,28.040000000001584,0.9998246597975351
2805,28.050000000001585,0.9998252086945553
2806,28.060000000001587,0.9998257558723548
2807,28.07000000000159,0.9998263013363193
2808,28.08000000000159,0.9998268450918174
2809,28.09000000000159,0.9998273871442009
2810,28.100000000001593,0.9998279274988049
2811,28.110000000001595,0.9998284661609476
2812,28.120000000001596,0.9998290031359307
2813,28.130000000001598,0.9998295384290394
2814,28.1400000000016,0.9998300720455422
2815,28.1500000000016,0.9998306039906911
2816,28.160000000001602,0.9998311342697218
2817,28.170000000001604,0.9998316628878533
2818,28.180000000001606,0.9998321898502887
2819,28.190000000001607,0.9998327151622143
2820,28.20000000000161,0.9998332388288006
2821,28.21000000000161,0.9998337608552016
2822,28.220000000001612,0.9998342812465554
2823,28.230000000001613,0.9998348000079839
2824,28.240000000001615,0.9998353171445927
2825,28.250000000001616,0.9998358326614719
2826,28.260000000001618,0.9998363465636955
2827,28.27000000000162,0.9998368588563212
2828,28.28000000000162,0.9998373695443916
2829,28.290000000001623,0.9998378786329328
2830,28.300000000001624,0.9998383861269556
2831,28.310000000001626,0.9998388920314549
2832,28.320000000001627,0.9998393963514101
2833,28.33000000000163,0.9998398990917848
2834,28.34000000000163,0.9998404002575274
2835,28.350000000001632,0.9998408998535704
2836,28.360000000001634,0.9998413978848312
2837,28.370000000001635,0.9998418943562114
2838,28.380000000001637,0.9998423892725977
2839,28.39000000000164,0.9998428826388613
2840,28.40000000000164,0.999843374459858
2841,28.41000000000164,0.9998438647404287
2842,28.420000000001643,0.9998443534853989
2843,28.430000000001645,0.9998448406995789
2844,28.440000000001646,0.9998453263877642
2845,28.450000000001648,0.9998458105547353
2846,28.46000000000165,0.9998462932052574
2847,28.47000000000165,0.9998467743440811
2848,28.480000000001652,0.9998472539759419
2849,28.490000000001654,0.9998477321055607
2850,28.500000000001656,0.9998482087376432
2851,28.510000000001657,0.999848683876881
2852,28.52000000000166,0.9998491575279504
2853,28.53000000000166,0.9998496296955135
2854,28.540000000001662,0.9998501003842175
2855,28.550000000001663,0.9998505695986951
2856,28.560000000001665,0.9998510373435645
2857,28.570000000001667,0.9998515036234297
2858,28.580000000001668,0.9998519684428798
2859,28.59000000000167,0.99985243180649
2860,28.60000000000167,0.9998528937188208
2861,28.610000000001673,0.9998533541844187
2862,28.620000000001674,0.9998538132078157
2863,28.630000000001676,0.9998542707935298
2864,28.640000000001677,0.9998547269460648
2865,28.65000000000168,0.9998551816699104
2866,28.66000000000168,0.9998556349695421
2867,28.670000000001682,0.9998560868494217
2868,28.680000000001684,0.9998565373139967
2869,28.690000000001685,0.9998569863677008
2870,28.700000000001687,0.9998574340149539
2871,28.71000000000169,0.9998578802601619
2872,28.72000000000169,0.9998583251077169
2873,28.73000000000169,0.9998587685619975
2874,28.740000000001693,0.9998592106273683
2875,28.750000000001695,0.9998596513081802
2876,28.760000000001696,0.9998600906087709
2877,28.770000000001698,0.999860528533464
2878,28.7800000000017,0.9998609650865697
2879,28.7900000000017,0.9998614002723851
2880,28.800000000001702,0.9998618340951932
2881,28.810000000001704,0.9998622665592641
2882,28.820000000001706,0.9998626976688544
2883,28.830000000001707,0.9998631274282069
2884,28.84000000000171,0.999863555841552
2885,28.85000000000171,0.999863982913106
2886,28.860000000001712,0.9998644086470725
2887,28.870000000001713,0.9998648330476418
2888,28.880000000001715,0.999865256118991
2889,28.890000000001717,0.9998656778652842
2890,28.900000000001718,0.9998660982906725
2891,28.91000000000172,0.9998665173992939
2892,28.92000000000172,0.9998669351952735
2893,28.930000000001723,0.9998673516827233
2894,28.940000000001724,0.9998677668657427
2895,28.950000000001726,0.9998681807484182
2896,28.960000000001727,0.9998685933348234
2897,28.97000000000173,0.999869004629019
2898,28.98000000000173,0.9998694146350533
2899,28.990000000001732,0.9998698233569618
2900,29.000000000001734,0.9998702307987674
2901,29.010000000001735,0.9998706369644801
2902,29.020000000001737,0.9998710418580978
2903,29.03000000000174,0.9998714454836055
2904,29.04000000000174,0.9998718478449761
2905,29.05000000000174,0.9998722489461696
2906,29.060000000001743,0.9998726487911338
2907,29.070000000001745,0.9998730473838043
2908,29.080000000001746,0.9998734447281042
2909,29.090000000001748,0.9998738408279445
2910,29.10000000000175,0.9998742356872234
2911,29.11000000000175,0.9998746293098276
2912,29.120000000001752,0.9998750216996313
2913,29.130000000001754,0.9998754128604964
2914,29.140000000001756,0.999875802796273
2915,29.150000000001757,0.999876191510799
2916,29.16000000000176,0.9998765790079003
2917,29.17000000000176,0.9998769652913907
2918,29.180000000001762,0.9998773503650724
2919,29.190000000001763,0.9998777342327353
2920,29.200000000001765,0.9998781168981575
2921,29.210000000001767,0.9998784983651057
2922,29.220000000001768,0.999878878637334
2923,29.23000000000177,0.9998792577185854
2924,29.24000000000177,0.9998796356125912
2925,29.250000000001773,0.9998800123230703
2926,29.260000000001774,0.9998803878537309
2927,29.270000000001776,0.9998807622082688
2928,29.280000000001777,0.9998811353903688
2929,29.29000000000178,0.9998815074037036
2930,29.30000000000178,0.999881878251935
2931,29.310000000001782,0.9998822479387127
2932,29.320000000001784,0.9998826164676756
2933,29.330000000001785,0.9998829838424508
2934,29.340000000001787,0.999883350066654
2935,29.35000000000179,0.9998837151438899
2936,29.36000000000179,0.9998840790777515
2937,29.37000000000179,0.9998844418718209
2938,29.380000000001793,0.9998848035296688
2939,29.390000000001795,0.9998851640548548
2940,29.400000000001796,0.9998855234509274
2941,29.410000000001798,0.9998858817214237
2942,29.4200000000018,0.9998862388698699
2943,29.4300000000018,0.9998865948997813
2944,29.440000000001803,0.999886949814662
2945,29.450000000001804,0.9998873036180052
2946,29.460000000001806,0.999887656313293
2947,29.470000000001807,0.9998880079039969
2948,29.48000000000181,0.9998883583935773
2949,29.49000000000181,0.9998887077854838
2950,29.500000000001812,0.9998890560831551
2951,29.510000000001813,0.9998894032900194
2952,29.520000000001815,0.9998897494094939
2953,29.530000000001817,0.9998900944449853
2954,29.540000000001818,0.9998904383998894
2955,29.55000000000182,0.9998907812775916
2956,29.56000000000182,0.9998911230814663
2957,29.570000000001823,0.999891463814878
2958,29.580000000001824,0.99989180348118
2959,29.590000000001826,0.9998921420837155
2960,29.600000000001828,0.999892479625817
2961,29.61000000000183,0.9998928161108066
2962,29.62000000000183,0.9998931515419962
2963,29.630000000001832,0.9998934859226871
2964,29.640000000001834,0.9998938192561703
2965,29.650000000001835,0.9998941515457266
2966,29.660000000001837,0.9998944827946262
2967,29.67000000000184,0.9998948130061297
2968,29.68000000000184,0.9998951421834867
2969,29.69000000000184,0.9998954703299373
2970,29.700000000001843,0.999895797448711
2971,29.710000000001845,0.9998961235430274
2972,29.720000000001846,0.9998964486160958
2973,29.730000000001848,0.9998967726711158
2974,29.74000000000185,0.9998970957112767
2975,29.75000000000185,0.9998974177397578
2976,29.760000000001853,0.9998977387597286
2977,29.770000000001854,0.9998980587743487
2978,29.780000000001856,0.9998983777867674
2979,29.790000000001857,0.9998986958001247
2980,29.80000000000186,0.9998990128175504
2981,29.81000000000186,0.9998993288421647
2982,29.820000000001862,0.9998996438770777
2983,29.830000000001863,0.9998999579253902
2984,29.840000000001865,0.999900270990193
2985,29.850000000001867,0.9999005830745671
2986,29.860000000001868,0.9999008941815841
2987,29.87000000000187,0.9999012043143062
2988,29.88000000000187,0.9999015134757853
2989,29.890000000001873,0.9999018216690643
2990,29.900000000001874,0.9999021288971766
2991,29.910000000001876,0.9999024351631456
2992,29.920000000001878,0.9999027404699857
2993,29.93000000000188,0.9999030448207017
2994,29.94000000000188,0.999903348218289
2995,29.950000000001882,0.9999036506657336
2996,29.960000000001884,0.9999039521660121
2997,29.970000000001885,0.9999042527220919
2998,29.980000000001887,0.999904552336931
2999,29.99000000000189,0.999904851013478
3000,30.00000000000189,0.9999051487546727
3001,30.01000000000189,0.9999054455634453
3002,30.020000000001893,0.9999057414427168
3003,30.030000000001895,0.9999060363953994
3004,30.040000000001896,0.9999063304243958
3005,30.050000000001898,0.9999066235325998
3006,30.0600000000019,0.9999069157228963
3007,30.0700000000019,0.9999072069981606
3008,30.080000000001903,0.9999074973612596
3009,30.090000000001904,0.9999077868150509
3010,30.100000000001906,0.9999080753623832
3011,30.110000000001907,0.9999083630060964
3012,30.12000000000191,0.9999086497490214
3013,30.13000000000191,0.9999089355939801
3014,30.140000000001912,0.9999092205437857
3015,30.150000000001913,0.9999095046012427
3016,30.160000000001915,0.9999097877691466
3017,30.170000000001917,0.9999100700502843
3018,30.180000000001918,0.9999103514474339
3019,30.19000000000192,0.9999106319633647
3020,30.20000000000192,0.9999109116008376
3021,30.210000000001923,0.9999111903626045
3022,30.220000000001924,0.9999114682514089
3023,30.230000000001926,0.9999117452699856
3024,30.240000000001928,0.9999120214210612
3025,30.25000000000193,0.999912296707353
3026,30.26000000000193,0.9999125711315706
3027,30.270000000001932,0.9999128446964145
3028,30.280000000001934,0.9999131174045771
3029,30.290000000001935,0.9999133892587424
3030,30.300000000001937,0.9999136602615856
3031,30.31000000000194,0.9999139304157737
3032,30.32000000000194,0.9999141997239658
3033,30.33000000000194,0.9999144681888118
3034,30.340000000001943,0.9999147358129542
3035,30.350000000001945,0.9999150025990264
3036,30.360000000001946,0.9999152685496543
3037,30.370000000001948,0.9999155336674551
3038,30.38000000000195,0.9999157979550378
3039,30.39000000000195,0.9999160614150034
3040,30.400000000001953,0.9999163240499448
3041,30.410000000001954,0.9999165858624466
3042,30.420000000001956,0.9999168468550853
3043,30.430000000001957,0.9999171070304295
3044,30.44000000000196,0.9999173663910397
3045,30.45000000000196,0.9999176249394682
3046,30.460000000001962,0.9999178826782595
3047,30.470000000001964,0.9999181396099501
3048,30.480000000001965,0.9999183957370685
3049,30.490000000001967,0.9999186510621353
3050,30.500000000001968,0.9999189055876632
3051,30.51000000000197,0.999919159316157
3052,30.52000000000197,0.9999194122501137
3053,30.530000000001973,0.9999196643920225
3054,30.540000000001974,0.9999199157443647
3055,30.550000000001976,0.9999201663096139
3056,30.560000000001978,0.999920416090236
3057,30.57000000000198,0.9999206650886889
3058,30.58000000000198,0.9999209133074233
3059,30.590000000001982,0.9999211607488818
3060,30.600000000001984,0.9999214074154994
3061,30.610000000001985,0.9999216533097037
3062,30.620000000001987,0.9999218984339144
3063,30.63000000000199,0.9999221427905439
3064,30.64000000000199,0.9999223863819968
3065,30.65000000000199,0.9999226292106704
3066,30.660000000001993,0.9999228712789542
3067,30.670000000001995,0.9999231125892305
3068,30.680000000001996,0.9999233531438739
3069,30.690000000001998,0.9999235929452518
3070,30.700000000002,0.9999238319957239
3071,30.710000000002,0.9999240702976429
3072,30.720000000002003,0.9999243078533535
3073,30.730000000002004,0.9999245446651939
3074,30.740000000002006,0.9999247807354942
3075,30.750000000002007,0.9999250160665776
3076,30.76000000000201,0.99992525066076
3077,30.77000000000201,0.9999254845203499
3078,30.780000000002012,0.9999257176476487
3079,30.790000000002014,0.9999259500449506
3080,30.800000000002015,0.9999261817145424
3081,30.810000000002017,0.999926412658704
3082,30.82000000000202,0.999926642879708
3083,30.83000000000202,0.99992687237982
3084,30.84000000000202,0.9999271011612983
3085,30.850000000002023,0.9999273292263944
3086,30.860000000002024,0.9999275565773524
3087,30.870000000002026,0.9999277832164097
3088,30.880000000002028,0.9999280091457966
3089,30.89000000000203,0.9999282343677363
3090,30.90000000000203,0.999928458884445
3091,30.910000000002032,0.9999286826981323
3092,30.920000000002034,0.9999289058110004
3093,30.930000000002035,0.9999291282252449
3094,30.940000000002037,0.9999293499430546
3095,30.95000000000204,0.9999295709666112
3096,30.96000000000204,0.9999297912980896
3097,30.97000000000204,0.9999300109396579
3098,30.980000000002043,0.9999302298934777
3099,30.990000000002045,0.9999304481617034
3100,31.000000000002046,0.9999306657464828
3101,31.010000000002048,0.9999308826499571
3102,31.02000000000205,0.9999310988742608
3103,31.03000000000205,0.9999313144215213
3104,31.040000000002053,0.99993152929386
3105,31.050000000002054,0.999931743493391
3106,31.060000000002056,0.9999319570222222
3107,31.070000000002057,0.9999321698824547
3108,31.08000000000206,0.9999323820761833
3109,31.09000000000206,0.9999325936054958
3110,31.100000000002062,0.9999328044724737
3111,31.110000000002064,0.9999330146791919
3112,31.120000000002065,0.9999332242277191
3113,31.130000000002067,0.9999334331201172
3114,31.14000000000207,0.9999336413584415
3115,31.15000000000207,0.9999338489447412
3116,31.16000000000207,0.9999340558810591
3117,31.170000000002073,0.9999342621694314
3118,31.180000000002075,0.9999344678118877
3119,31.190000000002076,0.9999346728104518
3120,31.200000000002078,0.9999348771671408
3121,31.21000000000208,0.9999350808839655
3122,31.22000000000208,0.9999352839629306
3123,31.230000000002082,0.9999354864060342
3124,31.240000000002084,0.9999356882152685
3125,31.250000000002085,0.999935889392619
3126,31.260000000002087,0.9999360899400654
3127,31.27000000000209,0.9999362898595813
3128,31.28000000000209,0.9999364891531334
3129,31.29000000000209,0.999936687822683
3130,31.300000000002093,0.9999368858701848
3131,31.310000000002095,0.9999370832975876
3132,31.320000000002096,0.9999372801068341
3133,31.330000000002098,0.9999374762998607
3134,31.3400000000021,0.999937671878598
3135,31.3500000000021,0.9999378668449703
3136,31.360000000002103,0.9999380612008961
3137,31.370000000002104,0.9999382549482877
3138,31.380000000002106,0.9999384480890515
3139,31.390000000002107,0.9999386406250881
3140,31.40000000000211,0.9999388325582916
3141,31.41000000000211,0.9999390238905509
3142,31.420000000002112,0.9999392146237482
3143,31.430000000002114,0.9999394047597607
3144,31.440000000002115,0.9999395943004589
3145,31.450000000002117,0.9999397832477077
3146,31.46000000000212,0.9999399716033666
3147,31.47000000000212,0.9999401593692885
3148,31.48000000000212,0.9999403465473211
3149,31.490000000002123,0.9999405331393061
3150,31.500000000002125,0.9999407191470793
3151,31.510000000002126,0.9999409045724711
3152,31.520000000002128,0.9999410894173058
3153,31.53000000000213,0.999941273683402
3154,31.54000000000213,0.999941457372573
3155,31.550000000002132,0.999941640486626
3156,31.560000000002134,0.9999418230273629
3157,31.570000000002135,0.9999420049965794
3158,31.580000000002137,0.999942186396066
3159,31.59000000000214,0.9999423672276078
3160,31.60000000000214,0.9999425474929836
3161,31.61000000000214,0.9999427271939674
3162,31.620000000002143,0.999942906332327
3163,31.630000000002145,0.9999430849098251
3164,31.640000000002146,0.9999432629282187
3165,31.650000000002148,0.9999434403892592
3166,31.66000000000215,0.9999436172946928
3167,31.67000000000215,0.9999437936462598
3168,31.680000000002153,0.9999439694456956
3169,31.690000000002154,0.9999441446947298
3170,31.700000000002156,0.9999443193950864
3171,31.710000000002157,0.9999444935484846
3172,31.72000000000216,0.9999446671566375
3173,31.73000000000216,0.9999448402212534
3174,31.740000000002162,0.999945012744035
3175,31.750000000002164,0.9999451847266797
3176,31.760000000002165,0.9999453561708795
3177,31.770000000002167,0.9999455270783214
3178,31.78000000000217,0.9999456974506866
3179,31.79000000000217,0.9999458672896515
3180,31.80000000000217,0.9999460365968871
3181,31.810000000002173,0.999946205374059
3182,31.820000000002175,0.9999463736228278
3183,31.830000000002176,0.9999465413448487
3184,31.840000000002178,0.9999467085417721
3185,31.85000000000218,0.9999468752152427
3186,31.86000000000218,0.9999470413669005
3187,31.870000000002182,0.99994720699838
3188,31.880000000002184,0.9999473721113108
3189,31.890000000002185,0.9999475367073173
3190,31.900000000002187,0.999947700788019
3191,31.91000000000219,0.9999478643550299
3192,31.92000000000219,0.9999480274099595
3193,31.93000000000219,0.9999481899544118
3194,31.940000000002193,0.999948351989986
3195,31.950000000002195,0.9999485135182763
3196,31.960000000002196,0.9999486745408717
3197,31.970000000002198,0.9999488350593565
3198,31.9800000000022,0.9999489950753098
3199,31.9900000000022,0.9999491545903059
3200,32.0000000000022,0.999949313605914
3201,32.0100000000022,0.9999494721236987
3202,32.0200000000022,0.9999496301452193
3203,32.0300000000022,0.9999497876720306
3204,32.040000000002195,0.9999499447056822
3205,32.05000000000219,0.999950101247719
3206,32.06000000000219,0.9999502572996811
3207,32.07000000000219,0.9999504128631037
3208,32.08000000000219,0.9999505679395172
3209,32.090000000002185,0.9999507225304473
3210,32.10000000000218,0.9999508766374146
3211,32.11000000000218,0.9999510302619353
3212,32.12000000000218,0.9999511834055208
3213,32.13000000000218,0.9999513360696776
3214,32.140000000002175,0.9999514882559075
3215,32.15000000000217,0.9999516399657078
3216,32.16000000000217,0.9999517912005709
3217,32.17000000000217,0.9999519419619844
3218,32.18000000000217,0.9999520922514317
3219,32.190000000002165,0.9999522420703911
3220,32.20000000000216,0.9999523914203367
3221,32.21000000000216,0.9999525403027373
3222,32.22000000000216,0.9999526887190578
3223,32.23000000000216,0.9999528366707583
3224,32.240000000002155,0.999952984159294
3225,32.25000000000215,0.9999531311861161
3226,32.26000000000215,0.9999532777526707
3227,32.27000000000215,0.9999534238603998
3228,32.28000000000215,0.9999535695107404
3229,32.290000000002145,0.9999537147051257
3230,32.30000000000214,0.9999538594449838
3231,32.31000000000214,0.9999540037317385
3232,32.32000000000214,0.9999541475668092
3233,32.33000000000214,0.9999542909516109
3234,32.340000000002135,0.9999544338875541
3235,32.35000000000213,0.9999545763760448
3236,32.36000000000213,0.9999547184184846
3237,32.37000000000213,0.9999548600162709
3238,32.38000000000213,0.9999550011707964
3239,32.390000000002125,0.9999551418834499
3240,32.40000000000212,0.9999552821556155
3241,32.41000000000212,0.9999554219886728
3242,32.42000000000212,0.9999555613839977
3243,32.43000000000212,0.9999557003429611
3244,32.440000000002115,0.9999558388669301
3245,32.45000000000211,0.9999559769572671
3246,32.46000000000211,0.9999561146153307
3247,32.47000000000211,0.9999562518424749
3248,32.48000000000211,0.9999563886400497
3249,32.490000000002105,0.9999565250094005
3250,32.5000000000021,0.9999566609518689
3251,32.5100000000021,0.9999567964687919
3252,32.5200000000021,0.9999569315615027
3253,32.5300000000021,0.9999570662313301
3254,32.540000000002095,0.9999572004795987
3255,32.55000000000209,0.9999573343076291
3256,32.56000000000209,0.9999574677167378
3257,32.57000000000209,0.9999576007082369
3258,32.58000000000209,0.9999577332834345
3259,32.590000000002085,0.9999578654436349
3260,32.60000000000208,0.9999579971901378
3261,32.61000000000208,0.9999581285242393
3262,32.62000000000208,0.9999582594472312
3263,32.63000000000208,0.9999583899604011
3264,32.640000000002075,0.9999585200650329
3265,32.65000000000207,0.9999586497624064
3266,32.66000000000207,0.9999587790537973
3267,32.67000000000207,0.9999589079404771
3268,32.68000000000207,0.9999590364237138
3269,32.690000000002065,0.9999591645047711
3270,32.70000000000206,0.9999592921849086
3271,32.71000000000206,0.9999594194653825
3272,32.72000000000206,0.9999595463474443
3273,32.73000000000206,0.9999596728323424
3274,32.740000000002055,0.9999597989213207
3275,32.75000000000205,0.9999599246156194
3276,32.76000000000205,0.9999600499164749
3277,32.77000000000205,0.9999601748251195
3278,32.78000000000205,0.9999602993427817
3279,32.790000000002046,0.9999604234706865
3280,32.80000000000204,0.9999605472100545
3281,32.81000000000204,0.9999606705621029
3282,32.82000000000204,0.9999607935280449
3283,32.83000000000204,0.9999609161090899
3284,32.840000000002036,0.9999610383064437
3285,32.850000000002034,0.999961160121308
3286,32.86000000000203,0.999961281554881
3287,32.87000000000203,0.999961402608357
3288,32.88000000000203,0.9999615232829265
3289,32.890000000002026,0.9999616435797767
3290,32.900000000002024,0.9999617635000906
3291,32.91000000000202,0.9999618830450475
3292,32.92000000000202,0.9999620022158233
3293,32.93000000000202,0.99996212101359
3294,32.940000000002016,0.9999622394395161
3295,32.950000000002014,0.9999623574947664
3296,32.96000000000201,0.9999624751805017
3297,32.97000000000201,0.9999625924978798
3298,32.98000000000201,0.9999627094480542
3299,32.990000000002006,0.9999628260321752
3300,33.000000000002004,0.9999629422513896
3301,33.010000000002,0.9999630581068403
3302,33.020000000002,0.9999631735996666
3303,33.030000000002,0.9999632887310045
3304,33.040000000001996,0.9999634035019862
3305,33.050000000001994,0.9999635179137406
3306,33.06000000000199,0.9999636319673927
3307,33.07000000000199,0.9999637456640644
3308,33.08000000000199,0.9999638590048738
3309,33.090000000001986,0.9999639719909356
3310,33.100000000001984,0.9999640846233607
3311,33.11000000000198,0.9999641969032572
3312,33.12000000000198,0.9999643088317292
3313,33.13000000000198,0.9999644204098773
3314,33.140000000001976,0.9999645316387991
3315,33.150000000001974,0.9999646425195882
3316,33.16000000000197,0.9999647530533351
3317,33.17000000000197,0.9999648632411269
3318,33.18000000000197,0.9999649730840473
3319,33.190000000001966,0.9999650825831764
3320,33.200000000001964,0.9999651917395911
3321,33.21000000000196,0.9999653005543648
3322,33.22000000000196,0.9999654090285678
3323,33.23000000000196,0.9999655171632666
3324,33.240000000001956,0.9999656249595249
3325,33.250000000001954,0.9999657324184025
3326,33.26000000000195,0.9999658395409563
3327,33.27000000000195,0.9999659463282398
3328,33.28000000000195,0.9999660527813029
3329,33.290000000001946,0.9999661589011928
3330,33.300000000001944,0.9999662646889528
3331,33.31000000000194,0.9999663701456233
3332,33.32000000000194,0.9999664752722414
3333,33.33000000000194,0.9999665800698407
3334,33.340000000001936,0.999966684539452
3335,33.350000000001934,0.9999667886821025
3336,33.36000000000193,0.9999668924988164
3337,33.37000000000193,0.9999669959906146
3338,33.38000000000193,0.9999670991585146
3339,33.390000000001926,0.9999672020035311
3340,33.400000000001924,0.9999673045266753
3341,33.41000000000192,0.9999674067289555
3342,33.42000000000192,0.9999675086113766
3343,33.43000000000192,0.9999676101749405
3344,33.440000000001916,0.999967711420646
3345,33.450000000001914,0.9999678123494885
3346,33.46000000000191,0.9999679129624606
3347,33.47000000000191,0.9999680132605516
3348,33.48000000000191,0.9999681132447479
3349,33.490000000001906,0.9999682129160323
3350,33.500000000001904,0.9999683122753853
3351,33.5100000000019,0.9999684113237837
3352,33.5200000000019,0.9999685100622016
3353,33.5300000000019,0.9999686084916096
3354,33.540000000001896,0.9999687066129759
3355,33.550000000001894,0.9999688044272651
3356,33.56000000000189,0.9999689019354391
3357,33.57000000000189,0.9999689991384566
3358,33.58000000000189,0.9999690960372736
3359,33.590000000001886,0.9999691926328426
3360,33.600000000001884,0.9999692889261136
3361,33.61000000000188,0.9999693849180334
3362,33.62000000000188,0.9999694806095458
3363,33.63000000000188,0.9999695760015918
3364,33.640000000001876,0.9999696710951093
3365,33.650000000001874,0.9999697658910331
3366,33.66000000000187,0.9999698603902958
3367,33.67000000000187,0.9999699545938261
3368,33.68000000000187,0.9999700485025503
3369,33.69000000000187,0.9999701421173921
3370,33.700000000001864,0.9999702354392715
3371,33.71000000000186,0.9999703284691065
3372,33.72000000000186,0.9999704212078114
3373,33.73000000000186,0.9999705136562984
3374,33.74000000000186,0.9999706058154763
3375,33.750000000001855,0.9999706976862511
3376,33.76000000000185,0.9999707892695263
3377,33.77000000000185,0.9999708805662023
3378,33.78000000000185,0.9999709715771766
3379,33.79000000000185,0.9999710623033442
3380,33.800000000001845,0.9999711527455971
3381,33.81000000000184,0.9999712429048244
3382,33.82000000000184,0.9999713327819127
3383,33.83000000000184,0.9999714223777455
3384,33.84000000000184,0.9999715116932039
3385,33.850000000001835,0.9999716007291657
3386,33.86000000000183,0.9999716894865066
3387,33.87000000000183,0.999971777966099
3388,33.88000000000183,0.9999718661688131
3389,33.89000000000183,0.9999719540955158
3390,33.900000000001825,0.9999720417470717
3391,33.91000000000182,0.9999721291243424
3392,33.92000000000182,0.9999722162281871
3393,33.93000000000182,0.999972303059462
3394,33.94000000000182,0.9999723896190211
3395,33.950000000001815,0.9999724759077151
3396,33.96000000000181,0.9999725619263924
3397,33.97000000000181,0.9999726476758987
3398,33.98000000000181,0.999972733157077
3399,33.99000000000181,0.9999728183707677
3400,34.000000000001805,0.9999729033178085
3401,34.0100000000018,0.9999729879990347
3402,34.0200000000018,0.9999730724152787
3403,34.0300000000018,0.9999731565673703
3404,34.0400000000018,0.9999732404561369
3405,34.050000000001795,0.9999733240824031
3406,34.06000000000179,0.9999734074469913
3407,34.07000000000179,0.9999734905507208
3408,34.08000000000179,0.9999735733944086
3409,34.09000000000179,0.9999736559788692
3410,34.100000000001785,0.9999737383049144
3411,34.11000000000178,0.9999738203733536
3412,34.12000000000178,0.9999739021849935
3413,34.13000000000178,0.9999739837406384
3414,34.14000000000178,0.99997406504109
3415,34.150000000001775,0.9999741460871476
3416,34.16000000000177,0.9999742268796079
3417,34.17000000000177,0.9999743074192651
3418,34.18000000000177,0.9999743877069109
3419,34.19000000000177,0.9999744677433348
3420,34.200000000001765,0.9999745475293231
3421,34.21000000000176,0.9999746270656606
3422,34.22000000000176,0.9999747063531289
3423,34.23000000000176,0.9999747853925076
3424,34.24000000000176,0.9999748641845734
3425,34.250000000001755,0.9999749427301011
3426,34.26000000000175,0.9999750210298626
3427,34.27000000000175,0.9999750990846277
3428,34.28000000000175,0.9999751768951637
3429,34.29000000000175,0.9999752544622353
3430,34.300000000001745,0.9999753317866052
3431,34.31000000000174,0.9999754088690335
3432,34.32000000000174,0.9999754857102776
3433,34.33000000000174,0.9999755623110931
3434,34.34000000000174,0.9999756386722328
3435,34.350000000001735,0.9999757147944476
3436,34.36000000000173,0.9999757906784853
3437,34.37000000000173,0.9999758663250922
3438,34.38000000000173,0.9999759417350117
3439,34.39000000000173,0.999976016908985
3440,34.400000000001725,0.999976091847751
3441,34.41000000000172,0.9999761665520466
3442,34.42000000000172,0.9999762410226057
3443,34.43000000000172,0.9999763152601605
3444,34.44000000000172,0.9999763892654407
3445,34.450000000001715,0.9999764630391736
3446,34.46000000000171,0.9999765365820846
3447,34.47000000000171,0.9999766098948962
3448,34.48000000000171,0.9999766829783293
3449,34.49000000000171,0.999976755833102
3450,34.500000000001705,0.9999768284599305
3451,34.5100000000017,0.9999769008595287
3452,34.5200000000017,0.9999769730326082
3453,34.5300000000017,0.9999770449798783
3454,34.5400000000017,0.9999771167020461
3455,34.550000000001695,0.9999771881998167
3456,34.56000000000169,0.9999772594738928
3457,34.57000000000169,0.9999773305249748
3458,34.58000000000169,0.9999774013537612
3459,34.59000000000169,0.999977471960948
3460,34.600000000001685,0.9999775423472294
3461,34.61000000000168,0.9999776125132968
3462,34.62000000000168,0.9999776824598401
3463,34.63000000000168,0.9999777521875467
3464,34.64000000000168,0.999977821697102
3465,34.650000000001675,0.999977890989189
3466,34.66000000000167,0.9999779600644888
3467,34.67000000000167,0.9999780289236803
3468,34.68000000000167,0.9999780975674402
3469,34.69000000000167,0.9999781659964432
3470,34.700000000001666,0.9999782342113618
3471,34.71000000000166,0.9999783022128664
3472,34.72000000000166,0.9999783700016254
3473,34.73000000000166,0.9999784375783048
3474,34.74000000000166,0.999978504943569
3475,34.750000000001656,0.9999785720980799
3476,34.760000000001654,0.9999786390424976
3477,34.77000000000165,0.9999787057774799
3478,34.78000000000165,0.9999787723036827
3479,34.79000000000165,0.9999788386217597
3480,34.800000000001646,0.9999789047323627
3481,34.810000000001644,0.9999789706361416
3482,34.82000000000164,0.9999790363337437
3483,34.83000000000164,0.999979101825815
3484,34.84000000000164,0.9999791671129988
3485,34.850000000001636,0.999979232195937
3486,34.860000000001634,0.999979297075269
3487,34.87000000000163,0.9999793617516324
3488,34.88000000000163,0.9999794262256628
3489,34.89000000000163,0.9999794904979938
3490,34.900000000001626,0.9999795545692571
3491,34.910000000001624,0.9999796184400822
3492,34.92000000000162,0.9999796821110968
3493,34.93000000000162,0.9999797455829266
3494,34.94000000000162,0.9999798088561954
3495,34.950000000001616,0.9999798719315248
3496,34.960000000001614,0.9999799348095348
3497,34.97000000000161,0.9999799974908433
3498,34.98000000000161,0.9999800599760661
3499,34.99000000000161,0.9999801222658173
3500,35.000000000001606,0.999980184360709
3501,35.010000000001604,0.9999802462613514
3502,35.0200000000016,0.9999803079683528
3503,35.0300000000016,0.9999803694823194
3504,35.0400000000016,0.9999804308038558
3505,35.050000000001596,0.9999804919335645
3506,35.060000000001594,0.9999805528720463
3507,35.07000000000159,0.9999806136198999
3508,35.08000000000159,0.9999806741777222
3509,35.09000000000159,0.9999807345461083
3510,35.100000000001586,0.9999807947256514
3511,35.110000000001584,0.9999808547169428
3512,35.12000000000158,0.9999809145205719
3513,35.13000000000158,0.9999809741371265
3514,35.14000000000158,0.9999810335671921
3515,35.150000000001576,0.9999810928113531
3516,35.160000000001574,0.9999811518701912
3517,35.17000000000157,0.9999812107442869
3518,35.18000000000157,0.9999812694342187
3519,35.19000000000157,0.9999813279405632
3520,35.200000000001566,0.9999813862638952
3521,35.210000000001564,0.9999814444047879
3522,35.22000000000156,0.9999815023638124
3523,35.23000000000156,0.9999815601415384
3524,35.24000000000156,0.9999816177385334
3525,35.250000000001556,0.9999816751553634
3526,35.260000000001554,0.9999817323925925
3527,35.27000000000155,0.999981789450783
3528,35.28000000000155,0.9999818463304957
3529,35.29000000000155,0.9999819030322892
3530,35.300000000001546,0.9999819595567209
3531,35.310000000001544,0.9999820159043459
3532,35.32000000000154,0.9999820720757179
3533,35.33000000000154,0.9999821280713888
3534,35.34000000000154,0.9999821838919087
3535,35.350000000001536,0.9999822395378262
3536,35.360000000001534,0.9999822950096877
3537,35.37000000000153,0.9999823503080385
3538,35.38000000000153,0.9999824054334218
3539,35.39000000000153,0.9999824603863791
3540,35.400000000001526,0.9999825151674503
3541,35.410000000001524,0.9999825697771737
3542,35.42000000000152,0.9999826242160856
3543,35.43000000000152,0.9999826784847212
3544,35.44000000000152,0.9999827325836134
3545,35.450000000001516,0.9999827865132935
3546,35.460000000001514,0.9999828402742917
3547,35.47000000000151,0.9999828938671361
3548,35.48000000000151,0.999982947292353
3549,35.49000000000151,0.9999830005504674
3550,35.500000000001506,0.9999830536420025
3551,35.510000000001504,0.9999831065674797
3552,35.5200000000015,0.9999831593274192
3553,35.5300000000015,0.9999832119223391
3554,35.5400000000015,0.9999832643527562
3555,35.550000000001496,0.9999833166191856
3556,35.560000000001494,0.9999833687221407
3557,35.57000000000149,0.9999834206621333
3558,35.58000000000149,0.9999834724396736
3559,35.59000000000149,0.9999835240552704
3560,35.60000000000149,0.9999835755094306
3561,35.610000000001484,0.9999836268026597
3562,35.62000000000148,0.9999836779354617
3563,35.63000000000148,0.9999837289083388
3564,35.64000000000148,0.9999837797217915
3565,35.65000000000148,0.9999838303763193
3566,35.660000000001475,0.9999838808724197
3567,35.67000000000147,0.9999839312105887
3568,35.68000000000147,0.9999839813913206
3569,35.69000000000147,0.9999840314151086
3570,35.70000000000147,0.999984081282444
3571,35.710000000001465,0.9999841309938166
3572,35.72000000000146,0.9999841805497146
3573,35.73000000000146,0.9999842299506251
3574,35.74000000000146,0.999984279197033
3575,35.75000000000146,0.9999843282894222
3576,35.760000000001455,0.9999843772282749
3577,35.77000000000145,0.9999844260140719
3578,35.78000000000145,0.9999844746472922
3579,35.79000000000145,0.9999845231284137
3580,35.80000000000145,0.9999845714579125
3581,35.810000000001445,0.9999846196362633
3582,35.82000000000144,0.9999846676639393
3583,35.83000000000144,0.9999847155414124
3584,35.84000000000144,0.9999847632691526
3585,35.85000000000144,0.999984810847629
3586,35.860000000001435,0.9999848582773087
3587,35.87000000000143,0.9999849055586576
3588,35.88000000000143,0.9999849526921402
3589,35.89000000000143,0.9999849996782192
3590,35.90000000000143,0.9999850465173563
3591,35.910000000001425,0.9999850932100115
3592,35.92000000000142,0.9999851397566435
3593,35.93000000000142,0.9999851861577093
3594,35.94000000000142,0.9999852324136647
3595,35.95000000000142,0.9999852785249639
3596,35.960000000001415,0.99998532449206
3597,35.97000000000141,0.9999853703154044
3598,35.98000000000141,0.999985415995447
3599,35.99000000000141,0.9999854615326366
3600,36.00000000000141,0.9999855069274204
3601,36.010000000001405,0.9999855521802441
3602,36.0200000000014,0.9999855972915523
3603,36.0300000000014,0.9999856422617881
3604,36.0400000000014,0.999985687091393
3605,36.0500000000014,0.9999857317808073
3606,36.060000000001395,0.99998577633047
3607,36.07000000000139,0.9999858207408184
3608,36.08000000000139,0.9999858650122889
3609,36.09000000000139,0.9999859091453163
3610,36.10000000000139,0.9999859531403337
3611,36.110000000001385,0.9999859969977734
3612,36.12000000000138,0.999986040718066
3613,36.13000000000138,0.9999860843016409
3614,36.14000000000138,0.9999861277489263
3615,36.15000000000138,0.9999861710603485
3616,36.160000000001375,0.9999862142363332
3617,36.17000000000137,0.9999862572773042
3618,36.18000000000137,0.9999863001836841
3619,36.19000000000137,0.9999863429558945
3620,36.20000000000137,0.9999863855943552
3621,36.210000000001365,0.999986428099485
3622,36.22000000000136,0.9999864704717014
3623,36.23000000000136,0.9999865127114204
3624,36.24000000000136,0.9999865548190567
3625,36.25000000000136,0.999986596795024
3626,36.260000000001355,0.9999866386397344
3627,36.27000000000135,0.9999866803535987
3628,36.28000000000135,0.9999867219370266
3629,36.29000000000135,0.9999867633904266
3630,36.30000000000135,0.9999868047142054
3631,36.310000000001345,0.9999868459087691
3632,36.32000000000134,0.9999868869745221
3633,36.33000000000134,0.9999869279118675
3634,36.34000000000134,0.9999869687212075
3635,36.35000000000134,0.9999870094029427
3636,36.360000000001335,0.9999870499574727
3637,36.37000000000133,0.9999870903851954
3638,36.38000000000133,0.9999871306865081
3639,36.39000000000133,0.9999871708618063
3640,36.40000000000133,0.9999872109114847
3641,36.410000000001325,0.9999872508359363
3642,36.42000000000132,0.9999872906355532
3643,36.43000000000132,0.9999873303107263
3644,36.44000000000132,0.999987369861845
3645,36.45000000000132,0.9999874092892977
3646,36.460000000001315,0.9999874485934717
3647,36.47000000000131,0.9999874877747525
3648,36.48000000000131,0.9999875268335252
3649,36.49000000000131,0.9999875657701731
3650,36.50000000000131,0.9999876045850785
3651,36.510000000001305,0.9999876432786227
3652,36.5200000000013,0.9999876818511853
3653,36.5300000000013,0.9999877203031451
3654,36.5400000000013,0.9999877586348798
3655,36.5500000000013,0.9999877968467655
3656,36.560000000001295,0.9999878349391775
3657,36.57000000000129,0.9999878729124899
3658,36.58000000000129,0.9999879107670754
3659,36.59000000000129,0.9999879485033055
3660,36.60000000000129,0.9999879861215509
3661,36.610000000001286,0.999988023622181
3662,36.62000000000128,0.9999880610055636
3663,36.63000000000128,0.9999880982720661
3664,36.64000000000128,0.9999881354220541
3665,36.65000000000128,0.9999881724558926
3666,36.660000000001276,0.9999882093739448
3667,36.670000000001274,0.9999882461765734
3668,36.68000000000127,0.9999882828641398
3669,36.69000000000127,0.9999883194370038
3670,36.70000000000127,0.9999883558955248
3671,36.710000000001266,0.9999883922400605
3672,36.720000000001264,0.9999884284709678
3673,36.73000000000126,0.9999884645886024
3674,36.74000000000126,0.9999885005933187
3675,36.75000000000126,0.9999885364854704
3676,36.760000000001256,0.9999885722654096
3677,36.770000000001254,0.9999886079334876
3678,36.78000000000125,0.9999886434900547
3679,36.79000000000125,0.9999886789354598
3680,36.80000000000125,0.999988714270051
3681,36.810000000001246,0.9999887494941749
3682,36.820000000001244,0.9999887846081775
3683,36.83000000000124,0.9999888196124035
3684,36.84000000000124,0.9999888545071963
3685,36.85000000000124,0.9999888892928986
3686,36.860000000001236,0.9999889239698518
3687,36.870000000001234,0.9999889585383964
3688,36.88000000000123,0.9999889929988717
3689,36.89000000000123,0.9999890273516158
3690,36.90000000000123,0.9999890615969661
3691,36.910000000001226,0.9999890957352586
3692,36.920000000001224,0.9999891297668284
3693,36.93000000000122,0.9999891636920097
3694,36.94000000000122,0.9999891975111354
3695,36.95000000000122,0.9999892312245374
3696,36.960000000001216,0.9999892648325467
3697,36.970000000001214,0.9999892983354932
3698,36.98000000000121,0.9999893317337056
3699,36.99000000000121,0.9999893650275119
3700,37.00000000000121,0.9999893982172388
3701,37.010000000001206,0.9999894313032119
3702,37.020000000001204,0.9999894642857563
3703,37.0300000000012,0.9999894971651955
3704,37.0400000000012,0.9999895299418522
3705,37.0500000000012,0.9999895626160481
3706,37.060000000001196,0.999989595188104
3707,37.070000000001194,0.9999896276583395
3708,37.08000000000119,0.9999896600270735
3709,37.09000000000119,0.9999896922946233
3710,37.10000000000119,0.9999897244613059
3711,37.110000000001186,0.9999897565274368
3712,37.120000000001184,0.9999897884933309
3713,37.13000000000118,0.9999898203593018
3714,37.14000000000118,0.9999898521256624
3715,37.15000000000118,0.9999898837927242
3716,37.160000000001176,0.9999899153607983
3717,37.170000000001174,0.9999899468301943
3718,37.18000000000117,0.999989978201221
3719,37.19000000000117,0.9999900094741865
3720,37.20000000000117,0.9999900406493976
3721,37.210000000001166,0.9999900717271601
3722,37.220000000001164,0.9999901027077792
3723,37.23000000000116,0.999990133591559
3724,37.24000000000116,0.9999901643788023
3725,37.25000000000116,0.9999901950698115
3726,37.260000000001156,0.9999902256648876
3727,37.270000000001154,0.999990256164331
3728,37.28000000000115,0.9999902865684409
3729,37.29000000000115,0.9999903168775157
3730,37.30000000000115,0.9999903470918529
3731,37.310000000001146,0.9999903772117489
3732,37.320000000001144,0.9999904072374992
3733,37.33000000000114,0.9999904371693987
3734,37.34000000000114,0.999990467007741
3735,37.35000000000114,0.9999904967528187
3736,37.360000000001136,0.999990526404924
3737,37.370000000001134,0.9999905559643477
3738,37.38000000000113,0.99999058543138
3739,37.39000000000113,0.9999906148063098
3740,37.40000000000113,0.9999906440894256
3741,37.410000000001126,0.9999906732810145
3742,37.420000000001124,0.9999907023813633
3743,37.43000000000112,0.9999907313907572
3744,37.44000000000112,0.9999907603094811
3745,37.45000000000112,0.9999907891378185
3746,37.460000000001116,0.9999908178760525
3747,37.470000000001114,0.9999908465244649
3748,37.48000000000111,0.9999908750833371
3749,37.49000000000111,0.999990903552949
3750,37.50000000000111,0.99999093193358
3751,37.51000000000111,0.9999909602255087
3752,37.520000000001104,0.9999909884290127
3753,37.5300000000011,0.9999910165443685
3754,37.5400000000011,0.9999910445718523
3755,37.5500000000011,0.9999910725117388
3756,37.5600000000011,0.9999911003643023
3757,37.570000000001095,0.9999911281298159
3758,37.58000000000109,0.9999911558085524
3759,37.59000000000109,0.9999911834007829
3760,37.60000000000109,0.9999912109067783
3761,37.61000000000109,0.9999912383268086
3762,37.620000000001085,0.9999912656611427
3763,37.63000000000108,0.9999912929100488
3764,37.64000000000108,0.9999913200737942
3765,37.65000000000108,0.9999913471526455
3766,37.66000000000108,0.9999913741468683
3767,37.670000000001075,0.9999914010567275
3768,37.68000000000107,0.999991427882487
3769,37.69000000000107,0.99999145462441
3770,37.70000000000107,0.9999914812827588
3771,37.71000000000107,0.9999915078577951
3772,37.720000000001065,0.9999915343497795
3773,37.73000000000106,0.999991560758972
3774,37.74000000000106,0.9999915870856316
3775,37.75000000000106,0.9999916133300165
3776,37.76000000000106,0.9999916394923843
3777,37.770000000001055,0.9999916655729917
3778,37.78000000000105,0.9999916915720943
3779,37.79000000000105,0.9999917174899474
3780,37.80000000000105,0.9999917433268051
3781,37.81000000000105,0.999991769082921
3782,37.820000000001045,0.9999917947585476
3783,37.83000000000104,0.9999918203539369
3784,37.84000000000104,0.9999918458693399
3785,37.85000000000104,0.9999918713050069
3786,37.86000000000104,0.9999918966611874
3787,37.870000000001035,0.9999919219381302
3788,37.88000000000103,0.9999919471360833
3789,37.89000000000103,0.9999919722552937
3790,37.90000000000103,0.9999919972960079
3791,37.91000000000103,0.9999920222584715
3792,37.920000000001025,0.9999920471429294
3793,37.93000000000102,0.9999920719496257
3794,37.94000000000102,0.9999920966788036
3795,37.95000000000102,0.9999921213307059
3796,37.96000000000102,0.9999921459055742
3797,37.970000000001015,0.9999921704036495
3798,37.98000000000101,0.9999921948251724
3799,37.99000000000101,0.9999922191703822
3800,38.00000000000101,0.9999922434395176
3801,38.01000000000101,0.9999922676328169
3802,38.020000000001005,0.9999922917505173
3803,38.030000000001,0.9999923157928553
3804,38.040000000001,0.9999923397600667
3805,38.050000000001,0.9999923636523866
3806,38.060000000001,0.9999923874700495
3807,38.070000000000995,0.9999924112132887
3808,38.08000000000099,0.9999924348823374
3809,38.09000000000099,0.9999924584774275
3810,38.10000000000099,0.9999924819987903
3811,38.11000000000099,0.999992505446657
3812,38.120000000000985,0.999992528821257
3813,38.13000000000098,0.9999925521228199
3814,38.14000000000098,0.9999925753515742
3815,38.15000000000098,0.9999925985077475
3816,38.16000000000098,0.9999926215915671
3817,38.170000000000975,0.9999926446032593
3818,38.18000000000097,0.9999926675430498
3819,38.19000000000097,0.9999926904111637
3820,38.20000000000097,0.9999927132078251
3821,38.21000000000097,0.9999927359332577
3822,38.220000000000965,0.9999927585876841
3823,38.23000000000096,0.9999927811713268
3824,38.24000000000096,0.9999928036844071
3825,38.25000000000096,0.9999928261271458
3826,38.26000000000096,0.999992848499763
3827,38.270000000000955,0.9999928708024781
3828,38.28000000000095,0.9999928930355099
3829,38.29000000000095,0.9999929151990762
3830,38.30000000000095,0.9999929372933946
3831,38.31000000000095,0.9999929593186815
3832,38.320000000000945,0.999992981275153
3833,38.33000000000094,0.9999930031630245
3834,38.34000000000094,0.9999930249825106
3835,38.35000000000094,0.9999930467338253
3836,38.36000000000094,0.9999930684171817
3837,38.370000000000935,0.9999930900327926
3838,38.38000000000093,0.9999931115808698
3839,38.39000000000093,0.9999931330616247
3840,38.40000000000093,0.999993154475268
3841,38.41000000000093,0.9999931758220095
3842,38.420000000000925,0.9999931971020587
3843,38.43000000000092,0.9999932183156242
3844,38.44000000000092,0.9999932394629139
3845,38.45000000000092,0.9999932605441352
3846,38.46000000000092,0.9999932815594949
3847,38.470000000000915,0.9999933025091989
3848,38.48000000000091,0.9999933233934528
3849,38.49000000000091,0.9999933442124612
3850,38.50000000000091,0.9999933649664283
3851,38.51000000000091,0.9999933856555576
3852,38.520000000000906,0.999993406280052
3853,38.5300000000009,0.9999934268401135
3854,38.5400000000009,0.999993447335944
3855,38.5500000000009,0.9999934677677441
3856,38.5600000000009,0.9999934881357144
3857,38.570000000000896,0.9999935084400545
3858,38.580000000000894,0.9999935286809635
3859,38.59000000000089,0.9999935488586398
3860,38.60000000000089,0.9999935689732812
3861,38.61000000000089,0.999993589025085
3862,38.620000000000886,0.9999936090142476
3863,38.630000000000884,0.9999936289409651
3864,38.64000000000088,0.999993648805433
3865,38.65000000000088,0.9999936686078458
3866,38.66000000000088,0.9999936883483977
3867,38.670000000000876,0.9999937080272824
3868,38.680000000000874,0.9999937276446925
3869,38.69000000000087,0.9999937472008206
3870,38.70000000000087,0.9999937666958584
3871,38.71000000000087,0.9999937861299968
3872,38.720000000000866,0.9999938055034264
3873,38.730000000000864,0.9999938248163374
3874,38.74000000000086,0.9999938440689187
3875,38.75000000000086,0.9999938632613593
3876,38.76000000000086,0.9999938823938472
3877,38.770000000000856,0.9999939014665701
3878,38.780000000000854,0.9999939204797148
3879,38.79000000000085,0.9999939394334678
3880,38.80000000000085,0.9999939583280149
3881,38.81000000000085,0.9999939771635412
3882,38.820000000000846,0.9999939959402314
3883,38.830000000000844,0.9999940146582696
3884,38.84000000000084,0.9999940333178392
3885,38.85000000000084,0.9999940519191232
3886,38.86000000000084,0.9999940704623038
3887,38.870000000000836,0.9999940889475629
3888,38.880000000000834,0.9999941073750815
3889,38.89000000000083,0.9999941257450405
3890,38.90000000000083,0.9999941440576198
3891,38.91000000000083,0.9999941623129988
3892,38.920000000000826,0.9999941805113566
3893,38.930000000000824,0.9999941986528714
3894,38.94000000000082,0.9999942167377213
3895,38.95000000000082,0.9999942347660832
3896,38.96000000000082,0.999994252738134
3897,38.970000000000816,0.9999942706540499
3898,38.980000000000814,0.9999942885140064
3899,38.99000000000081,0.9999943063181785
3900,39.00000000000081,0.9999943240667408
3901,39.01000000000081,0.9999943417598673
3902,39.020000000000806,0.9999943593977313
3903,39.030000000000804,0.9999943769805056
3904,39.0400000000008,0.9999943945083627
3905,39.0500000000008,0.9999944119814743
3906,39.0600000000008,0.9999944294000116
3907,39.070000000000796,0.9999944467641454
3908,39.080000000000794,0.9999944640740458
3909,39.09000000000079,0.9999944813298824
3910,39.10000000000079,0.9999944985318244
3911,39.11000000000079,0.9999945156800404
3912,39.120000000000786,0.9999945327746984
3913,39.130000000000784,0.999994549815966
3914,39.14000000000078,0.9999945668040101
3915,39.15000000000078,0.9999945837389972
3916,39.16000000000078,0.9999946006210932
3917,39.170000000000776,0.9999946174504638
3918,39.180000000000774,0.9999946342272736
3919,39.19000000000077,0.9999946509516873
3920,39.20000000000077,0.9999946676238685
3921,39.21000000000077,0.9999946842439806
3922,39.220000000000766,0.9999947008121868
3923,39.230000000000764,0.9999947173286491
3924,39.24000000000076,0.9999947337935295
3925,39.25000000000076,0.9999947502069894
3926,39.26000000000076,0.9999947665691894
3927,39.270000000000756,0.99999478288029
3928,39.280000000000754,0.9999947991404511
3929,39.29000000000075,0.9999948153498318
3930,39.30000000000075,0.9999948315085911
3931,39.31000000000075,0.9999948476168874
3932,39.320000000000746,0.9999948636748783
3933,39.330000000000744,0.9999948796827214
3934,39.34000000000074,0.9999948956405733
3935,39.35000000000074,0.9999949115485905
3936,39.36000000000074,0.999994927406929
3937,39.370000000000736,0.9999949432157439
3938,39.380000000000734,0.9999949589751902
3939,39.39000000000073,0.9999949746854223
3940,39.40000000000073,0.9999949903465942
3941,39.41000000000073,0.9999950059588594
3942,39.42000000000073,0.9999950215223706
3943,39.430000000000724,0.9999950370372805
3944,39.44000000000072,0.9999950525037411
3945,39.45000000000072,0.9999950679219038
3946,39.46000000000072,0.9999950832919199
3947,39.47000000000072,0.9999950986139396
3948,39.480000000000715,0.9999951138881135
3949,39.49000000000071,0.9999951291145908
3950,39.50000000000071,0.9999951442935209
3951,39.51000000000071,0.9999951594250523
3952,39.52000000000071,0.9999951745093336
3953,39.530000000000705,0.9999951895465122
3954,39.5400000000007,0.9999952045367357
3955,39.5500000000007,0.9999952194801508
3956,39.5600000000007,0.999995234376904
3957,39.5700000000007,0.999995249227141
3958,39.580000000000695,0.9999952640310076
3959,39.59000000000069,0.9999952787886486
3960,39.60000000000069,0.9999952935002085
3961,39.61000000000069,0.9999953081658318
3962,39.62000000000069,0.9999953227856617
3963,39.630000000000685,0.9999953373598417
3964,39.64000000000068,0.9999953518885145
3965,39.65000000000068,0.9999953663718224
3966,39.66000000000068,0.9999953808099072
3967,39.67000000000068,0.9999953952029106
3968,39.680000000000675,0.9999954095509732
3969,39.69000000000067,0.9999954238542358
3970,39.70000000000067,0.9999954381128385
3971,39.71000000000067,0.9999954523269209
3972,39.72000000000067,0.9999954664966221
3973,39.730000000000665,0.9999954806220811
3974,39.74000000000066,0.9999954947034363
3975,39.75000000000066,0.9999955087408253
3976,39.76000000000066,0.999995522734386
3977,39.77000000000066,0.9999955366842552
3978,39.780000000000655,0.9999955505905695
3979,39.79000000000065,0.9999955644534654
3980,39.80000000000065,0.9999955782730784
3981,39.81000000000065,0.9999955920495439
3982,39.82000000000065,0.9999956057829968
3983,39.830000000000645,0.9999956194735719
3984,39.84000000000064,0.9999956331214028
3985,39.85000000000064,0.9999956467266237
3986,39.86000000000064,0.9999956602893674
3987,39.87000000000064,0.999995673809767
3988,39.880000000000635,0.9999956872879547
3989,39.89000000000063,0.9999957007240627
3990,39.90000000000063,0.9999957141182225
3991,39.91000000000063,0.9999957274705654
3992,39.92000000000063,0.9999957407812219
3993,39.930000000000625,0.9999957540503226
3994,39.94000000000062,0.9999957672779973
3995,39.95000000000062,0.9999957804643756
3996,39.96000000000062,0.9999957936095868
3997,39.97000000000062,0.9999958067137593
3998,39.980000000000615,0.9999958197770217
3999,39.99000000000061,0.9999958327995017
4000,40.00000000000061,0.9999958457813269
4001,40.01000000000061,0.9999958587226246
4002,40.02000000000061,0.9999958716235214
4003,40.030000000000605,0.9999958844841436
4004,40.0400000000006,0.9999958973046171
4005,40.0500000000006,0.9999959100850676
4006,40.0600000000006,0.9999959228256201
4007,40.0700000000006,0.9999959355263994
4008,40.080000000000595,0.99999594818753
4009,40.09000000000059,0.9999959608091357
4010,40.10000000000059,0.99999597339134
4011,40.11000000000059,0.9999959859342664
4012,40.12000000000059,0.9999959984380375
4013,40.130000000000585,0.9999960109027758
4014,40.14000000000058,0.9999960233286034
4015,40.15000000000058,0.9999960357156419
4016,40.16000000000058,0.9999960480640125
4017,40.17000000000058,0.9999960603738363
4018,40.180000000000575,0.9999960726452337
4019,40.19000000000057,0.9999960848783248
4020,40.20000000000057,0.9999960970732296
4021,40.21000000000057,0.9999961092300672
4022,40.22000000000057,0.9999961213489569
4023,40.230000000000565,0.9999961334300171
4024,40.24000000000056,0.9999961454733663
4025,40.25000000000056,0.9999961574791223
4026,40.26000000000056,0.9999961694474027
4027,40.27000000000056,0.9999961813783246
4028,40.280000000000555,0.9999961932720048
4029,40.29000000000055,0.9999962051285598
4030,40.30000000000055,0.9999962169481057
4031,40.31000000000055,0.9999962287307581
4032,40.32000000000055,0.9999962404766325
4033,40.330000000000545,0.9999962521858438
4034,40.34000000000054,0.9999962638585066
4035,40.35000000000054,0.9999962754947352
4036,40.36000000000054,0.9999962870946436
4037,40.37000000000054,0.9999962986583453
4038,40.380000000000535,0.9999963101859535
4039,40.39000000000053,0.9999963216775809
4040,40.40000000000053,0.9999963331333402
4041,40.41000000000053,0.9999963445533435
4042,40.42000000000053,0.9999963559377025
4043,40.430000000000526,0.9999963672865287
4044,40.44000000000052,0.9999963785999333
4045,40.45000000000052,0.9999963898780269
4046,40.46000000000052,0.9999964011209198
4047,40.47000000000052,0.9999964123287223
4048,40.480000000000516,0.9999964235015439
4049,40.490000000000514,0.9999964346394942
4050,40.50000000000051,0.999996445742682
4051,40.51000000000051,0.999996456811216
4052,40.52000000000051,0.9999964678452047
4053,40.530000000000506,0.9999964788447558
4054,40.540000000000504,0.9999964898099774
4055,40.5500000000005,0.9999965007409765
4056,40.5600000000005,0.9999965116378602
4057,40.5700000000005,0.999996522500735
4058,40.580000000000496,0.9999965333297075
4059,40.590000000000494,0.9999965441248835
4060,40.60000000000049,0.9999965548863686
4061,40.61000000000049,0.9999965656142684
4062,40.62000000000049,0.9999965763086877
4063,40.630000000000486,0.999996586969731
4064,40.640000000000484,0.9999965975975029
4065,40.65000000000048,0.9999966081921075
4066,40.66000000000048,0.9999966187536481
4067,40.67000000000048,0.9999966292822284
4068,40.680000000000476,0.9999966397779514
4069,40.690000000000474,0.9999966502409197
4070,40.70000000000047,0.9999966606712356
4071,40.71000000000047,0.9999966710690015
4072,40.72000000000047,0.9999966814343189
4073,40.730000000000466,0.9999966917672892
4074,40.740000000000464,0.9999967020680137
4075,40.75000000000046,0.9999967123365933
4076,40.76000000000046,0.9999967225731281
4077,40.77000000000046,0.9999967327777185
4078,40.780000000000456,0.9999967429504645
4079,40.790000000000454,0.9999967530914654
4080,40.80000000000045,0.9999967632008205
4081,40.81000000000045,0.9999967732786288
4082,40.82000000000045,0.9999967833249889
4083,40.830000000000446,0.999996793339999
4084,40.840000000000444,0.9999968033237573
4085,40.85000000000044,0.9999968132763613
4086,40.86000000000044,0.9999968231979084
4087,40.87000000000044,0.9999968330884957
4088,40.880000000000436,0.9999968429482202
4089,40.890000000000434,0.9999968527771781
4090,40.90000000000043,0.9999968625754656
4091,40.91000000000043,0.9999968723431787
4092,40.92000000000043,0.9999968820804128
4093,40.930000000000426,0.9999968917872634
4094,40.940000000000424,0.9999969014638252
4095,40.95000000000042,0.9999969111101932
4096,40.96000000000042,0.9999969207264615
4097,40.97000000000042,0.9999969303127243
4098,40.980000000000416,0.9999969398690755
4099,40.990000000000414,0.9999969493956083
4100,41.00000000000041,0.9999969588924161
4101,41.01000000000041,0.999996968359592
4102,41.02000000000041,0.9999969777972282
4103,41.030000000000406,0.9999969872054173
4104,41.040000000000404,0.9999969965842513
4105,41.0500000000004,0.9999970059338219
4106,41.0600000000004,0.9999970152542207
4107,41.0700000000004,0.9999970245455387
4108,41.080000000000396,0.9999970338078671
4109,41.090000000000394,0.9999970430412961
4110,41.10000000000039,0.9999970522459163
4111,41.11000000000039,0.9999970614218177
4112,41.12000000000039,0.9999970705690899
4113,41.130000000000386,0.9999970796878227
4114,41.140000000000384,0.9999970887781051
4115,41.15000000000038,0.999997097840026
4116,41.16000000000038,0.999997106873674
4117,41.17000000000038,0.9999971158791378
4118,41.180000000000376,0.999997124856505
4119,41.190000000000374,0.9999971338058639
4120,41.20000000000037,0.9999971427273016
4121,41.21000000000037,0.9999971516209056
4122,41.22000000000037,0.999997160486763
4123,41.230000000000366,0.9999971693249603
4124,41.240000000000364,0.9999971781355841
4125,41.25000000000036,0.9999971869187204
4126,41.26000000000036,0.9999971956744553
4127,41.27000000000036,0.9999972044028744
4128,41.280000000000356,0.999997213104063
4129,41.290000000000354,0.9999972217781062
4130,41.30000000000035,0.999997230425089
4131,41.31000000000035,0.9999972390450959
4132,41.32000000000035,0.999997247638211
4133,41.33000000000035,0.9999972562045185
4134,41.340000000000344,0.9999972647441023
4135,41.35000000000034,0.9999972732570458
4136,41.36000000000034,0.9999972817434323
4137,41.37000000000034,0.9999972902033447
4138,41.38000000000034,0.9999972986368658
4139,41.390000000000335,0.9999973070440782
4140,41.40000000000033,0.9999973154250639
4141,41.41000000000033,0.999997323779905
4142,41.42000000000033,0.9999973321086831
4143,41.43000000000033,0.9999973404114799
4144,41.440000000000325,0.9999973486883763
4145,41.45000000000032,0.9999973569394535
4146,41.46000000000032,0.9999973651647919
4147,41.47000000000032,0.9999973733644721
4148,41.48000000000032,0.9999973815385744
4149,41.490000000000315,0.9999973896871786
4150,41.50000000000031,0.9999973978103643
4151,41.51000000000031,0.9999974059082111
4152,41.52000000000031,0.9999974139807981
4153,41.53000000000031,0.9999974220282043
4154,41.540000000000305,0.9999974300505082
4155,41.5500000000003,0.9999974380477886
4156,41.5600000000003,0.9999974460201234
4157,41.5700000000003,0.9999974539675907
4158,41.5800000000003,0.9999974618902681
4159,41.590000000000295,0.999997469788233
4160,41.60000000000029,0.9999974776615629
4161,41.61000000000029,0.9999974855103346
4162,41.62000000000029,0.999997493334625
4163,41.63000000000029,0.9999975011345102
4164,41.640000000000285,0.999997508910067
4165,41.65000000000028,0.999997516661371
4166,41.66000000000028,0.9999975243884983
4167,41.67000000000028,0.9999975320915242
4168,41.68000000000028,0.9999975397705242
4169,41.690000000000275,0.9999975474255732
4170,41.70000000000027,0.9999975550567461
4171,41.71000000000027,0.9999975626641177
4172,41.72000000000027,0.9999975702477621
4173,41.73000000000027,0.9999975778077537
4174,41.740000000000265,0.999997585344166
4175,41.75000000000026,0.9999975928570732
4176,41.76000000000026,0.9999976003465484
4177,41.77000000000026,0.9999976078126649
4178,41.78000000000026,0.9999976152554958
4179,41.790000000000255,0.9999976226751136
4180,41.80000000000025,0.9999976300715911
4181,41.81000000000025,0.9999976374450005
4182,41.82000000000025,0.9999976447954139
4183,41.83000000000025,0.999997652122903
4184,41.840000000000245,0.9999976594275397
4185,41.85000000000024,0.9999976667093953
4186,41.86000000000024,0.9999976739685409
4187,41.87000000000024,0.9999976812050475
4188,41.88000000000024,0.9999976884189858
4189,41.890000000000235,0.9999976956104265
4190,41.90000000000023,0.9999977027794397
4191,41.91000000000023,0.9999977099260955
4192,41.92000000000023,0.9999977170504638
4193,41.93000000000023,0.9999977241526143
4194,41.940000000000225,0.9999977312326163
4195,41.95000000000022,0.9999977382905391
4196,41.96000000000022,0.9999977453264516
4197,41.97000000000022,0.9999977523404225
4198,41.98000000000022,0.9999977593325206
4199,41.990000000000215,0.999997766302814
4200,42.00000000000021,0.9999977732513711
4201,42.01000000000021,0.9999977801782595
4202,42.02000000000021,0.999997787083547
4203,42.03000000000021,0.9999977939673013
4204,42.040000000000205,0.9999978008295893
4205,42.0500000000002,0.9999978076704784
4206,42.0600000000002,0.9999978144900353
4207,42.0700000000002,0.9999978212883268
4208,42.0800000000002,0.9999978280654191
4209,42.090000000000195,0.9999978348213786
4210,42.10000000000019,0.9999978415562712
4211,42.11000000000019,0.9999978482701629
4212,42.12000000000019,0.9999978549631191
4213,42.13000000000019,0.9999978616352054
4214,42.140000000000185,0.999997868286487
4215,42.15000000000018,0.9999978749170286
4216,42.16000000000018,0.9999978815268954
4217,42.17000000000018,0.9999978881161516
4218,42.18000000000018,0.999997894684862
4219,42.190000000000175,0.9999979012330904
4220,42.20000000000017,0.9999979077609011
4221,42.21000000000017,0.9999979142683577
4222,42.22000000000017,0.9999979207555239
4223,42.23000000000017,0.999997927222463
4224,42.240000000000165,0.9999979336692382
4225,42.25000000000016,0.9999979400959125
4226,42.26000000000016,0.9999979465025487
4227,42.27000000000016,0.9999979528892095
4228,42.28000000000016,0.9999979592559571
4229,42.290000000000155,0.9999979656028539
4230,42.30000000000015,0.9999979719299619
4231,42.31000000000015,0.9999979782373427
4232,42.32000000000015,0.9999979845250582
4233,42.33000000000015,0.9999979907931696
4234,42.340000000000146,0.9999979970417383
4235,42.35000000000014,0.9999980032708254
4236,42.36000000000014,0.9999980094804916
4237,42.37000000000014,0.9999980156707976
4238,42.38000000000014,0.999998021841804
4239,42.390000000000136,0.999998027993571
4240,42.400000000000134,0.9999980341261585
4241,42.41000000000013,0.9999980402396268
4242,42.42000000000013,0.9999980463340354
4243,42.43000000000013,0.9999980524094438
4244,42.440000000000126,0.9999980584659116
4245,42.450000000000124,0.9999980645034977
4246,42.46000000000012,0.9999980705222612
4247,42.47000000000012,0.9999980765222608
4248,42.48000000000012,0.9999980825035553
4249,42.490000000000116,0.9999980884662029
4250,42.500000000000114,0.999998094410262
4251,42.51000000000011,0.9999981003357906
4252,42.52000000000011,0.9999981062428467
4253,42.53000000000011,0.9999981121314879
4254,42.540000000000106,0.9999981180017717
4255,42.550000000000104,0.9999981238537554
4256,42.5600000000001,0.9999981296874964
4257,42.5700000000001,0.9999981355030514
4258,42.5800000000001,0.9999981413004774
4259,42.590000000000096,0.9999981470798308
4260,42.600000000000094,0.9999981528411683
4261,42.61000000000009,0.9999981585845461
4262,42.62000000000009,0.9999981643100203
4263,42.63000000000009,0.9999981700176467
4264,42.640000000000086,0.9999981757074812
4265,42.650000000000084,0.9999981813795793
4266,42.66000000000008,0.9999981870339963
4267,42.67000000000008,0.9999981926707877
4268,42.68000000000008,0.9999981982900084
4269,42.690000000000076,0.9999982038917131
4270,42.700000000000074,0.9999982094759569
4271,42.71000000000007,0.999998215042794
4272,42.72000000000007,0.9999982205922788
4273,42.73000000000007,0.9999982261244657
4274,42.740000000000066,0.9999982316394085
4275,42.750000000000064,0.9999982371371613
4276,42.76000000000006,0.9999982426177776
4277,42.77000000000006,0.9999982480813109
4278,42.78000000000006,0.9999982535278147
4279,42.790000000000056,0.9999982589573421
4280,42.800000000000054,0.9999982643699462
4281,42.81000000000005,0.9999982697656797
4282,42.82000000000005,0.9999982751445955
4283,42.83000000000005,0.9999982805067459
4284,42.840000000000046,0.9999982858521834
4285,42.850000000000044,0.9999982911809602
4286,42.86000000000004,0.9999982964931283
4287,42.87000000000004,0.9999983017887396
4288,42.88000000000004,0.9999983070678458
4289,42.890000000000036,0.9999983123304983
4290,42.900000000000034,0.9999983175767487
4291,42.91000000000003,0.9999983228066481
4292,42.92000000000003,0.9999983280202477
4293,42.93000000000003,0.9999983332175982
4294,42.940000000000026,0.9999983383987506
4295,42.950000000000024,0.9999983435637553
4296,42.96000000000002,0.9999983487126627
4297,42.97000000000002,0.9999983538455232
4298,42.98000000000002,0.9999983589623869
4299,42.990000000000016,0.9999983640633036
4300,43.000000000000014,0.9999983691483233
4301,43.01000000000001,0.9999983742174955
4302,43.02000000000001,0.9999983792708698
4303,43.03000000000001,0.9999983843084954
4304,43.040000000000006,0.9999983893304217
4305,43.050000000000004,0.9999983943366976
4306,43.06,0.9999983993273719
4307,43.07,0.9999984043024934
4308,43.08,0.9999984092621106
4309,43.089999999999996,0.9999984142062721
4310,43.099999999999994,0.999998419135026
4311,43.10999999999999,0.9999984240484204
4312,43.11999999999999,0.9999984289465034
4313,43.12999999999999,0.9999984338293226
4314,43.139999999999986,0.999998438696926
4315,43.149999999999984,0.9999984435493607
4316,43.15999999999998,0.9999984483866744
4317,43.16999999999998,0.9999984532089141
4318,43.17999999999998,0.9999984580161271
4319,43.189999999999976,0.9999984628083601
4320,43.199999999999974,0.99999846758566
4321,43.20999999999997,0.9999984723480734
4322,43.21999999999997,0.9999984770956467
4323,43.22999999999997,0.9999984818284264
4324,43.23999999999997,0.9999984865464586
4325,43.249999999999964,0.9999984912497895
4326,43.25999999999996,0.9999984959384647
4327,43.26999999999996,0.9999985006125302
4328,43.27999999999996,0.9999985052720315
4329,43.28999999999996,0.9999985099170141
4330,43.299999999999955,0.9999985145475234
4331,43.30999999999995,0.9999985191636046
4332,43.31999999999995,0.9999985237653026
4333,43.32999999999995,0.9999985283526626
4334,43.33999999999995,0.9999985329257289
4335,43.349999999999945,0.9999985374845467
4336,43.35999999999994,0.99999854202916
4337,43.36999999999994,0.9999985465596135
4338,43.37999999999994,0.9999985510759511
4339,43.38999999999994,0.9999985555782173
4340,43.399999999999935,0.9999985600664556
4341,43.40999999999993,0.9999985645407099
4342,43.41999999999993,0.9999985690010241
4343,43.42999999999993,0.9999985734474415
4344,43.43999999999993,0.9999985778800056
4345,43.449999999999925,0.9999985822987595
4346,43.45999999999992,0.9999985867037464
4347,43.46999999999992,0.9999985910950094
4348,43.47999999999992,0.9999985954725913
4349,43.48999999999992,0.9999985998365347
4350,43.499999999999915,0.9999986041868822
4351,43.50999999999991,0.9999986085236764
4352,43.51999999999991,0.9999986128469595
4353,43.52999999999991,0.9999986171567736
4354,43.53999999999991,0.999998621453161
4355,43.549999999999905,0.9999986257361634
4356,43.5599999999999,0.9999986300058226
4357,43.5699999999999,0.9999986342621803
4358,43.5799999999999,0.9999986385052781
4359,43.5899999999999,0.9999986427351574
4360,43.599999999999895,0.9999986469518592
4361,43.60999999999989,0.9999986511554251
4362,43.61999999999989,0.9999986553458957
4363,43.62999999999989,0.9999986595233121
4364,43.63999999999989,0.999998663687715
4365,43.649999999999885,0.9999986678391449
4366,43.65999999999988,0.9999986719776426
4367,43.66999999999988,0.9999986761032482
4368,43.67999999999988,0.999998680216002
4369,43.68999999999988,0.9999986843159443
4370,43.699999999999875,0.9999986884031149
4371,43.70999999999987,0.9999986924775537
4372,43.71999999999987,0.9999986965393004
4373,43.72999999999987,0.9999987005883948
4374,43.73999999999987,0.9999987046248763
4375,43.749999999999865,0.9999987086487842
4376,43.75999999999986,0.9999987126601578
4377,43.76999999999986,0.9999987166590364
4378,43.77999999999986,0.9999987206454587
4379,43.78999999999986,0.9999987246194638
4380,43.799999999999855,0.9999987285810904
4381,43.80999999999985,0.9999987325303771
4382,43.81999999999985,0.9999987364673625
4383,43.82999999999985,0.9999987403920849
4384,43.83999999999985,0.9999987443045828
4385,43.849999999999845,0.9999987482048941
4386,43.85999999999984,0.9999987520930569
4387,43.86999999999984,0.9999987559691093
4388,43.87999999999984,0.9999987598330888
4389,43.88999999999984,0.9999987636850334
4390,43.899999999999835,0.9999987675249804
4391,43.90999999999983,0.9999987713529674
4392,43.91999999999983,0.9999987751690318
4393,43.92999999999983,0.9999987789732107
4394,43.93999999999983,0.9999987827655411
4395,43.949999999999825,0.9999987865460601
4396,43.95999999999982,0.9999987903148047
4397,43.96999999999982,0.9999987940718115
4398,43.97999999999982,0.9999987978171171
4399,43.98999999999982,0.9999988015507582
4400,43.999999999999815,0.999998805272771
4401,44.00999999999981,0.9999988089831918
4402,44.01999999999981,0.999998812682057
4403,44.02999999999981,0.9999988163694026
4404,44.03999999999981,0.9999988200452644
4405,44.049999999999805,0.9999988237096783
4406,44.0599999999998,0.9999988273626802
4407,44.0699999999998,0.9999988310043055
4408,44.0799999999998,0.9999988346345898
4409,44.0899999999998,0.9999988382535685
4410,44.099999999999795,0.999998841861277
4411,44.10999999999979,0.9999988454577502
4412,44.11999999999979,0.9999988490430234
4413,44.12999999999979,0.9999988526171315
4414,44.13999999999979,0.9999988561801093
4415,44.149999999999785,0.9999988597319915
4416,44.15999999999978,0.999998863272813
4417,44.16999999999978,0.999998866802608
4418,44.17999999999978,0.999998870321411
4419,44.18999999999978,0.9999988738292563
4420,44.199999999999775,0.9999988773261782
4421,44.20999999999977,0.9999988808122108
4422,44.21999999999977,0.9999988842873879
4423,44.22999999999977,0.9999988877517436
4424,44.23999999999977,0.9999988912053115
4425,44.249999999999766,0.9999988946481254
4426,44.25999999999976,0.9999988980802188
4427,44.26999999999976,0.9999989015016251
4428,44.27999999999976,0.9999989049123778
4429,44.28999999999976,0.9999989083125099
4430,44.299999999999756,0.9999989117020548
4431,44.309999999999754,0.9999989150810454
4432,44.31999999999975,0.9999989184495147
4433,44.32999999999975,0.9999989218074955
4434,44.33999999999975,0.9999989251550206
4435,44.349999999999746,0.9999989284921226
4436,44.359999999999744,0.9999989318188339
4437,44.36999999999974,0.9999989351351871
4438,44.37999999999974,0.9999989384412145
4439,44.38999999999974,0.9999989417369483
4440,44.399999999999736,0.9999989450224205
4441,44.409999999999734,0.9999989482976632
4442,44.41999999999973,0.9999989515627083
4443,44.42999999999973,0.9999989548175878
4444,44.43999999999973,0.9999989580623333
4445,44.449999999999726,0.9999989612969764
4446,44.459999999999724,0.9999989645215487
4447,44.46999999999972,0.9999989677360814
4448,44.47999999999972,0.9999989709406061
4449,44.48999999999972,0.9999989741351539
4450,44.499999999999716,0.999998977319756
4451,44.509999999999714,0.9999989804944434
4452,44.51999999999971,0.999998983659247
4453,44.52999999999971,0.9999989868141976
4454,44.53999999999971,0.9999989899593261
4455,44.549999999999706,0.9999989930946631
4456,44.559999999999704,0.9999989962202391
4457,44.5699999999997,0.9999989993360846
4458,44.5799999999997,0.99999900244223
4459,44.5899999999997,0.9999990055387054
4460,44.599999999999696,0.999999008625541
4461,44.609999999999694,0.9999990117027672
4462,44.61999999999969,0.9999990147704135
4463,44.62999999999969,0.9999990178285102
4464,44.63999999999969,0.9999990208770869
4465,44.649999999999686,0.9999990239161733
4466,44.659999999999684,0.9999990269457991
4467,44.66999999999968,0.9999990299659938
4468,44.67999999999968,0.9999990329767867
4469,44.68999999999968,0.9999990359782074
4470,44.699999999999676,0.9999990389702849
4471,44.709999999999674,0.9999990419530483
4472,44.71999999999967,0.9999990449265269
4473,44.72999999999967,0.9999990478907496
4474,44.73999999999967,0.9999990508457451
4475,44.749999999999666,0.9999990537915424
4476,44.759999999999664,0.9999990567281701
4477,44.76999999999966,0.9999990596556569
4478,44.77999999999966,0.9999990625740313
4479,44.78999999999966,0.9999990654833215
4480,44.799999999999656,0.9999990683835561
4481,44.809999999999654,0.9999990712747634
4482,44.81999999999965,0.9999990741569713
4483,44.82999999999965,0.9999990770302081
4484,44.83999999999965,0.9999990798945017
4485,44.849999999999646,0.9999990827498799
4486,44.859999999999644,0.9999990855963707
4487,44.86999999999964,0.9999990884340019
4488,44.87999999999964,0.9999990912628008
4489,44.88999999999964,0.9999990940827953
4490,44.899999999999636,0.9999990968940126
4491,44.909999999999634,0.9999990996964803
4492,44.91999999999963,0.9999991024902255
4493,44.92999999999963,0.9999991052752755
4494,44.93999999999963,0.9999991080516575
4495,44.949999999999626,0.9999991108193984
4496,44.959999999999624,0.9999991135785253
4497,44.96999999999962,0.999999116329065
4498,44.97999999999962,0.9999991190710443
4499,44.98999999999962,0.9999991218044899
4500,44.999999999999616,0.9999991245294284
4501,45.009999999999614,0.9999991272458864
4502,45.01999999999961,0.9999991299538903
4503,45.02999999999961,0.9999991326534665
4504,45.03999999999961,0.9999991353446412
4505,45.049999999999606,0.9999991380274408
4506,45.059999999999604,0.9999991407018912
4507,45.0699999999996,0.9999991433680187
4508,45.0799999999996,0.999999146025849
4509,45.0899999999996,0.9999991486754082
4510,45.099999999999596,0.9999991513167219
4511,45.109999999999594,0.9999991539498161
4512,45.11999999999959,0.999999156574716
4513,45.12999999999959,0.9999991591914477
4514,45.13999999999959,0.9999991618000363
4515,45.14999999999959,0.9999991644005073
4516,45.159999999999584,0.999999166992886
4517,45.16999999999958,0.9999991695771977
4518,45.17999999999958,0.9999991721534676
4519,45.18999999999958,0.9999991747217206
4520,45.19999999999958,0.999999177281982
4521,45.209999999999575,0.9999991798342764
4522,45.21999999999957,0.9999991823786288
4523,45.22999999999957,0.9999991849150641
4524,45.23999999999957,0.9999991874436068
4525,45.24999999999957,0.9999991899642816
4526,45.259999999999565,0.999999192477113
4527,45.26999999999956,0.9999991949821255
4528,45.27999999999956,0.9999991974793436
4529,45.28999999999956,0.9999991999687914
4530,45.29999999999956,0.9999992024504932
4531,45.309999999999555,0.9999992049244733
4532,45.31999999999955,0.9999992073907555
4533,45.32999999999955,0.9999992098493642
4534,45.33999999999955,0.999999212300323
4535,45.34999999999955,0.9999992147436559
4536,45.359999999999545,0.9999992171793867
4537,45.36999999999954,0.999999219607539
4538,45.37999999999954,0.9999992220281365
4539,45.38999999999954,0.9999992244412029
4540,45.39999999999954,0.9999992268467615
4541,45.409999999999535,0.9999992292448358
4542,45.41999999999953,0.999999231635449
4543,45.42999999999953,0.9999992340186247
4544,45.43999999999953,0.9999992363943857
4545,45.44999999999953,0.9999992387627553
4546,45.459999999999525,0.9999992411237567
4547,45.46999999999952,0.9999992434774126
4548,45.47999999999952,0.9999992458237462
4549,45.48999999999952,0.9999992481627802
4550,45.49999999999952,0.9999992504945372
4551,45.509999999999515,0.9999992528190402
4552,45.51999999999951,0.9999992551363116
4553,45.52999999999951,0.999999257446374
4554,45.53999999999951,0.99999925974925
4555,45.54999999999951,0.9999992620449618
4556,45.559999999999505,0.9999992643335319
4557,45.5699999999995,0.9999992666149825
4558,45.5799999999995,0.9999992688893359
4559,45.5899999999995,0.9999992711566141
4560,45.5999999999995,0.9999992734168393
4561,45.609999999999495,0.9999992756700334
4562,45.61999999999949,0.9999992779162183
4563,45.62999999999949,0.999999280155416
4564,45.63999999999949,0.9999992823876481
4565,45.64999999999949,0.9999992846129365
4566,45.659999999999485,0.9999992868313028
4567,45.66999999999948,0.9999992890427685
4568,45.67999999999948,0.9999992912473552
4569,45.68999999999948,0.9999992934450843
4570,45.69999999999948,0.9999992956359772
4571,45.709999999999475,0.9999992978200553
4572,45.71999999999947,0.9999992999973397
4573,45.72999999999947,0.9999993021678517
4574,45.73999999999947,0.9999993043316123
4575,45.74999999999947,0.9999993064886428
4576,45.759999999999465,0.9999993086389639
4577,45.76999999999946,0.9999993107825967
4578,45.77999999999946,0.999999312919562
4579,45.78999999999946,0.9999993150498806
4580,45.79999999999946,0.9999993171735732
4581,45.809999999999455,0.9999993192906603
4582,45.81999999999945,0.9999993214011629
4583,45.82999999999945,0.9999993235051012
4584,45.83999999999945,0.9999993256024958
4585,45.84999999999945,0.9999993276933671
4586,45.859999999999445,0.9999993297777353
4587,45.86999999999944,0.999999331855621
4588,45.87999999999944,0.999999333927044
4589,45.88999999999944,0.9999993359920247
4590,45.89999999999944,0.9999993380505832
4591,45.909999999999435,0.9999993401027394
4592,45.91999999999943,0.9999993421485133
4593,45.92999999999943,0.9999993441879249
4594,45.93999999999943,0.9999993462209938
4595,45.94999999999943,0.9999993482477402
4596,45.959999999999425,0.9999993502681833
4597,45.96999999999942,0.9999993522823432
4598,45.97999999999942,0.9999993542902391
4599,45.98999999999942,0.9999993562918909
4600,45.99999999999942,0.9999993582873178
4601,46.009999999999415,0.9999993602765392
4602,46.01999999999941,0.9999993622595748
4603,46.02999999999941,0.9999993642364434
4604,46.03999999999941,0.9999993662071645
4605,46.04999999999941,0.9999993681717573
4606,46.059999999999405,0.9999993701302407
4607,46.0699999999994,0.9999993720826339
4608,46.0799999999994,0.9999993740289559
4609,46.0899999999994,0.9999993759692256
4610,46.0999999999994,0.9999993779034618
4611,46.109999999999395,0.9999993798316834
4612,46.11999999999939,0.9999993817539091
4613,46.12999999999939,0.9999993836701576
4614,46.13999999999939,0.9999993855804475
4615,46.14999999999939,0.9999993874847976
4616,46.159999999999386,0.9999993893832261
4617,46.16999999999938,0.9999993912757515
4618,46.17999999999938,0.9999993931623924
4619,46.18999999999938,0.999999395043167
4620,46.19999999999938,0.9999993969180937
4621,46.209999999999376,0.9999993987871906
4622,46.219999999999374,0.999999400650476
4623,46.22999999999937,0.9999994025079678
4624,46.23999999999937,0.9999994043596844
4625,46.24999999999937,0.9999994062056434
4626,46.259999999999366,0.9999994080458631
4627,46.269999999999364,0.9999994098803612
4628,46.27999999999936,0.9999994117091556
4629,46.28999999999936,0.9999994135322641
4630,46.29999999999936,0.9999994153497043
4631,46.309999999999356,0.999999417161494
4632,46.319999999999354,0.9999994189676508
4633,46.32999999999935,0.9999994207681921
4634,46.33999999999935,0.9999994225631357
4635,46.34999999999935,0.9999994243524988
4636,46.359999999999346,0.9999994261362988
4637,46.369999999999344,0.9999994279145532
4638,46.37999999999934,0.9999994296872792
4639,46.38999999999934,0.999999431454494
4640,46.39999999999934,0.9999994332162149
4641,46.409999999999336,0.9999994349724588
4642,46.419999999999334,0.999999436723243
4643,46.42999999999933,0.9999994384685843
4644,46.43999999999933,0.9999994402085
4645,46.44999999999933,0.9999994419430066
4646,46.459999999999326,0.9999994436721212
4647,46.469999999999324,0.9999994453958606
4648,46.47999999999932,0.9999994471142415
4649,46.48999999999932,0.9999994488272806
4650,46.49999999999932,0.9999994505349946
4651,46.509999999999316,0.9999994522374
4652,46.519999999999314,0.9999994539345135
4653,46.52999999999931,0.9999994556263515
4654,46.53999999999931,0.9999994573129304
4655,46.54999999999931,0.9999994589942667
4656,46.559999999999306,0.9999994606703766
4657,46.569999999999304,0.9999994623412765
4658,46.5799999999993,0.9999994640069826
4659,46.5899999999993,0.9999994656675111
4660,46.5999999999993,0.999999467322878
4661,46.609999999999296,0.9999994689730997
4662,46.619999999999294,0.9999994706181919
4663,46.62999999999929,0.9999994722581709
4664,46.63999999999929,0.9999994738930523
4665,46.64999999999929,0.9999994755228522
4666,46.659999999999286,0.9999994771475864
4667,46.669999999999284,0.9999994787672707
4668,46.67999999999928,0.9999994803819208
4669,46.68999999999928,0.9999994819915523
4670,46.69999999999928,0.9999994835961811
4671,46.709999999999276,0.9999994851958226
4672,46.719999999999274,0.9999994867904923
4673,46.72999999999927,0.9999994883802058
4674,46.73999999999927,0.9999994899649786
4675,46.74999999999927,0.9999994915448258
4676,46.759999999999266,0.9999994931197631
4677,46.769999999999264,0.9999994946898056
4678,46.77999999999926,0.9999994962549688
4679,46.78999999999926,0.9999994978152675
4680,46.79999999999926,0.9999994993707172
4681,46.809999999999256,0.9999995009213328
4682,46.819999999999254,0.9999995024671295
4683,46.82999999999925,0.9999995040081223
4684,46.83999999999925,0.999999505544326
4685,46.84999999999925,0.9999995070757558
4686,46.859999999999246,0.9999995086024264
4687,46.869999999999244,0.9999995101243526
4688,46.87999999999924,0.9999995116415493
4689,46.88999999999924,0.9999995131540311
4690,46.89999999999924,0.9999995146618129
4691,46.909999999999236,0.9999995161649092
4692,46.919999999999234,0.9999995176633346
4693,46.92999999999923,0.9999995191571036
4694,46.93999999999923,0.9999995206462309
4695,46.94999999999923,0.9999995221307307
4696,46.959999999999226,0.9999995236106177
4697,46.969999999999224,0.9999995250859061
4698,46.97999999999922,0.9999995265566103
4699,46.98999999999922,0.9999995280227444
4700,46.99999999999922,0.9999995294843229
4701,47.009999999999216,0.9999995309413598
4702,47.019999999999214,0.9999995323938695
4703,47.02999999999921,0.9999995338418658
4704,47.03999999999921,0.9999995352853629
4705,47.04999999999921,0.9999995367243749
4706,47.05999999999921,0.9999995381589156
4707,47.069999999999204,0.999999539588999
4708,47.0799999999992,0.9999995410146391
4709,47.0899999999992,0.9999995424358497
4710,47.0999999999992,0.9999995438526443
4711,47.1099999999992,0.9999995452650372
4712,47.119999999999195,0.9999995466730417
4713,47.12999999999919,0.9999995480766716
4714,47.13999999999919,0.9999995494759405
4715,47.14999999999919,0.999999550870862
4716,47.15999999999919,0.9999995522614497
4717,47.169999999999185,0.999999553647717
4718,47.17999999999918,0.9999995550296774
4719,47.18999999999918,0.9999995564073445
4720,47.19999999999918,0.9999995577807314
4721,47.20999999999918,0.9999995591498515
4722,47.219999999999175,0.9999995605147182
4723,47.22999999999917,0.9999995618753446
4724,47.23999999999917,0.999999563231744
4725,47.24999999999917,0.9999995645839297
4726,47.25999999999917,0.9999995659319145
4727,47.269999999999165,0.9999995672757118
4728,47.27999999999916,0.9999995686153346
4729,47.28999999999916,0.9999995699507956
4730,47.29999999999916,0.9999995712821081
4731,47.30999999999916,0.999999572609285
4732,47.319999999999155,0.999999573932339
4733,47.32999999999915,0.999999575251283
4734,47.33999999999915,0.9999995765661299
4735,47.34999999999915,0.9999995778768924
4736,47.35999999999915,0.9999995791835832
4737,47.369999999999145,0.9999995804862151
4738,47.37999999999914,0.9999995817848005
4739,47.38999999999914,0.9999995830793522
4740,47.39999999999914,0.9999995843698828
4741,47.40999999999914,0.9999995856564047
4742,47.419999999999135,0.9999995869389304
4743,47.42999999999913,0.9999995882174725
4744,47.43999999999913,0.9999995894920432
4745,47.44999999999913,0.9999995907626549
4746,47.45999999999913,0.9999995920293201
4747,47.469999999999125,0.9999995932920509
4748,47.47999999999912,0.9999995945508596
4749,47.48999999999912,0.9999995958057586
4750,47.49999999999912,0.9999995970567598
4751,47.50999999999912,0.9999995983038755
4752,47.519999999999115,0.9999995995471178
4753,47.52999999999911,0.9999996007864987
4754,47.53999999999911,0.9999996020220304
4755,47.54999999999911,0.9999996032537246
4756,47.55999999999911,0.9999996044815934
4757,47.569999999999105,0.9999996057056488
4758,47.5799999999991,0.9999996069259026
4759,47.5899999999991,0.9999996081423667
4760,47.5999999999991,0.9999996093550526
4761,47.6099999999991,0.9999996105639725
4762,47.619999999999095,0.9999996117691379
4763,47.62999999999909,0.9999996129705605
4764,47.63999999999909,0.999999614168252
4765,47.64999999999909,0.999999615362224
4766,47.65999999999909,0.999999616552488
4767,47.669999999999085,0.9999996177390558
4768,47.67999999999908,0.9999996189219387
4769,47.68999999999908,0.9999996201011482
4770,47.69999999999908,0.9999996212766957
4771,47.70999999999908,0.9999996224485928
4772,47.719999999999075,0.9999996236168506
4773,47.72999999999907,0.9999996247814806
4774,47.73999999999907,0.9999996259424941
4775,47.74999999999907,0.9999996270999023
4776,47.75999999999907,0.9999996282537165
4777,47.769999999999065,0.9999996294039478
4778,47.77999999999906,0.9999996305506075
4779,47.78999999999906,0.9999996316937065
4780,47.79999999999906,0.9999996328332561
4781,47.80999999999906,0.9999996339692672
4782,47.819999999999055,0.9999996351017509
4783,47.82999999999905,0.9999996362307182
4784,47.83999999999905,0.99999963735618
4785,47.84999999999905,0.9999996384781473
4786,47.85999999999905,0.9999996395966309
4787,47.869999999999045,0.9999996407116416
4788,47.87999999999904,0.9999996418231903
4789,47.88999999999904,0.9999996429312878
4790,47.89999999999904,0.9999996440359448
4791,47.90999999999904,0.999999645137172
4792,47.919999999999035,0.9999996462349802
4793,47.92999999999903,0.9999996473293798
4794,47.93999999999903,0.9999996484203816
4795,47.94999999999903,0.9999996495079961
4796,47.95999999999903,0.9999996505922341
4797,47.969999999999025,0.9999996516731057
4798,47.97999999999902,0.9999996527506215
4799,47.98999999999902,0.9999996538247923
4800,47.99999999999902,0.999999654895628
4801,48.00999999999902,0.9999996559631393
4802,48.019999999999015,0.9999996570273365
4803,48.02999999999901,0.99999965808823
4804,48.03999999999901,0.9999996591458299
4805,48.04999999999901,0.9999996602001465
4806,48.05999999999901,0.9999996612511901
4807,48.069999999999006,0.9999996622989707
4808,48.079999999999,0.9999996633434989
4809,48.089999999999,0.9999996643847844
4810,48.099999999999,0.9999996654228374
4811,48.109999999999,0.9999996664576679
4812,48.119999999998996,0.9999996674892861
4813,48.129999999998994,0.9999996685177021
4814,48.13999999999899,0.9999996695429255
4815,48.14999999999899,0.9999996705649665
4816,48.15999999999899,0.999999671583835
4817,48.169999999998986,0.9999996725995408
4818,48.179999999998984,0.9999996736120937
4819,48.18999999999898,0.9999996746215036
4820,48.19999999999898,0.9999996756277804
4821,48.20999999999898,0.9999996766309336
4822,48.219999999998976,0.9999996776309731
4823,48.229999999998974,0.9999996786279085
4824,48.23999999999897,0.9999996796217495
4825,48.24999999999897,0.9999996806125058
4826,48.25999999999897,0.9999996816001868
4827,48.269999999998966,0.9999996825848023
4828,48.279999999998964,0.9999996835663617
4829,48.28999999999896,0.9999996845448746
4830,48.29999999999896,0.9999996855203506
4831,48.30999999999896,0.9999996864927988
4832,48.319999999998956,0.999999687462229
4833,48.329999999998954,0.9999996884286503
4834,48.33999999999895,0.9999996893920722
4835,48.34999999999895,0.999999690352504
4836,48.35999999999895,0.9999996913099551
4837,48.369999999998946,0.9999996922644347
4838,48.379999999998944,0.9999996932159522
4839,48.38999999999894,0.9999996941645165
4840,48.39999999999894,0.999999695110137
4841,48.40999999999894,0.9999996960528229
4842,48.419999999998936,0.9999996969925832
4843,48.429999999998934,0.9999996979294271
4844,48.43999999999893,0.9999996988633637
4845,48.44999999999893,0.999999699794402
4846,48.45999999999893,0.9999997007225511
4847,48.469999999998926,0.9999997016478197
4848,48.479999999998924,0.9999997025702172
4849,48.48999999999892,0.9999997034897522
4850,48.49999999999892,0.9999997044064338
4851,48.50999999999892,0.9999997053202707
4852,48.519999999998916,0.999999706231272
4853,48.529999999998914,0.9999997071394463
4854,48.53999999999891,0.9999997080448025
4855,48.54999999999891,0.9999997089473495
4856,48.55999999999891,0.9999997098470957
4857,48.569999999998906,0.9999997107440503
4858,48.579999999998904,0.9999997116382214
4859,48.5899999999989,0.9999997125296182
4860,48.5999999999989,0.9999997134182489
4861,48.6099999999989,0.9999997143041225
4862,48.619999999998896,0.9999997151872473
4863,48.629999999998894,0.9999997160676319
4864,48.63999999999889,0.999999716945285
4865,48.64999999999889,0.9999997178202149
4866,48.65999999999889,0.9999997186924302
4867,48.669999999998886,0.9999997195619393
4868,48.679999999998884,0.9999997204287506
4869,48.68999999999888,0.9999997212928726
4870,48.69999999999888,0.9999997221543135
4871,48.70999999999888,0.9999997230130818
4872,48.719999999998876,0.9999997238691857
4873,48.729999999998874,0.9999997247226335
4874,48.73999999999887,0.9999997255734336
4875,48.74999999999887,0.9999997264215941
4876,48.75999999999887,0.9999997272671233
4877,48.769999999998866,0.9999997281100292
4878,48.779999999998864,0.9999997289503203
4879,48.78999999999886,0.9999997297880044
4880,48.79999999999886,0.9999997306230899
4881,48.80999999999886,0.9999997314555846
4882,48.819999999998856,0.9999997322854969
4883,48.829999999998854,0.9999997331128345
4884,48.83999999999885,0.9999997339376056
4885,48.84999999999885,0.9999997347598181
4886,48.85999999999885,0.9999997355794801
4887,48.869999999998846,0.9999997363965993
4888,48.879999999998844,0.9999997372111838
4889,48.88999999999884,0.9999997380232415
4890,48.89999999999884,0.9999997388327801
4891,48.90999999999884,0.9999997396398077
4892,48.919999999998836,0.9999997404443318
4893,48.929999999998834,0.9999997412463605
4894,48.93999999999883,0.9999997420459013
4895,48.94999999999883,0.999999742842962
4896,48.95999999999883,0.9999997436375504
4897,48.96999999999883,0.9999997444296742
4898,48.979999999998824,0.999999745219341
4899,48.98999999999882,0.9999997460065585
4900,48.99999999999882,0.9999997467913342
4901,49.00999999999882,0.9999997475736758
4902,49.01999999999882,0.999999748353591
4903,49.029999999998815,0.999999749131087
4904,49.03999999999881,0.9999997499061717
4905,49.04999999999881,0.9999997506788524
4906,49.05999999999881,0.9999997514491366
4907,49.06999999999881,0.9999997522170317
4908,49.079999999998805,0.9999997529825453
4909,49.0899999999988,0.9999997537456846
4910,49.0999999999988,0.9999997545064573
4911,49.1099999999988,0.9999997552648704
4912,49.1199999999988,0.9999997560209315
4913,49.129999999998795,0.9999997567746477
4914,49.13999999999879,0.9999997575260265
4915,49.14999999999879,0.999999758275075
4916,49.15999999999879,0.9999997590218007
4917,49.16999999999879,0.9999997597662106
4918,49.179999999998785,0.9999997605083119
4919,49.18999999999878,0.9999997612481119
4920,49.19999999999878,0.9999997619856177
4921,49.20999999999878,0.9999997627208363
4922,49.21999999999878,0.9999997634537752
4923,49.229999999998775,0.9999997641844411
4924,49.23999999999877,0.9999997649128413
4925,49.24999999999877,0.9999997656389827
4926,49.25999999999877,0.9999997663628725
4927,49.26999999999877,0.9999997670845174
4928,49.279999999998765,0.9999997678039247
4929,49.28999999999876,0.9999997685211014
4930,49.29999999999876,0.999999769236054
4931,49.30999999999876,0.9999997699487899
4932,49.31999999999876,0.9999997706593158
4933,49.329999999998755,0.9999997713676384
4934,49.33999999999875,0.9999997720737649
4935,49.34999999999875,0.9999997727777018
4936,49.35999999999875,0.9999997734794561
4937,49.36999999999875,0.9999997741790346
4938,49.379999999998745,0.9999997748764441
4939,49.38999999999874,0.9999997755716912
4940,49.39999999999874,0.9999997762647825
4941,49.40999999999874,0.9999997769557252
4942,49.41999999999874,0.9999997776445255
4943,49.429999999998735,0.9999997783311902
4944,49.43999999999873,0.9999997790157261
4945,49.44999999999873,0.9999997796981397
4946,49.45999999999873,0.9999997803784376
4947,49.46999999999873,0.9999997810566263
4948,49.479999999998725,0.9999997817327125
4949,49.48999999999872,0.9999997824067028
4950,49.49999999999872,0.9999997830786035
4951,49.50999999999872,0.9999997837484212
4952,49.51999999999872,0.9999997844161624
4953,49.529999999998715,0.9999997850818335
4954,49.53999999999871,0.999999785745441
4955,49.54999999999871,0.9999997864069914
4956,49.55999999999871,0.9999997870664908
4957,49.56999999999871,0.9999997877239459
4958,49.579999999998705,0.9999997883793629
4959,49.5899999999987,0.9999997890327482
4960,49.5999999999987,0.9999997896841081
4961,49.6099999999987,0.9999997903334488
4962,49.6199999999987,0.9999997909807767
4963,49.629999999998695,0.999999791626098
4964,49.63999999999869,0.999999792269419
4965,49.64999999999869,0.9999997929107458
4966,49.65999999999869,0.9999997935500848
4967,49.66999999999869,0.999999794187442
4968,49.679999999998685,0.9999997948228236
4969,49.68999999999868,0.9999997954562359
4970,49.69999999999868,0.9999997960876849
4971,49.70999999999868,0.9999997967171765
4972,49.71999999999868,0.9999997973447171
4973,49.729999999998675,0.9999997979703127
4974,49.73999999999867,0.9999997985939693
4975,49.74999999999867,0.9999997992156928
4976,49.75999999999867,0.9999997998354895
4977,49.76999999999867,0.9999998004533651
4978,49.779999999998665,0.9999998010693257
4979,49.78999999999866,0.9999998016833774
4980,49.79999999999866,0.999999802295526
4981,49.80999999999866,0.9999998029057773
4982,49.81999999999866,0.9999998035141373
4983,49.829999999998655,0.999999804120612
4984,49.83999999999865,0.9999998047252071
4985,49.84999999999865,0.9999998053279285
4986,49.85999999999865,0.999999805928782
4987,49.86999999999865,0.9999998065277735
4988,49.879999999998645,0.9999998071249087
4989,49.88999999999864,0.9999998077201934
4990,49.89999999999864,0.9999998083136333
4991,49.90999999999864,0.9999998089052342
4992,49.91999999999864,0.9999998094950018
4993,49.929999999998635,0.9999998100829418
4994,49.93999999999863,0.9999998106690599
4995,49.94999999999863,0.9999998112533617
4996,49.95999999999863,0.999999811835853
4997,49.96999999999863,0.9999998124165392
4998,49.979999999998626,0.9999998129954261
4999,49.98999999999862,0.9999998135725192
5000,49.99999999999862,0.9999998141478241
5001,50.00999999999862,0.9999998147213464
5002,50.01999999999862,0.9999998152930916
5003,50.029999999998616,0.9999998158630652
5004,50.039999999998614,0.9999998164312728
5005,50.04999999999861,0.9999998169977198
5006,50.05999999999861,0.9999998175624116
5007,50.06999999999861,0.9999998181253539
5008,50.079999999998606,0.9999998186865519
5009,50.089999999998604,0.9999998192460111
5010,50.0999999999986,0.999999819803737
5011,50.1099999999986,0.9999998203597349
5012,50.1199999999986,0.9999998209140102
5013,50.129999999998596,0.9999998214665682
5014,50.139999999998594,0.9999998220174142
5015,50.14999999999859,0.9999998225665537
5016,50.15999999999859,0.9999998231139918
5017,50.16999999999859,0.999999823659734
5018,50.179999999998586,0.9999998242037854
5019,50.189999999998584,0.9999998247461513
5020,50.19999999999858,0.9999998252868371
5021,50.20999999999858,0.9999998258258478
5022,50.21999999999858,0.9999998263631886
5023,50.229999999998576,0.9999998268988648
5024,50.239999999998574,0.9999998274328816
5025,50.24999999999857,0.9999998279652441
5026,50.25999999999857,0.9999998284959575
5027,50.26999999999857,0.9999998290250268
5028,50.279999999998566,0.9999998295524571
5029,50.289999999998564,0.9999998300782538
5030,50.29999999999856,0.9999998306024216
5031,50.30999999999856,0.9999998311249657
5032,50.31999999999856,0.9999998316458912
5033,50.329999999998556,0.9999998321652032
5034,50.339999999998554,0.9999998326829065
5035,50.34999999999855,0.9999998331990063
5036,50.35999999999855,0.9999998337135074
5037,50.36999999999855,0.9999998342264149
5038,50.379999999998546,0.9999998347377337
5039,50.389999999998544,0.9999998352474688
5040,50.39999999999854,0.999999835755625
5041,50.40999999999854,0.9999998362622073
5042,50.41999999999854,0.9999998367672206
5043,50.429999999998536,0.9999998372706698
5044,50.439999999998534,0.9999998377725596
5045,50.44999999999853,0.9999998382728951
5046,50.45999999999853,0.9999998387716809
5047,50.46999999999853,0.9999998392689219
5048,50.479999999998526,0.9999998397646228
5049,50.489999999998524,0.9999998402587886
5050,50.49999999999852,0.999999840751424
5051,50.50999999999852,0.9999998412425336
5052,50.51999999999852,0.9999998417321224
5053,50.529999999998516,0.9999998422201949
5054,50.539999999998514,0.9999998427067559
5055,50.54999999999851,0.99999984319181
5056,50.55999999999851,0.9999998436753621
5057,50.56999999999851,0.9999998441574167
5058,50.579999999998506,0.9999998446379785
5059,50.589999999998504,0.9999998451170521
5060,50.5999999999985,0.9999998455946422
5061,50.6099999999985,0.9999998460707533
5062,50.6199999999985,0.9999998465453902
5063,50.629999999998496,0.9999998470185573
5064,50.639999999998494,0.999999847490259
5065,50.64999999999849,0.9999998479605003
5066,50.65999999999849,0.9999998484292855
5067,50.66999999999849,0.999999848896619
5068,50.679999999998486,0.9999998493625055
5069,50.689999999998484,0.9999998498269494
5070,50.69999999999848,0.9999998502899552
5071,50.70999999999848,0.9999998507515274
5072,50.71999999999848,0.9999998512116706
5073,50.729999999998476,0.9999998516703889
5074,50.739999999998474,0.9999998521276868
5075,50.74999999999847,0.999999852583569
5076,50.75999999999847,0.9999998530380396
5077,50.76999999999847,0.9999998534911032
5078,50.779999999998466,0.999999853942764
5079,50.789999999998464,0.9999998543930265
5080,50.79999999999846,0.9999998548418949
5081,50.80999999999846,0.9999998552893736
5082,50.81999999999846,0.999999855735467
5083,50.829999999998456,0.9999998561801793
5084,50.839999999998454,0.9999998566235148
5085,50.84999999999845,0.9999998570654778
5086,50.85999999999845,0.9999998575060726
5087,50.86999999999845,0.9999998579453033
5088,50.87999999999845,0.9999998583831743
5089,50.889999999998444,0.9999998588196898
5090,50.89999999999844,0.9999998592548539
5091,50.90999999999844,0.999999859688671
5092,50.91999999999844,0.9999998601211451
5093,50.92999999999844,0.9999998605522804
5094,50.939999999998435,0.999999860982081
5095,50.94999999999843,0.9999998614105513
5096,50.95999999999843,0.9999998618376953
5097,50.96999999999843,0.999999862263517
5098,50.97999999999843,0.9999998626880207
5099,50.989999999998425,0.9999998631112103
5100,50.99999999999842,0.9999998635330899
5101,51.00999999999842,0.9999998639536638
5102,51.01999999999842,0.9999998643729358
5103,51.02999999999842,0.9999998647909101
5104,51.039999999998415,0.9999998652075907
5105,51.04999999999841,0.9999998656229815
5106,51.05999999999841,0.9999998660370866
5107,51.06999999999841,0.99999986644991
5108,51.07999999999841,0.9999998668614557
5109,51.089999999998405,0.9999998672717276
5110,51.0999999999984,0.9999998676807298
5111,51.1099999999984,0.9999998680884661
5112,51.1199999999984,0.9999998684949405
5113,51.1299999999984,0.9999998689001568
5114,51.139999999998395,0.9999998693041191
5115,51.14999999999839,0.9999998697068311
5116,51.15999999999839,0.9999998701082968
5117,51.16999999999839,0.9999998705085201
5118,51.17999999999839,0.9999998709075049
5119,51.189999999998385,0.9999998713052547
5120,51.19999999999838,0.9999998717017737
5121,51.20999999999838,0.9999998720970658
5122,51.21999999999838,0.9999998724911344
5123,51.22999999999838,0.9999998728839835
5124,51.239999999998375,0.999999873275617
5125,51.24999999999837,0.9999998736660386
5126,51.25999999999837,0.999999874055252
5127,51.26999999999837,0.9999998744432611
5128,51.27999999999837,0.9999998748300695
5129,51.289999999998365,0.9999998752156809
5130,51.29999999999836,0.9999998756000991
5131,51.30999999999836,0.9999998759833277
5132,51.31999999999836,0.9999998763653707
5133,51.32999999999836,0.9999998767462315
5134,51.339999999998355,0.9999998771259138
5135,51.34999999999835,0.9999998775044212
5136,51.35999999999835,0.9999998778817576
5137,51.36999999999835,0.9999998782579264
5138,51.37999999999835,0.9999998786329313
5139,51.389999999998345,0.999999879006776
5140,51.39999999999834,0.999999879379464
5141,51.40999999999834,0.9999998797509988
5142,51.41999999999834,0.9999998801213842
5143,51.42999999999834,0.9999998804906237
5144,51.439999999998335,0.9999998808587207
5145,51.44999999999833,0.999999881225679
5146,51.45999999999833,0.999999881591502
5147,51.46999999999833,0.9999998819561932
5148,51.47999999999833,0.9999998823197561
5149,51.489999999998325,0.9999998826821943
5150,51.49999999999832,0.9999998830435112
5151,51.50999999999832,0.9999998834037103
5152,51.51999999999832,0.9999998837627951
5153,51.52999999999832,0.9999998841207691
5154,51.539999999998315,0.9999998844776358
5155,51.54999999999831,0.9999998848333984
5156,51.55999999999831,0.9999998851880605
5157,51.56999999999831,0.9999998855416254
5158,51.57999999999831,0.9999998858940967
5159,51.589999999998305,0.9999998862454776
5160,51.5999999999983,0.9999998865957717
5161,51.6099999999983,0.9999998869449822
5162,51.6199999999983,0.9999998872931124
5163,51.6299999999983,0.9999998876401659
5164,51.639999999998295,0.9999998879861458
5165,51.64999999999829,0.9999998883310556
5166,51.65999999999829,0.9999998886748985
5167,51.66999999999829,0.999999889017678
5168,51.67999999999829,0.9999998893593972
5169,51.689999999998285,0.9999998897000595
5170,51.69999999999828,0.999999890039668
5171,51.70999999999828,0.9999998903782262
5172,51.71999999999828,0.9999998907157374
5173,51.72999999999828,0.9999998910522045
5174,51.739999999998275,0.9999998913876311
5175,51.74999999999827,0.9999998917220203
5176,51.75999999999827,0.9999998920553753
5177,51.76999999999827,0.9999998923876994
5178,51.77999999999827,0.9999998927189957
5179,51.789999999998265,0.9999998930492674
5180,51.79999999999826,0.9999998933785177
5181,51.80999999999826,0.9999998937067497
5182,51.81999999999826,0.9999998940339667
5183,51.82999999999826,0.9999998943601718
5184,51.839999999998255,0.999999894685368
5185,51.84999999999825,0.9999998950095587
5186,51.85999999999825,0.9999998953327468
5187,51.86999999999825,0.9999998956549355
5188,51.87999999999825,0.9999998959761279
5189,51.889999999998246,0.999999896296327
5190,51.89999999999824,0.9999998966155361
5191,51.90999999999824,0.999999896933758
5192,51.91999999999824,0.999999897250996
5193,51.92999999999824,0.999999897567253
5194,51.939999999998236,0.9999998978825322
5195,51.949999999998234,0.9999998981968364
5196,51.95999999999823,0.9999998985101688
5197,51.96999999999823,0.9999998988225325
5198,51.97999999999823,0.9999998991339302
5199,51.989999999998226,0.9999998994443652
5200,51.999999999998224,0.9999998997538403
5201,52.00999999999822,0.9999999000623585
5202,52.01999999999822,0.9999999003699229
5203,52.02999999999822,0.9999999006765363
5204,52.039999999998216,0.9999999009822018
5205,52.049999999998214,0.9999999012869223
5206,52.05999999999821,0.9999999015907006
5207,52.06999999999821,0.9999999018935398
5208,52.07999999999821,0.9999999021954427
5209,52.089999999998206,0.9999999024964122
5210,52.099999999998204,0.9999999027964513
5211,52.1099999999982,0.9999999030955629
5212,52.1199999999982,0.9999999033937497
5213,52.1299999999982,0.9999999036910148
5214,52.139999999998196,0.9999999039873607
5215,52.149999999998194,0.9999999042827907
5216,52.15999999999819,0.9999999045773074
5217,52.16999999999819,0.9999999048709136
5218,52.17999999999819,0.9999999051636123
5219,52.189999999998186,0.9999999054554061
5220,52.199999999998184,0.9999999057462978
5221,52.20999999999818,0.9999999060362905
5222,52.21999999999818,0.9999999063253867
5223,52.22999999999818,0.9999999066135894
5224,52.239999999998176,0.9999999069009011
5225,52.249999999998174,0.9999999071873249
5226,52.25999999999817,0.9999999074728633
5227,52.26999999999817,0.999999907757519
5228,52.27999999999817,0.999999908041295
5229,52.289999999998166,0.9999999083241938
5230,52.299999999998164,0.9999999086062183
5231,52.30999999999816,0.9999999088873711
5232,52.31999999999816,0.9999999091676549
5233,52.32999999999816,0.9999999094470725
5234,52.339999999998156,0.9999999097256265
5235,52.349999999998154,0.9999999100033194
5236,52.35999999999815,0.9999999102801542
5237,52.36999999999815,0.9999999105561335
5238,52.37999999999815,0.9999999108312598
5239,52.389999999998146,0.9999999111055359
5240,52.399999999998144,0.9999999113789643
5241,52.40999999999814,0.9999999116515477
5242,52.41999999999814,0.9999999119232886
5243,52.42999999999814,0.9999999121941898
5244,52.439999999998136,0.9999999124642539
5245,52.449999999998134,0.9999999127334834
5246,52.45999999999813,0.999999913001881
5247,52.46999999999813,0.999999913269449
5248,52.47999999999813,0.9999999135361903
5249,52.489999999998126,0.9999999138021073
5250,52.499999999998124,0.9999999140672027
5251,52.50999999999812,0.9999999143314788
5252,52.51999999999812,0.9999999145949383
5253,52.52999999999812,0.9999999148575838
5254,52.539999999998116,0.9999999151194177
5255,52.549999999998114,0.9999999153804425
5256,52.55999999999811,0.9999999156406608
5257,52.56999999999811,0.9999999159000751
5258,52.57999999999811,0.9999999161586879
5259,52.589999999998106,0.9999999164165015
5260,52.599999999998104,0.9999999166735187
5261,52.6099999999981,0.9999999169297418
5262,52.6199999999981,0.9999999171851731
5263,52.6299999999981,0.9999999174398153
5264,52.639999999998096,0.9999999176936708
5265,52.649999999998094,0.999999917946742
5266,52.65999999999809,0.9999999181990313
5267,52.66999999999809,0.9999999184505411
5268,52.67999999999809,0.999999918701274
5269,52.689999999998086,0.9999999189512323
5270,52.699999999998084,0.9999999192004183
5271,52.70999999999808,0.9999999194488346
5272,52.71999999999808,0.9999999196964834
5273,52.72999999999808,0.9999999199433671
5274,52.739999999998076,0.9999999201894882
5275,52.749999999998074,0.999999920434849
5276,52.75999999999807,0.9999999206794519
5277,52.76999999999807,0.999999920923299
5278,52.77999999999807,0.999999921166393
5279,52.78999999999807,0.9999999214087361
5280,52.799999999998064,0.9999999216503306
5281,52.80999999999806,0.9999999218911787
5282,52.81999999999806,0.999999922131283
5283,52.82999999999806,0.9999999223706455
5284,52.83999999999806,0.9999999226092687
5285,52.849999999998055,0.999999922847155
5286,52.85999999999805,0.9999999230843064
5287,52.86999999999805,0.9999999233207253
5288,52.87999999999805,0.999999923556414
5289,52.88999999999805,0.9999999237913747
5290,52.899999999998045,0.9999999240256098
5291,52.90999999999804,0.9999999242591213
5292,52.91999999999804,0.9999999244919117
5293,52.92999999999804,0.9999999247239831
5294,52.93999999999804,0.9999999249553378
5295,52.949999999998035,0.9999999251859779
5296,52.95999999999803,0.9999999254159058
5297,52.96999999999803,0.9999999256451235
5298,52.97999999999803,0.9999999258736334
5299,52.98999999999803,0.9999999261014376
5300,52.999999999998025,0.9999999263285382
5301,53.00999999999802,0.9999999265549375
5302,53.01999999999802,0.9999999267806378
5303,53.02999999999802,0.9999999270056409
5304,53.03999999999802,0.9999999272299492
5305,53.049999999998015,0.9999999274535649
5306,53.05999999999801,0.9999999276764902
5307,53.06999999999801,0.9999999278987269
5308,53.07999999999801,0.9999999281202774
5309,53.08999999999801,0.9999999283411438
5310,53.099999999998005,0.9999999285613282
5311,53.109999999998,0.9999999287808328
5312,53.119999999998,0.9999999289996595
5313,53.129999999998,0.9999999292178106
5314,53.139999999998,0.999999929435288
5315,53.149999999997995,0.999999929652094
5316,53.15999999999799,0.9999999298682306
5317,53.16999999999799,0.9999999300836998
5318,53.17999999999799,0.9999999302985039
5319,53.18999999999799,0.9999999305126446
5320,53.199999999997985,0.9999999307261241
5321,53.20999999999798,0.9999999309389447
5322,53.21999999999798,0.9999999311511081
5323,53.22999999999798,0.9999999313626166
5324,53.23999999999798,0.999999931573472
5325,53.249999999997975,0.9999999317836764
5326,53.25999999999797,0.999999931993232
5327,53.26999999999797,0.9999999322021406
5328,53.27999999999797,0.9999999324104042
5329,53.28999999999797,0.9999999326180249
5330,53.299999999997965,0.9999999328250047
5331,53.30999999999796,0.9999999330313455
5332,53.31999999999796,0.9999999332370493
5333,53.32999999999796,0.9999999334421181
5334,53.33999999999796,0.9999999336465539
5335,53.349999999997955,0.9999999338503587
5336,53.35999999999795,0.9999999340535343
5337,53.36999999999795,0.9999999342560828
5338,53.37999999999795,0.9999999344580061
5339,53.38999999999795,0.9999999346593059
5340,53.399999999997945,0.9999999348599846
5341,53.40999999999794,0.9999999350600437
5342,53.41999999999794,0.9999999352594854
5343,53.42999999999794,0.9999999354583116
5344,53.43999999999794,0.9999999356565239
5345,53.449999999997935,0.9999999358541245
5346,53.45999999999793,0.9999999360511153
5347,53.46999999999793,0.999999936247498
5348,53.47999999999793,0.9999999364432746
5349,53.48999999999793,0.999999936638447
5350,53.499999999997925,0.999999936833017
5351,53.50999999999792,0.9999999370269865
5352,53.51999999999792,0.9999999372203574
5353,53.52999999999792,0.9999999374131315
5354,53.53999999999792,0.9999999376053108
5355,53.549999999997915,0.9999999377968969
5356,53.55999999999791,0.9999999379878917
5357,53.56999999999791,0.9999999381782971
5358,53.57999999999791,0.999999938368115
5359,53.58999999999791,0.999999938557347
5360,53.599999999997905,0.9999999387459952
5361,53.6099999999979,0.9999999389340612
5362,53.6199999999979,0.9999999391215468
5363,53.6299999999979,0.999999939308454
5364,53.6399999999979,0.9999999394947843
5365,53.649999999997895,0.9999999396805397
5366,53.65999999999789,0.9999999398657219
5367,53.66999999999789,0.9999999400503327
5368,53.67999999999789,0.9999999402343739
5369,53.68999999999789,0.9999999404178471
5370,53.699999999997885,0.9999999406007544
5371,53.70999999999788,0.9999999407830972
5372,53.71999999999788,0.9999999409648774
5373,53.72999999999788,0.9999999411460967
5374,53.73999999999788,0.999999941326757
5375,53.749999999997875,0.9999999415068598
5376,53.75999999999787,0.9999999416864069
5377,53.76999999999787,0.9999999418654002
5378,53.77999999999787,0.9999999420438411
5379,53.78999999999787,0.9999999422217316
5380,53.799999999997866,0.9999999423990733
5381,53.80999999999786,0.9999999425758678
5382,53.81999999999786,0.9999999427521169
5383,53.82999999999786,0.9999999429278223
5384,53.83999999999786,0.9999999431029857
5385,53.849999999997856,0.9999999432776087
5386,53.859999999997854,0.999999943451693
5387,53.86999999999785,0.9999999436252403
5388,53.87999999999785,0.9999999437982521
5389,53.88999999999785,0.9999999439707303
5390,53.899999999997846,0.9999999441426765
5391,53.909999999997844,0.9999999443140922
5392,53.91999999999784,0.9999999444849792
5393,53.92999999999784,0.999999944655339
5394,53.93999999999784,0.9999999448251734
5395,53.949999999997836,0.999999944994484
5396,53.959999999997834,0.9999999451632723
5397,53.96999999999783,0.9999999453315399
5398,53.97999999999783,0.9999999454992886
5399,53.98999999999783,0.9999999456665198
5400,53.999999999997826,0.9999999458332354
5401,54.009999999997824,0.9999999459994366
5402,54.01999999999782,0.9999999461651253
5403,54.02999999999782,0.999999946330303
5404,54.03999999999782,0.9999999464949711
5405,54.049999999997816,0.9999999466591315
5406,54.059999999997814,0.9999999468227856
5407,54.06999999999781,0.999999946985935
5408,54.07999999999781,0.9999999471485811
5409,54.08999999999781,0.9999999473107257
5410,54.099999999997806,0.9999999474723703
5411,54.109999999997804,0.9999999476335164
5412,54.1199999999978,0.9999999477941655
5413,54.1299999999978,0.9999999479543192
5414,54.1399999999978,0.999999948113979
5415,54.149999999997796,0.9999999482731465
5416,54.159999999997794,0.9999999484318232
5417,54.16999999999779,0.9999999485900105
5418,54.17999999999779,0.9999999487477101
5419,54.18999999999779,0.9999999489049234
5420,54.199999999997786,0.9999999490616519
5421,54.209999999997784,0.9999999492178971
5422,54.21999999999778,0.9999999493736607
5423,54.22999999999778,0.9999999495289439
5424,54.23999999999778,0.9999999496837483
5425,54.249999999997776,0.9999999498380754
5426,54.259999999997774,0.9999999499919267
5427,54.26999999999777,0.9999999501453035
5428,54.27999999999777,0.9999999502982075
5429,54.28999999999777,0.99999995045064
5430,54.299999999997766,0.9999999506026027
5431,54.309999999997764,0.9999999507540969
5432,54.31999999999776,0.9999999509051238
5433,54.32999999999776,0.9999999510556853
5434,54.33999999999776,0.9999999512057826
5435,54.349999999997756,0.9999999513554171
5436,54.359999999997754,0.9999999515045902
5437,54.36999999999775,0.9999999516533036
5438,54.37999999999775,0.9999999518015584
5439,54.38999999999775,0.9999999519493563
5440,54.399999999997746,0.9999999520966986
5441,54.409999999997744,0.9999999522435866
5442,54.41999999999774,0.9999999523900218
5443,54.42999999999774,0.9999999525360056
5444,54.43999999999774,0.9999999526815394
5445,54.449999999997736,0.9999999528266247
5446,54.459999999997734,0.9999999529712627
5447,54.46999999999773,0.9999999531154549
5448,54.47999999999773,0.9999999532592025
5449,54.48999999999773,0.9999999534025071
5450,54.499999999997726,0.9999999535453701
5451,54.509999999997724,0.9999999536877926
5452,54.51999999999772,0.9999999538297762
5453,54.52999999999772,0.9999999539713222
5454,54.53999999999772,0.9999999541124319
5455,54.549999999997716,0.9999999542531067
5456,54.559999999997714,0.999999954393348
5457,54.56999999999771,0.999999954533157
5458,54.57999999999771,0.9999999546725351
5459,54.58999999999771,0.9999999548114837
5460,54.599999999997706,0.999999954950004
5461,54.609999999997704,0.9999999550880976
5462,54.6199999999977,0.9999999552257655
5463,54.6299999999977,0.999999955363009
5464,54.6399999999977,0.9999999554998297
5465,54.649999999997696,0.9999999556362288
5466,54.659999999997694,0.9999999557722075
5467,54.66999999999769,0.9999999559077671
5468,54.67999999999769,0.999999956042909
5469,54.68999999999769,0.9999999561776346
5470,54.69999999999769,0.9999999563119449
5471,54.709999999997684,0.9999999564458414
5472,54.71999999999768,0.9999999565793253
5473,54.72999999999768,0.9999999567123978
5474,54.73999999999768,0.9999999568450604
5475,54.74999999999768,0.9999999569773141
5476,54.759999999997675,0.9999999571091605
5477,54.76999999999767,0.9999999572406005
5478,54.77999999999767,0.9999999573716355
5479,54.78999999999767,0.9999999575022669
5480,54.79999999999767,0.9999999576324957
5481,54.809999999997665,0.9999999577623233
5482,54.81999999999766,0.9999999578917509
5483,54.82999999999766,0.9999999580207798
5484,54.83999999999766,0.9999999581494111
5485,54.84999999999766,0.9999999582776461
5486,54.859999999997655,0.9999999584054861
5487,54.86999999999765,0.9999999585329322
5488,54.87999999999765,0.9999999586599857
5489,54.88999999999765,0.9999999587866478
5490,54.89999999999765,0.9999999589129197
5491,54.909999999997645,0.9999999590388026
5492,54.91999999999764,0.9999999591642976
5493,54.92999999999764,0.9999999592894062
5494,54.93999999999764,0.9999999594141293
5495,54.94999999999764,0.9999999595384682
5496,54.959999999997635,0.9999999596624242
5497,54.96999999999763,0.9999999597859983
5498,54.97999999999763,0.9999999599091917
5499,54.98999999999763,0.9999999600320058
5500,54.99999999999763,0.9999999601544414
5501,55.009999999997625,0.9999999602765
5502,55.01999999999762,0.9999999603981826
5503,55.02999999999762,0.9999999605194904
5504,55.03999999999762,0.9999999606404246
5505,55.04999999999762,0.9999999607609863
5506,55.059999999997615,0.9999999608811767
5507,55.06999999999761,0.9999999610009969
5508,55.07999999999761,0.9999999611204481
5509,55.08999999999761,0.9999999612395314
5510,55.09999999999761,0.9999999613582479
5511,55.109999999997605,0.9999999614765989
5512,55.1199999999976,0.9999999615945853
5513,55.1299999999976,0.9999999617122084
5514,55.1399999999976,0.9999999618294692
5515,55.1499999999976,0.999999961946369
5516,55.159999999997595,0.9999999620629086
5517,55.16999999999759,0.9999999621790896
5518,55.17999999999759,0.9999999622949126
5519,55.18999999999759,0.999999962410379
5520,55.19999999999759,0.99999996252549
5521,55.209999999997585,0.9999999626402463
5522,55.21999999999758,0.9999999627546493
5523,55.22999999999758,0.9999999628687001
5524,55.23999999999758,0.9999999629823997
5525,55.24999999999758,0.9999999630957491
5526,55.259999999997575,0.9999999632087496
5527,55.26999999999757,0.9999999633214022
5528,55.27999999999757,0.9999999634337078
5529,55.28999999999757,0.9999999635456677
5530,55.29999999999757,0.9999999636572829
5531,55.309999999997565,0.9999999637685544
5532,55.31999999999756,0.9999999638794833
5533,55.32999999999756,0.9999999639900707
5534,55.33999999999756,0.9999999641003177
5535,55.34999999999756,0.9999999642102252
5536,55.359999999997555,0.9999999643197943
5537,55.36999999999755,0.9999999644290262
5538,55.37999999999755,0.9999999645379217
5539,55.38999999999755,0.999999964646482
5540,55.39999999999755,0.9999999647547081
5541,55.409999999997545,0.9999999648626011
5542,55.41999999999754,0.9999999649701619
5543,55.42999999999754,0.9999999650773915
5544,55.43999999999754,0.9999999651842911
5545,55.44999999999754,0.9999999652908617
5546,55.459999999997535,0.9999999653971042
5547,55.46999999999753,0.9999999655030196
5548,55.47999999999753,0.999999965608609
5549,55.48999999999753,0.9999999657138735
5550,55.49999999999753,0.9999999658188139
5551,55.509999999997525,0.9999999659234313
5552,55.51999999999752,0.9999999660277267
5553,55.52999999999752,0.9999999661317011
5554,55.53999999999752,0.9999999662353554
5555,55.54999999999752,0.9999999663386907
5556,55.559999999997515,0.999999966441708
5557,55.56999999999751,0.9999999665444083
5558,55.57999999999751,0.9999999666467924
5559,55.58999999999751,0.9999999667488614
5560,55.59999999999751,0.9999999668506163
5561,55.609999999997505,0.9999999669520581
5562,55.6199999999975,0.9999999670531876
5563,55.6299999999975,0.9999999671540059
5564,55.6399999999975,0.999999967254514
5565,55.6499999999975,0.9999999673547127
5566,55.659999999997495,0.9999999674546032
5567,55.66999999999749,0.9999999675541862
5568,55.67999999999749,0.9999999676534628
5569,55.68999999999749,0.9999999677524338
5570,55.69999999999749,0.9999999678511003
5571,55.709999999997486,0.9999999679494632
5572,55.71999999999748,0.9999999680475234
5573,55.72999999999748,0.999999968145282
5574,55.73999999999748,0.9999999682427397
5575,55.74999999999748,0.9999999683398976
5576,55.759999999997476,0.9999999684367564
5577,55.769999999997474,0.9999999685333173
5578,55.77999999999747,0.9999999686295811
5579,55.78999999999747,0.9999999687255486
5580,55.79999999999747,0.9999999688212209
5581,55.809999999997466,0.9999999689165989
5582,55.819999999997464,0.9999999690116834
5583,55.82999999999746,0.9999999691064754
5584,55.83999999999746,0.9999999692009758
5585,55.84999999999746,0.9999999692951853
5586,55.859999999997456,0.9999999693891051
5587,55.869999999997454,0.999999969482736
5588,55.87999999999745,0.9999999695760787
5589,55.88999999999745,0.9999999696691344
5590,55.89999999999745,0.9999999697619038
5591,55.909999999997446,0.9999999698543878
5592,55.919999999997444,0.9999999699465872
5593,55.92999999999744,0.9999999700385032
5594,55.93999999999744,0.9999999701301362
5595,55.94999999999744,0.9999999702214875
5596,55.959999999997436,0.9999999703125577
5597,55.969999999997434,0.9999999704033479
5598,55.97999999999743,0.9999999704938588
5599,55.98999999999743,0.9999999705840912
5600,55.99999999999743,0.9999999706740461
5601,56.009999999997426,0.9999999707637244
5602,56.019999999997424,0.9999999708531268
5603,56.02999999999742,0.9999999709422542
5604,56.03999999999742,0.9999999710311075
5605,56.04999999999742,0.9999999711196875
5606,56.059999999997416,0.9999999712079951
5607,56.069999999997414,0.9999999712960311
5608,56.07999999999741,0.9999999713837964
5609,56.08999999999741,0.9999999714712917
5610,56.09999999999741,0.9999999715585179
5611,56.109999999997406,0.9999999716454759
5612,56.119999999997404,0.9999999717321665
5613,56.1299999999974,0.9999999718185905
5614,56.1399999999974,0.9999999719047488
5615,56.1499999999974,0.999999971990642
5616,56.159999999997396,0.9999999720762711
5617,56.169999999997394,0.9999999721616369
5618,56.17999999999739,0.9999999722467402
5619,56.18999999999739,0.9999999723315818
5620,56.19999999999739,0.9999999724161626
5621,56.209999999997386,0.9999999725004831
5622,56.219999999997384,0.9999999725845445
5623,56.22999999999738,0.9999999726683474
5624,56.23999999999738,0.9999999727518927
5625,56.24999999999738,0.999999972835181
5626,56.259999999997376,0.9999999729182133
5627,56.269999999997374,0.9999999730009903
5628,56.27999999999737,0.9999999730835127
5629,56.28999999999737,0.9999999731657815
5630,56.29999999999737,0.9999999732477973
5631,56.309999999997366,0.9999999733295609
5632,56.319999999997364,0.9999999734110733
5633,56.32999999999736,0.9999999734923349
5634,56.33999999999736,0.9999999735733468
5635,56.34999999999736,0.9999999736541096
5636,56.359999999997356,0.9999999737346241
5637,56.369999999997354,0.9999999738148911
5638,56.37999999999735,0.9999999738949114
5639,56.38999999999735,0.9999999739746857
5640,56.39999999999735,0.9999999740542147
5641,56.409999999997346,0.9999999741334993
5642,56.419999999997344,0.9999999742125402
5643,56.42999999999734,0.999999974291338
5644,56.43999999999734,0.9999999743698937
5645,56.44999999999734,0.999999974448208
5646,56.459999999997336,0.9999999745262814
5647,56.469999999997334,0.9999999746041149
5648,56.47999999999733,0.9999999746817093
5649,56.48999999999733,0.9999999747590651
5650,56.49999999999733,0.9999999748361831
5651,56.509999999997326,0.9999999749130641
5652,56.519999999997324,0.9999999749897088
5653,56.52999999999732,0.9999999750661179
5654,56.53999999999732,0.9999999751422923
5655,56.54999999999732,0.9999999752182325
5656,56.559999999997316,0.9999999752939394
5657,56.569999999997314,0.9999999753694134
5658,56.57999999999731,0.9999999754446557
5659,56.58999999999731,0.9999999755196667
5660,56.59999999999731,0.9999999755944471
5661,56.60999999999731,0.9999999756689978
5662,56.619999999997304,0.9999999757433193
5663,56.6299999999973,0.9999999758174125
5664,56.6399999999973,0.999999975891278
5665,56.6499999999973,0.9999999759649165
5666,56.6599999999973,0.9999999760383287
5667,56.669999999997295,0.9999999761115154
5668,56.67999999999729,0.9999999761844771
5669,56.68999999999729,0.9999999762572147
5670,56.69999999999729,0.9999999763297288
5671,56.70999999999729,0.9999999764020201
5672,56.719999999997285,0.9999999764740892
5673,56.72999999999728,0.999999976545937
5674,56.73999999999728,0.9999999766175639
5675,56.74999999999728,0.9999999766889708
5676,56.75999999999728,0.9999999767601583
5677,56.769999999997275,0.9999999768311272
5678,56.77999999999727,0.9999999769018779
5679,56.78999999999727,0.9999999769724113
5680,56.79999999999727,0.999999977042728
5681,56.80999999999727,0.9999999771128287
5682,56.819999999997265,0.999999977182714
5683,56.82999999999726,0.9999999772523847
5684,56.83999999999726,0.9999999773218413
5685,56.84999999999726,0.9999999773910846
5686,56.85999999999726,0.9999999774601152
5687,56.869999999997255,0.9999999775289335
5688,56.87999999999725,0.9999999775975407
5689,56.88999999999725,0.9999999776659371
5690,56.89999999999725,0.9999999777341233
5691,56.90999999999725,0.9999999778021001
5692,56.919999999997245,0.9999999778698682
5693,56.92999999999724,0.999999977937428
5694,56.93999999999724,0.9999999780047804
5695,56.94999999999724,0.9999999780719258
5696,56.95999999999724,0.999999978138865
5697,56.969999999997235,0.9999999782055987
5698,56.97999999999723,0.9999999782721274
5699,56.98999999999723,0.9999999783384518
5700,56.99999999999723,0.9999999784045723
5701,57.00999999999723,0.9999999784704899
5702,57.019999999997225,0.9999999785362051
5703,57.02999999999722,0.9999999786017184
5704,57.03999999999722,0.9999999786670306
5705,57.04999999999722,0.9999999787321422
5706,57.05999999999722,0.9999999787970537
5707,57.069999999997215,0.9999999788617661
5708,57.07999999999721,0.9999999789262796
5709,57.08999999999721,0.999999978990595
5710,57.09999999999721,0.9999999790547129
5711,57.10999999999721,0.999999979118634
5712,57.119999999997205,0.9999999791823587
5713,57.1299999999972,0.9999999792458879
5714,57.1399999999972,0.9999999793092219
5715,57.1499999999972,0.9999999793723614
5716,57.1599999999972,0.9999999794353072
5717,57.169999999997195,0.9999999794980595
5718,57.17999999999719,0.9999999795606193
5719,57.18999999999719,0.9999999796229869
5720,57.19999999999719,0.9999999796851631
5721,57.20999999999719,0.9999999797471484
5722,57.219999999997185,0.9999999798089434
5723,57.22999999999718,0.9999999798705487
5724,57.23999999999718,0.9999999799319648
5725,57.24999999999718,0.9999999799931923
5726,57.25999999999718,0.999999980054232
5727,57.269999999997175,0.9999999801150842
5728,57.27999999999717,0.9999999801757495
5729,57.28999999999717,0.9999999802362287
5730,57.29999999999717,0.9999999802965223
5731,57.30999999999717,0.9999999803566306
5732,57.319999999997165,0.9999999804165546
5733,57.32999999999716,0.9999999804762945
5734,57.33999999999716,0.999999980535851
5735,57.34999999999716,0.9999999805952249
5736,57.35999999999716,0.9999999806544164
5737,57.369999999997155,0.9999999807134262
5738,57.37999999999715,0.9999999807722549
5739,57.38999999999715,0.999999980830903
5740,57.39999999999715,0.9999999808893711
5741,57.40999999999715,0.9999999809476599
5742,57.419999999997145,0.9999999810057697
5743,57.42999999999714,0.999999981063701
5744,57.43999999999714,0.9999999811214547
5745,57.44999999999714,0.9999999811790311
5746,57.45999999999714,0.9999999812364307
5747,57.469999999997135,0.9999999812936543
5748,57.47999999999713,0.9999999813507021
5749,57.48999999999713,0.999999981407575
5750,57.49999999999713,0.9999999814642733
5751,57.50999999999713,0.9999999815207976
5752,57.519999999997125,0.9999999815771484
5753,57.52999999999712,0.9999999816333263
5754,57.53999999999712,0.9999999816893318
5755,57.54999999999712,0.9999999817451655
5756,57.55999999999712,0.9999999818008278
5757,57.569999999997115,0.9999999818563193
5758,57.57999999999711,0.9999999819116406
5759,57.58999999999711,0.9999999819667922
5760,57.59999999999711,0.9999999820217744
5761,57.60999999999711,0.999999982076588
5762,57.619999999997106,0.9999999821312334
5763,57.6299999999971,0.9999999821857112
5764,57.6399999999971,0.9999999822400217
5765,57.6499999999971,0.9999999822941658
5766,57.6599999999971,0.9999999823481436
5767,57.669999999997096,0.9999999824019559
5768,57.679999999997094,0.999999982455603
5769,57.68999999999709,0.9999999825090855
5770,57.69999999999709,0.9999999825624041
5771,57.70999999999709,0.999999982615559
5772,57.719999999997086,0.9999999826685508
5773,57.729999999997084,0.9999999827213801
5774,57.73999999999708,0.9999999827740473
5775,57.74999999999708,0.999999982826553
5776,57.75999999999708,0.9999999828788976
5777,57.769999999997076,0.9999999829310816
5778,57.779999999997074,0.9999999829831056
5779,57.78999999999707,0.99999998303497
5780,57.79999999999707,0.9999999830866753
5781,57.80999999999707,0.9999999831382219
5782,57.819999999997066,0.9999999831896105
5783,57.829999999997064,0.9999999832408415
5784,57.83999999999706,0.9999999832919153
5785,57.84999999999706,0.9999999833428325
5786,57.85999999999706,0.9999999833935935
5787,57.869999999997056,0.9999999834441988
5788,57.879999999997054,0.999999983494649
5789,57.88999999999705,0.9999999835449443
5790,57.89999999999705,0.9999999835950856
5791,57.90999999999705,0.9999999836450729
5792,57.919999999997046,0.999999983694907
5793,57.929999999997044,0.9999999837445882
5794,57.93999999999704,0.9999999837941171
5795,57.94999999999704,0.9999999838434941
5796,57.95999999999704,0.9999999838927197
5797,57.969999999997036,0.9999999839417943
5798,57.979999999997034,0.9999999839907185
5799,57.98999999999703,0.9999999840394926
5800,57.99999999999703,0.9999999840881172
5801,58.00999999999703,0.9999999841365926
5802,58.019999999997026,0.9999999841849195
5803,58.029999999997024,0.9999999842330981
5804,58.03999999999702,0.9999999842811291
5805,58.04999999999702,0.9999999843290127
5806,58.05999999999702,0.9999999843767495
5807,58.069999999997016,0.99999998442434
5808,58.079999999997014,0.9999999844717846
5809,58.08999999999701,0.9999999845190837
5810,58.09999999999701,0.9999999845662378
5811,58.10999999999701,0.9999999846132474
5812,58.119999999997006,0.9999999846601128
5813,58.129999999997004,0.9999999847068345
5814,58.139999999997,0.999999984753413
5815,58.149999999997,0.9999999847998486
5816,58.159999999997,0.999999984846142
5817,58.169999999996996,0.9999999848922935
5818,58.179999999996994,0.9999999849383034
5819,58.18999999999699,0.9999999849841724
5820,58.19999999999699,0.9999999850299007
5821,58.20999999999699,0.9999999850754888
5822,58.219999999996986,0.9999999851209372
5823,58.229999999996984,0.9999999851662463
5824,58.23999999999698,0.9999999852114165
5825,58.24999999999698,0.9999999852564483
5826,58.25999999999698,0.999999985301342
5827,58.269999999996976,0.9999999853460982
5828,58.279999999996974,0.9999999853907172
5829,58.28999999999697,0.9999999854351994
5830,58.29999999999697,0.9999999854795453
5831,58.30999999999697,0.9999999855237552
5832,58.319999999996966,0.9999999855678297
5833,58.329999999996964,0.9999999856117691
5834,58.33999999999696,0.9999999856555738
5835,58.34999999999696,0.9999999856992443
5836,58.35999999999696,0.999999985742781
5837,58.369999999996956,0.9999999857861842
5838,58.379999999996954,0.9999999858294545
5839,58.38999999999695,0.9999999858725921
5840,58.39999999999695,0.9999999859155976
5841,58.40999999999695,0.9999999859584713
5842,58.419999999996946,0.9999999860012135
5843,58.429999999996944,0.9999999860438249
5844,58.43999999999694,0.9999999860863056
5845,58.44999999999694,0.9999999861286563
5846,58.45999999999694,0.999999986170877
5847,58.469999999996936,0.9999999862129685
5848,58.479999999996934,0.999999986254931
5849,58.48999999999693,0.9999999862967649
5850,58.49999999999693,0.9999999863384706
5851,58.50999999999693,0.9999999863800487
5852,58.51999999999693,0.9999999864214992
5853,58.529999999996924,0.9999999864628228
5854,58.53999999999692,0.9999999865040199
5855,58.54999999999692,0.9999999865450907
5856,58.55999999999692,0.9999999865860356
5857,58.56999999999692,0.9999999866268552
5858,58.579999999996915,0.9999999866675496
5859,58.58999999999691,0.9999999867081195
5860,58.59999999999691,0.999999986748565
5861,58.60999999999691,0.9999999867888867
5862,58.61999999999691,0.9999999868290848
5863,58.629999999996905,0.9999999868691598
5864,58.6399999999969,0.9999999869091121
5865,58.6499999999969,0.9999999869489419
5866,58.6599999999969,0.9999999869886498
5867,58.6699999999969,0.999999987028236
5868,58.679999999996895,0.999999987067701
5869,58.68999999999689,0.9999999871070452
5870,58.69999999999689,0.9999999871462688
5871,58.70999999999689,0.9999999871853723
5872,58.71999999999689,0.999999987224356
5873,58.729999999996885,0.9999999872632204
5874,58.73999999999688,0.9999999873019656
5875,58.74999999999688,0.9999999873405923
5876,58.75999999999688,0.9999999873791007
5877,58.76999999999688,0.9999999874174911
5878,58.779999999996875,0.9999999874557639
5879,58.78999999999687,0.9999999874939196
5880,58.79999999999687,0.9999999875319584
5881,58.80999999999687,0.9999999875698807
5882,58.81999999999687,0.9999999876076869
5883,58.829999999996865,0.9999999876453773
5884,58.83999999999686,0.9999999876829523
5885,58.84999999999686,0.9999999877204123
5886,58.85999999999686,0.9999999877577576
5887,58.86999999999686,0.9999999877949884
5888,58.879999999996855,0.9999999878321054
5889,58.88999999999685,0.9999999878691087
5890,58.89999999999685,0.9999999879059986
5891,58.90999999999685,0.9999999879427757
5892,58.91999999999685,0.9999999879794401
5893,58.929999999996845,0.9999999880159922
5894,58.93999999999684,0.9999999880524325
5895,58.94999999999684,0.9999999880887612
5896,58.95999999999684,0.9999999881249787
5897,58.96999999999684,0.9999999881610854
5898,58.979999999996835,0.9999999881970815
5899,58.98999999999683,0.9999999882329673
5900,58.99999999999683,0.9999999882687434
5901,59.00999999999683,0.9999999883044098
5902,59.01999999999683,0.9999999883399672
5903,59.029999999996825,0.9999999883754157
5904,59.03999999999682,0.9999999884107557
5905,59.04999999999682,0.9999999884459875
5906,59.05999999999682,0.9999999884811115
5907,59.06999999999682,0.9999999885161279
5908,59.079999999996815,0.9999999885510371
5909,59.08999999999681,0.9999999885858396
5910,59.09999999999681,0.9999999886205355
5911,59.10999999999681,0.9999999886551252
5912,59.11999999999681,0.999999988689609
5913,59.129999999996805,0.9999999887239873
5914,59.1399999999968,0.9999999887582605
5915,59.1499999999968,0.9999999887924287
5916,59.1599999999968,0.9999999888264923
5917,59.1699999999968,0.9999999888604517
5918,59.179999999996795,0.9999999888943072
5919,59.18999999999679,0.999999988928059
5920,59.19999999999679,0.9999999889617076
5921,59.20999999999679,0.9999999889952531
5922,59.21999999999679,0.9999999890286961
5923,59.229999999996785,0.9999999890620367
5924,59.23999999999678,0.9999999890952753
5925,59.24999999999678,0.9999999891284121
5926,59.25999999999678,0.9999999891614477
5927,59.26999999999678,0.999999989194382
5928,59.279999999996775,0.9999999892272158
5929,59.28999999999677,0.9999999892599489
5930,59.29999999999677,0.9999999892925819
5931,59.30999999999677,0.9999999893251151
5932,59.31999999999677,0.9999999893575487
5933,59.329999999996765,0.9999999893898831
5934,59.33999999999676,0.9999999894221187
5935,59.34999999999676,0.9999999894542555
5936,59.35999999999676,0.9999999894862941
5937,59.36999999999676,0.9999999895182345
5938,59.379999999996755,0.9999999895500774
5939,59.38999999999675,0.9999999895818228
5940,59.39999999999675,0.9999999896134711
5941,59.40999999999675,0.9999999896450226
5942,59.41999999999675,0.9999999896764775
5943,59.429999999996745,0.9999999897078363
5944,59.43999999999674,0.9999999897390991
5945,59.44999999999674,0.9999999897702664
5946,59.45999999999674,0.9999999898013382
5947,59.46999999999674,0.999999989832315
5948,59.479999999996735,0.999999989863197
5949,59.48999999999673,0.9999999898939848
5950,59.49999999999673,0.9999999899246782
5951,59.50999999999673,0.9999999899552777
5952,59.51999999999673,0.9999999899857838
5953,59.529999999996726,0.9999999900161964
5954,59.53999999999672,0.9999999900465161
5955,59.54999999999672,0.999999990076743
5956,59.55999999999672,0.9999999901068776
5957,59.56999999999672,0.9999999901369199
5958,59.579999999996716,0.9999999901668704
5959,59.589999999996714,0.9999999901967292
5960,59.59999999999671,0.9999999902264968
5961,59.60999999999671,0.9999999902561734
5962,59.61999999999671,0.9999999902857591
5963,59.629999999996706,0.9999999903152545
5964,59.639999999996704,0.9999999903446596
5965,59.6499999999967,0.9999999903739748
5966,59.6599999999967,0.9999999904032004
5967,59.6699999999967,0.9999999904323367
5968,59.679999999996696,0.9999999904613838
5969,59.689999999996694,0.9999999904903422
5970,59.69999999999669,0.999999990519212
5971,59.70999999999669,0.9999999905479935
5972,59.71999999999669,0.999999990576687
5973,59.729999999996686,0.9999999906052928
5974,59.739999999996684,0.9999999906338111
5975,59.74999999999668,0.9999999906622422
5976,59.75999999999668,0.9999999906905865
5977,59.76999999999668,0.999999990718844
5978,59.779999999996676,0.9999999907470153
5979,59.789999999996674,0.9999999907751004
5980,59.79999999999667,0.9999999908030995
5981,59.80999999999667,0.9999999908310132
5982,59.81999999999667,0.9999999908588415
5983,59.829999999996666,0.9999999908865848
5984,59.839999999996664,0.9999999909142432
5985,59.84999999999666,0.9999999909418171
5986,59.85999999999666,0.9999999909693067
5987,59.86999999999666,0.9999999909967123
5988,59.879999999996656,0.9999999910240341
5989,59.889999999996654,0.9999999910512725
5990,59.89999999999665,0.9999999910784275
5991,59.90999999999665,0.9999999911054996
5992,59.91999999999665,0.9999999911324889
5993,59.929999999996646,0.9999999911593959
5994,59.939999999996644,0.9999999911862204
5995,59.94999999999664,0.9999999912129631
5996,59.95999999999664,0.999999991239624
5997,59.96999999999664,0.9999999912662034
5998,59.979999999996636,0.9999999912927017
5999,59.989999999996634,0.9999999913191189
6000,59.99999999999663,0.9999999913454554
6001,60.00999999999663,0.9999999913717114
6002,60.01999999999663,0.9999999913978872
6003,60.029999999996626,0.999999991423983
6004,60.039999999996624,0.9999999914499991
6005,60.04999999999662,0.9999999914759357
6006,60.05999999999662,0.999999991501793
6007,60.06999999999662,0.9999999915275714
6008,60.079999999996616,0.9999999915532709
6009,60.089999999996614,0.999999991578892
6010,60.09999999999661,0.9999999916044348
6011,60.10999999999661,0.9999999916298995
6012,60.11999999999661,0.9999999916552864
6013,60.129999999996606,0.9999999916805957
6014,60.139999999996604,0.9999999917058278
6015,60.1499999999966,0.9999999917309828
6016,60.1599999999966,0.9999999917560609
6017,60.1699999999966,0.9999999917810624
6018,60.179999999996596,0.9999999918059875
6019,60.189999999996594,0.9999999918308365
6020,60.19999999999659,0.9999999918556096
6021,60.20999999999659,0.999999991880307
6022,60.21999999999659,0.9999999919049289
6023,60.229999999996586,0.9999999919294758
6024,60.239999999996584,0.9999999919539475
6025,60.24999999999658,0.9999999919783445
6026,60.25999999999658,0.9999999920026671
6027,60.26999999999658,0.9999999920269154
6028,60.279999999996576,0.9999999920510895
6029,60.289999999996574,0.9999999920751899
6030,60.29999999999657,0.9999999920992165
6031,60.30999999999657,0.9999999921231699
6032,60.31999999999657,0.99999999214705
6033,60.329999999996566,0.9999999921708573
6034,60.339999999996564,0.9999999921945919
6035,60.34999999999656,0.999999992218254
6036,60.35999999999656,0.9999999922418438
6037,60.36999999999656,0.9999999922653616
6038,60.379999999996556,0.9999999922888075
6039,60.389999999996554,0.999999992312182
6040,60.39999999999655,0.999999992335485
6041,60.40999999999655,0.9999999923587167
6042,60.41999999999655,0.9999999923818776
6043,60.42999999999655,0.9999999924049678
6044,60.439999999996544,0.9999999924279875
6045,60.44999999999654,0.999999992450937
6046,60.45999999999654,0.9999999924738162
6047,60.46999999999654,0.9999999924966257
6048,60.47999999999654,0.9999999925193656
6049,60.489999999996535,0.999999992542036
6050,60.49999999999653,0.9999999925646371
6051,60.50999999999653,0.9999999925871693
6052,60.51999999999653,0.9999999926096327
6053,60.52999999999653,0.9999999926320275
6054,60.539999999996525,0.9999999926543539
6055,60.54999999999652,0.9999999926766122
6056,60.55999999999652,0.9999999926988026
6057,60.56999999999652,0.9999999927209252
6058,60.57999999999652,0.9999999927429803
6059,60.589999999996515,0.9999999927649681
6060,60.59999999999651,0.9999999927868887
6061,60.60999999999651,0.9999999928087424
6062,60.61999999999651,0.9999999928305294
6063,60.62999999999651,0.9999999928522499
6064,60.639999999996505,0.9999999928739042
6065,60.6499999999965,0.9999999928954924
6066,60.6599999999965,0.9999999929170146
6067,60.6699999999965,0.9999999929384712
6068,60.6799999999965,0.9999999929598622
6069,60.689999999996495,0.999999992981188
6070,60.69999999999649,0.9999999930024487
6071,60.70999999999649,0.9999999930236445
6072,60.71999999999649,0.9999999930447757
6073,60.72999999999649,0.9999999930658423
6074,60.739999999996485,0.9999999930868447
6075,60.74999999999648,0.999999993107783
6076,60.75999999999648,0.9999999931286574
6077,60.76999999999648,0.9999999931494681
6078,60.77999999999648,0.9999999931702153
6079,60.789999999996475,0.999999993190899
6080,60.79999999999647,0.9999999932115199
6081,60.80999999999647,0.9999999932320777
6082,60.81999999999647,0.9999999932525728
6083,60.82999999999647,0.9999999932730054
6084,60.839999999996465,0.9999999932933756
6085,60.84999999999646,0.9999999933136837
6086,60.85999999999646,0.9999999933339299
6087,60.86999999999646,0.9999999933541143
6088,60.87999999999646,0.9999999933742371
6089,60.889999999996455,0.9999999933942985
6090,60.89999999999645,0.9999999934142987
6091,60.90999999999645,0.9999999934342378
6092,60.91999999999645,0.9999999934541162
6093,60.92999999999645,0.9999999934739339
6094,60.939999999996445,0.9999999934936912
6095,60.94999999999644,0.9999999935133882
6096,60.95999999999644,0.999999993533025
6097,60.96999999999644,0.999999993552602
6098,60.97999999999644,0.9999999935721193
6099,60.989999999996435,0.9999999935915771
6100,60.99999999999643,0.9999999936109756
6101,61.00999999999643,0.9999999936303148
6102,61.01999999999643,0.999999993649595
6103,61.02999999999643,0.9999999936688165
6104,61.039999999996425,0.9999999936879794
6105,61.04999999999642,0.9999999937070838
6106,61.05999999999642,0.9999999937261299
6107,61.06999999999642,0.9999999937451179
6108,61.07999999999642,0.9999999937640481
6109,61.089999999996415,0.9999999937829205
6110,61.09999999999641,0.9999999938017353
6111,61.10999999999641,0.9999999938204929
6112,61.11999999999641,0.9999999938391931
6113,61.12999999999641,0.9999999938578363
6114,61.139999999996405,0.9999999938764228
6115,61.1499999999964,0.9999999938949525
6116,61.1599999999964,0.9999999939134258
6117,61.1699999999964,0.9999999939318427
6118,61.1799999999964,0.9999999939502034
6119,61.189999999996395,0.9999999939685081
6120,61.19999999999639,0.9999999939867571
6121,61.20999999999639,0.9999999940049504
6122,61.21999999999639,0.9999999940230883
6123,61.22999999999639,0.9999999940411709
6124,61.239999999996385,0.9999999940591983
6125,61.24999999999638,0.9999999940771708
6126,61.25999999999638,0.9999999940950884
6127,61.26999999999638,0.9999999941129515
6128,61.27999999999638,0.99999999413076
6129,61.289999999996375,0.9999999941485144
6130,61.29999999999637,0.9999999941662145
6131,61.30999999999637,0.9999999941838608
6132,61.31999999999637,0.9999999942014532
6133,61.32999999999637,0.999999994218992
6134,61.339999999996365,0.9999999942364773
6135,61.34999999999636,0.9999999942539094
6136,61.35999999999636,0.9999999942712884
6137,61.36999999999636,0.9999999942886143
6138,61.37999999999636,0.9999999943058875
6139,61.389999999996355,0.9999999943231079
6140,61.39999999999635,0.999999994340276
6141,61.40999999999635,0.9999999943573917
6142,61.41999999999635,0.9999999943744552
6143,61.42999999999635,0.9999999943914667
6144,61.439999999996346,0.9999999944084265
6145,61.44999999999634,0.9999999944253344
6146,61.45999999999634,0.9999999944421909
6147,61.46999999999634,0.999999994458996
6148,61.47999999999634,0.9999999944757499
6149,61.489999999996336,0.9999999944924528
6150,61.499999999996334,0.9999999945091047
6151,61.50999999999633,0.9999999945257059
6152,61.51999999999633,0.9999999945422565
6153,61.52999999999633,0.9999999945587568
6154,61.539999999996326,0.9999999945752066
6155,61.549999999996324,0.9999999945916065
6156,61.55999999999632,0.9999999946079563
6157,61.56999999999632,0.9999999946242563
6158,61.57999999999632,0.9999999946405067
6159,61.589999999996316,0.9999999946567075
6160,61.599999999996314,0.999999994672859
6161,61.60999999999631,0.9999999946889613
6162,61.61999999999631,0.9999999947050145
6163,61.62999999999631,0.9999999947210189
6164,61.639999999996306,0.9999999947369744
6165,61.649999999996304,0.9999999947528814
6166,61.6599999999963,0.9999999947687399
6167,61.6699999999963,0.9999999947845502
6168,61.6799999999963,0.9999999948003121
6169,61.689999999996296,0.9999999948160262
6170,61.699999999996294,0.9999999948316923
6171,61.70999999999629,0.9999999948473108
6172,61.71999999999629,0.9999999948628817
6173,61.72999999999629,0.9999999948784051
6174,61.739999999996286,0.9999999948938812
6175,61.749999999996284,0.9999999949093104
6176,61.75999999999628,0.9999999949246924
6177,61.76999999999628,0.9999999949400276
6178,61.77999999999628,0.9999999949553161
6179,61.789999999996276,0.999999994970558
6180,61.799999999996274,0.9999999949857535
6181,61.80999999999627,0.9999999950009028
6182,61.81999999999627,0.9999999950160059
6183,61.82999999999627,0.999999995031063
6184,61.839999999996266,0.9999999950460743
6185,61.849999999996264,0.9999999950610399
6186,61.85999999999626,0.9999999950759598
6187,61.86999999999626,0.9999999950908344
6188,61.87999999999626,0.9999999951056636
6189,61.889999999996256,0.9999999951204478
6190,61.899999999996254,0.9999999951351869
6191,61.90999999999625,0.9999999951498811
6192,61.91999999999625,0.9999999951645306
6193,61.92999999999625,0.9999999951791355
6194,61.939999999996246,0.9999999951936959
6195,61.949999999996244,0.999999995208212
6196,61.95999999999624,0.9999999952226839
6197,61.96999999999624,0.9999999952371117
6198,61.97999999999624,0.9999999952514956
6199,61.989999999996236,0.9999999952658358
6200,61.999999999996234,0.9999999952801323
6201,62.00999999999623,0.9999999952943852
6202,62.01999999999623,0.9999999953085948
6203,62.02999999999623,0.9999999953227612
6204,62.039999999996226,0.9999999953368843
6205,62.049999999996224,0.9999999953509645
6206,62.05999999999622,0.999999995365002
6207,62.06999999999622,0.9999999953789965
6208,62.07999999999622,0.9999999953929486
6209,62.089999999996216,0.9999999954068581
6210,62.099999999996214,0.9999999954207254
6211,62.10999999999621,0.9999999954345504
6212,62.11999999999621,0.9999999954483334
6213,62.12999999999621,0.9999999954620744
6214,62.139999999996206,0.9999999954757736
6215,62.149999999996204,0.9999999954894311
6216,62.1599999999962,0.9999999955030471
6217,62.1699999999962,0.9999999955166216
6218,62.1799999999962,0.9999999955301547
6219,62.189999999996196,0.9999999955436467
6220,62.199999999996194,0.9999999955570977
6221,62.20999999999619,0.9999999955705078
6222,62.21999999999619,0.999999995583877
6223,62.22999999999619,0.9999999955972055
6224,62.239999999996186,0.9999999956104936
6225,62.249999999996184,0.9999999956237411
6226,62.25999999999618,0.9999999956369484
6227,62.26999999999618,0.9999999956501154
6228,62.27999999999618,0.9999999956632425
6229,62.289999999996176,0.9999999956763296
6230,62.299999999996174,0.9999999956893768
6231,62.30999999999617,0.9999999957023844
6232,62.31999999999617,0.9999999957153524
6233,62.32999999999617,0.999999995728281
6234,62.33999999999617,0.9999999957411702
6235,62.349999999996164,0.9999999957540202
6236,62.35999999999616,0.9999999957668312
6237,62.36999999999616,0.9999999957796031
6238,62.37999999999616,0.9999999957923362
6239,62.38999999999616,0.9999999958050306
6240,62.399999999996155,0.9999999958176864
6241,62.40999999999615,0.9999999958303036
6242,62.41999999999615,0.9999999958428826
6243,62.42999999999615,0.9999999958554232
6244,62.43999999999615,0.9999999958679257
6245,62.449999999996145,0.9999999958803901
6246,62.45999999999614,0.9999999958928167
6247,62.46999999999614,0.9999999959052055
6248,62.47999999999614,0.9999999959175566
6249,62.48999999999614,0.9999999959298701
6250,62.499999999996135,0.9999999959421463
6251,62.50999999999613,0.999999995954385
6252,62.51999999999613,0.9999999959665865
6253,62.52999999999613,0.999999995978751
6254,62.53999999999613,0.9999999959908784
6255,62.549999999996125,0.9999999960029691
6256,62.55999999999612,0.9999999960150229
6257,62.56999999999612,0.99999999602704
6258,62.57999999999612,0.9999999960390207
6259,62.58999999999612,0.9999999960509648
6260,62.599999999996115,0.9999999960628727
6261,62.60999999999611,0.9999999960747444
6262,62.61999999999611,0.99999999608658
6263,62.62999999999611,0.9999999960983796
6264,62.63999999999611,0.9999999961101433
6265,62.649999999996105,0.9999999961218713
6266,62.6599999999961,0.9999999961335636
6267,62.6699999999961,0.9999999961452204
6268,62.6799999999961,0.9999999961568418
6269,62.6899999999961,0.9999999961684277
6270,62.699999999996095,0.9999999961799785
6271,62.70999999999609,0.9999999961914942
6272,62.71999999999609,0.9999999962029749
6273,62.72999999999609,0.9999999962144207
6274,62.73999999999609,0.9999999962258317
6275,62.749999999996085,0.9999999962372079
6276,62.75999999999608,0.9999999962485497
6277,62.76999999999608,0.9999999962598569
6278,62.77999999999608,0.9999999962711299
6279,62.78999999999608,0.9999999962823685
6280,62.799999999996075,0.999999996293573
6281,62.80999999999607,0.9999999963047433
6282,62.81999999999607,0.9999999963158799
6283,62.82999999999607,0.9999999963269826
6284,62.83999999999607,0.9999999963380514
6285,62.849999999996065,0.9999999963490867
6286,62.85999999999606,0.9999999963600884
6287,62.86999999999606,0.9999999963710567
6288,62.87999999999606,0.9999999963819917
6289,62.88999999999606,0.9999999963928934
6290,62.899999999996055,0.999999996403762
6291,62.90999999999605,0.9999999964145977
6292,62.91999999999605,0.9999999964254003
6293,62.92999999999605,0.9999999964361702
6294,62.93999999999605,0.9999999964469073
6295,62.949999999996045,0.9999999964576118
6296,62.95999999999604,0.9999999964682837
6297,62.96999999999604,0.9999999964789233
6298,62.97999999999604,0.9999999964895306
6299,62.98999999999604,0.9999999965001056
6300,62.999999999996035,0.9999999965106485
6301,63.00999999999603,0.9999999965211595
6302,63.01999999999603,0.9999999965316383
6303,63.02999999999603,0.9999999965420855
6304,63.03999999999603,0.9999999965525008
6305,63.049999999996025,0.9999999965628845
6306,63.05999999999602,0.9999999965732368
6307,63.06999999999602,0.9999999965835575
6308,63.07999999999602,0.999999996593847
6309,63.08999999999602,0.9999999966041051
6310,63.099999999996015,0.999999996614332
6311,63.10999999999601,0.999999996624528
6312,63.11999999999601,0.999999996634693
6313,63.12999999999601,0.9999999966448271
6314,63.13999999999601,0.9999999966549304
6315,63.149999999996005,0.999999996665003
6316,63.159999999996,0.9999999966750451
6317,63.169999999996,0.9999999966850567
6318,63.179999999996,0.9999999966950378
6319,63.189999999996,0.9999999967049887
6320,63.199999999995995,0.9999999967149094
6321,63.20999999999599,0.9999999967247999
6322,63.21999999999599,0.9999999967346603
6323,63.22999999999599,0.9999999967444908
6324,63.23999999999599,0.9999999967542915
6325,63.249999999995985,0.9999999967640625
6326,63.25999999999598,0.9999999967738038
6327,63.26999999999598,0.9999999967835155
6328,63.27999999999598,0.9999999967931976
6329,63.28999999999598,0.9999999968028505
6330,63.299999999995975,0.999999996812474
6331,63.30999999999597,0.9999999968220683
6332,63.31999999999597,0.9999999968316334
6333,63.32999999999597,0.9999999968411696
6334,63.33999999999597,0.9999999968506768
6335,63.349999999995966,0.9999999968601551
6336,63.35999999999596,0.9999999968696046
6337,63.36999999999596,0.9999999968790255
6338,63.37999999999596,0.9999999968884178
6339,63.38999999999596,0.9999999968977815
6340,63.399999999995956,0.9999999969071168
6341,63.409999999995954,0.9999999969164238
6342,63.41999999999595,0.9999999969257026
6343,63.42999999999595,0.9999999969349532
6344,63.43999999999595,0.9999999969441757
6345,63.449999999995946,0.9999999969533703
6346,63.459999999995944,0.9999999969625369
6347,63.46999999999594,0.9999999969716757
6348,63.47999999999594,0.9999999969807868
6349,63.48999999999594,0.9999999969898703
6350,63.499999999995936,0.9999999969989262
6351,63.509999999995934,0.9999999970079545
6352,63.51999999999593,0.9999999970169555
6353,63.52999999999593,0.9999999970259291
6354,63.53999999999593,0.9999999970348756
6355,63.549999999995926,0.9999999970437949
6356,63.559999999995924,0.9999999970526872
6357,63.56999999999592,0.9999999970615524
6358,63.57999999999592,0.9999999970703908
6359,63.58999999999592,0.9999999970792024
6360,63.599999999995916,0.9999999970879871
6361,63.609999999995914,0.9999999970967454
6362,63.61999999999591,0.9999999971054769
6363,63.62999999999591,0.999999997114182
6364,63.63999999999591,0.9999999971228607
6365,63.649999999995906,0.9999999971315131
6366,63.659999999995904,0.9999999971401392
6367,63.6699999999959,0.9999999971487392
6368,63.6799999999959,0.999999997157313
6369,63.6899999999959,0.9999999971658609
6370,63.699999999995896,0.9999999971743828
6371,63.709999999995894,0.9999999971828789
6372,63.71999999999589,0.9999999971913492
6373,63.72999999999589,0.9999999971997938
6374,63.73999999999589,0.9999999972082129
6375,63.749999999995886,0.9999999972166064
6376,63.759999999995884,0.9999999972249743
6377,63.76999999999588,0.999999997233317
6378,63.77999999999588,0.9999999972416344
6379,63.78999999999588,0.9999999972499265
6380,63.799999999995876,0.9999999972581934
6381,63.809999999995874,0.9999999972664354
6382,63.81999999999587,0.9999999972746523
6383,63.82999999999587,0.9999999972828443
6384,63.83999999999587,0.9999999972910114
6385,63.849999999995866,0.9999999972991538
6386,63.859999999995864,0.9999999973072715
6387,63.86999999999586,0.9999999973153646
6388,63.87999999999586,0.9999999973234331
6389,63.88999999999586,0.9999999973314773
6390,63.899999999995856,0.999999997339497
6391,63.909999999995854,0.9999999973474923
6392,63.91999999999585,0.9999999973554634
6393,63.92999999999585,0.9999999973634104
6394,63.93999999999585,0.9999999973713333
6395,63.949999999995846,0.9999999973792322
6396,63.959999999995844,0.9999999973871071
6397,63.96999999999584,0.9999999973949582
6398,63.97999999999584,0.9999999974027854
6399,63.98999999999584,0.9999999974105889
6400,63.999999999995836,0.9999999974183688
6401,64.00999999999584,0.9999999974261251
6402,64.01999999999585,0.9999999974338578
6403,64.02999999999585,0.9999999974415672
6404,64.03999999999586,0.9999999974492532
6405,64.04999999999586,0.9999999974569158
6406,64.05999999999587,0.9999999974645553
6407,64.06999999999587,0.9999999974721716
6408,64.07999999999588,0.9999999974797648
6409,64.08999999999588,0.999999997487335
6410,64.09999999999589,0.9999999974948822
6411,64.10999999999589,0.9999999975024066
6412,64.1199999999959,0.9999999975099082
6413,64.1299999999959,0.9999999975173871
6414,64.13999999999591,0.9999999975248433
6415,64.14999999999591,0.9999999975322769
6416,64.15999999999592,0.9999999975396879
6417,64.16999999999592,0.9999999975470766
6418,64.17999999999593,0.9999999975544428
6419,64.18999999999593,0.9999999975617867
6420,64.19999999999594,0.9999999975691084
6421,64.20999999999594,0.9999999975764079
6422,64.21999999999595,0.9999999975836853
6423,64.22999999999595,0.9999999975909406
6424,64.23999999999596,0.9999999975981739
6425,64.24999999999596,0.9999999976053853
6426,64.25999999999597,0.9999999976125749
6427,64.26999999999597,0.9999999976197427
6428,64.27999999999598,0.9999999976268887
6429,64.28999999999598,0.9999999976340133
6430,64.29999999999599,0.999999997641116
6431,64.309999999996,0.9999999976481974
6432,64.319999999996,0.9999999976552573
6433,64.329999999996,0.9999999976622957
6434,64.33999999999601,0.999999997669313
6435,64.34999999999602,0.9999999976763089
6436,64.35999999999602,0.9999999976832836
6437,64.36999999999603,0.9999999976902373
6438,64.37999999999603,0.9999999976971699
6439,64.38999999999604,0.9999999977040814
6440,64.39999999999604,0.999999997710972
6441,64.40999999999605,0.9999999977178418
6442,64.41999999999605,0.9999999977246907
6443,64.42999999999606,0.9999999977315189
6444,64.43999999999606,0.9999999977383265
6445,64.44999999999607,0.9999999977451135
6446,64.45999999999607,0.9999999977518799
6447,64.46999999999608,0.9999999977586257
6448,64.47999999999608,0.9999999977653512
6449,64.48999999999609,0.9999999977720563
6450,64.49999999999609,0.999999997778741
6451,64.5099999999961,0.9999999977854056
6452,64.5199999999961,0.9999999977920501
6453,64.52999999999611,0.9999999977986743
6454,64.53999999999611,0.9999999978052785
6455,64.54999999999612,0.9999999978118627
6456,64.55999999999612,0.999999997818427
6457,64.56999999999613,0.9999999978249714
6458,64.57999999999613,0.999999997831496
6459,64.58999999999614,0.9999999978380009
6460,64.59999999999614,0.999999997844486
6461,64.60999999999615,0.9999999978509515
6462,64.61999999999615,0.9999999978573975
6463,64.62999999999616,0.999999997863824
6464,64.63999999999616,0.999999997870231
6465,64.64999999999617,0.9999999978766185
6466,64.65999999999617,0.9999999978829868
6467,64.66999999999618,0.9999999978893358
6468,64.67999999999618,0.9999999978956655
6469,64.68999999999619,0.9999999979019761
6470,64.6999999999962,0.9999999979082677
6471,64.7099999999962,0.9999999979145402
6472,64.7199999999962,0.9999999979207937
6473,64.72999999999621,0.9999999979270283
6474,64.73999999999621,0.999999997933244
6475,64.74999999999622,0.9999999979394408
6476,64.75999999999623,0.999999997945619
6477,64.76999999999623,0.9999999979517785
6478,64.77999999999624,0.9999999979579193
6479,64.78999999999624,0.9999999979640416
6480,64.79999999999625,0.9999999979701453
6481,64.80999999999625,0.9999999979762305
6482,64.81999999999626,0.9999999979822973
6483,64.82999999999626,0.9999999979883458
6484,64.83999999999627,0.999999997994376
6485,64.84999999999627,0.999999998000388
6486,64.85999999999628,0.9999999980063817
6487,64.86999999999628,0.9999999980123573
6488,64.87999999999629,0.9999999980183149
6489,64.88999999999629,0.9999999980242543
6490,64.8999999999963,0.9999999980301759
6491,64.9099999999963,0.9999999980360795
6492,64.9199999999963,0.9999999980419654
6493,64.92999999999631,0.9999999980478333
6494,64.93999999999632,0.9999999980536836
6495,64.94999999999632,0.9999999980595161
6496,64.95999999999633,0.999999998065331
6497,64.96999999999633,0.9999999980711283
6498,64.97999999999634,0.9999999980769081
6499,64.98999999999634,0.9999999980826704
6500,64.99999999999635,0.9999999980884152
6501,65.00999999999635,0.9999999980941428
6502,65.01999999999636,0.9999999980998528
6503,65.02999999999636,0.9999999981055457
6504,65.03999999999637,0.9999999981112215
6505,65.04999999999637,0.99999999811688
6506,65.05999999999638,0.9999999981225214
6507,65.06999999999638,0.9999999981281458
6508,65.07999999999639,0.9999999981337532
6509,65.0899999999964,0.9999999981393435
6510,65.0999999999964,0.999999998144917
6511,65.1099999999964,0.9999999981504737
6512,65.11999999999641,0.9999999981560135
6513,65.12999999999641,0.9999999981615366
6514,65.13999999999642,0.999999998167043
6515,65.14999999999642,0.9999999981725327
6516,65.15999999999643,0.9999999981780059
6517,65.16999999999643,0.9999999981834625
6518,65.17999999999644,0.9999999981889026
6519,65.18999999999645,0.9999999981943263
6520,65.19999999999645,0.9999999981997336
6521,65.20999999999646,0.9999999982051245
6522,65.21999999999646,0.9999999982104991
6523,65.22999999999647,0.9999999982158575
6524,65.23999999999647,0.9999999982211997
6525,65.24999999999648,0.9999999982265257
6526,65.25999999999648,0.9999999982318357
6527,65.26999999999649,0.9999999982371296
6528,65.27999999999649,0.9999999982424075
6529,65.2899999999965,0.9999999982476695
6530,65.2999999999965,0.9999999982529155
6531,65.3099999999965,0.9999999982581457
6532,65.31999999999651,0.9999999982633601
6533,65.32999999999652,0.9999999982685587
6534,65.33999999999652,0.9999999982737416
6535,65.34999999999653,0.9999999982789088
6536,65.35999999999653,0.9999999982840605
6537,65.36999999999654,0.9999999982891966
6538,65.37999999999654,0.9999999982943172
6539,65.38999999999655,0.9999999982994222
6540,65.39999999999655,0.9999999983045119
6541,65.40999999999656,0.9999999983095862
6542,65.41999999999656,0.9999999983146451
6543,65.42999999999657,0.9999999983196888
6544,65.43999999999657,0.9999999983247173
6545,65.44999999999658,0.9999999983297305
6546,65.45999999999658,0.9999999983347286
6547,65.46999999999659,0.9999999983397116
6548,65.4799999999966,0.9999999983446796
6549,65.4899999999966,0.9999999983496325
6550,65.4999999999966,0.9999999983545704
6551,65.50999999999661,0.9999999983594935
6552,65.51999999999661,0.9999999983644017
6553,65.52999999999662,0.9999999983692951
6554,65.53999999999662,0.9999999983741736
6555,65.54999999999663,0.9999999983790375
6556,65.55999999999663,0.9999999983838866
6557,65.56999999999664,0.9999999983887212
6558,65.57999999999664,0.9999999983935411
6559,65.58999999999665,0.9999999983983465
6560,65.59999999999665,0.9999999984031374
6561,65.60999999999666,0.9999999984079138
6562,65.61999999999666,0.9999999984126757
6563,65.62999999999667,0.9999999984174233
6564,65.63999999999668,0.9999999984221565
6565,65.64999999999668,0.9999999984268755
6566,65.65999999999669,0.9999999984315802
6567,65.66999999999669,0.9999999984362706
6568,65.6799999999967,0.999999998440947
6569,65.6899999999967,0.9999999984456092
6570,65.6999999999967,0.9999999984502573
6571,65.70999999999671,0.9999999984548914
6572,65.71999999999672,0.9999999984595116
6573,65.72999999999672,0.9999999984641177
6574,65.73999999999673,0.99999999846871
6575,65.74999999999673,0.9999999984732884
6576,65.75999999999674,0.9999999984778529
6577,65.76999999999674,0.9999999984824037
6578,65.77999999999675,0.9999999984869408
6579,65.78999999999675,0.9999999984914641
6580,65.79999999999676,0.9999999984959739
6581,65.80999999999676,0.9999999985004699
6582,65.81999999999677,0.9999999985049525
6583,65.82999999999677,0.9999999985094215
6584,65.83999999999678,0.999999998513877
6585,65.84999999999678,0.9999999985183191
6586,65.85999999999679,0.9999999985227477
6587,65.86999999999679,0.999999998527163
6588,65.8799999999968,0.999999998531565
6589,65.8899999999968,0.9999999985359537
6590,65.89999999999681,0.9999999985403291
6591,65.90999999999681,0.9999999985446913
6592,65.91999999999682,0.9999999985490404
6593,65.92999999999682,0.9999999985533764
6594,65.93999999999683,0.9999999985576992
6595,65.94999999999683,0.999999998562009
6596,65.95999999999684,0.9999999985663058
6597,65.96999999999684,0.9999999985705897
6598,65.97999999999685,0.9999999985748607
6599,65.98999999999685,0.9999999985791187
6600,65.99999999999686,0.9999999985833639
6601,66.00999999999686,0.9999999985875963
6602,66.01999999999687,0.9999999985918159
6603,66.02999999999687,0.9999999985960227
6604,66.03999999999688,0.9999999986002169
6605,66.04999999999688,0.9999999986043985
6606,66.05999999999689,0.9999999986085675
6607,66.0699999999969,0.9999999986127238
6608,66.0799999999969,0.9999999986168676
6609,66.0899999999969,0.999999998620999
6610,66.09999999999691,0.9999999986251178
6611,66.10999999999692,0.9999999986292243
6612,66.11999999999692,0.9999999986333183
6613,66.12999999999693,0.9999999986374
6614,66.13999999999693,0.9999999986414694
6615,66.14999999999694,0.9999999986455265
6616,66.15999999999694,0.9999999986495713
6617,66.16999999999695,0.9999999986536041
6618,66.17999999999695,0.9999999986576246
6619,66.18999999999696,0.999999998661633
6620,66.19999999999696,0.9999999986656293
6621,66.20999999999697,0.9999999986696135
6622,66.21999999999697,0.9999999986735858
6623,66.22999999999698,0.9999999986775461
6624,66.23999999999698,0.9999999986814945
6625,66.24999999999699,0.9999999986854309
6626,66.25999999999699,0.9999999986893554
6627,66.269999999997,0.9999999986932682
6628,66.279999999997,0.999999998697169
6629,66.28999999999701,0.9999999987010583
6630,66.29999999999701,0.9999999987049357
6631,66.30999999999702,0.9999999987088014
6632,66.31999999999702,0.9999999987126555
6633,66.32999999999703,0.999999998716498
6634,66.33999999999703,0.999999998720329
6635,66.34999999999704,0.9999999987241482
6636,66.35999999999704,0.9999999987279561
6637,66.36999999999705,0.9999999987317525
6638,66.37999999999705,0.9999999987355374
6639,66.38999999999706,0.9999999987393109
6640,66.39999999999706,0.9999999987430731
6641,66.40999999999707,0.9999999987468239
6642,66.41999999999707,0.9999999987505633
6643,66.42999999999708,0.9999999987542916
6644,66.43999999999708,0.9999999987580086
6645,66.44999999999709,0.9999999987617143
6646,66.4599999999971,0.999999998765409
6647,66.4699999999971,0.9999999987690925
6648,66.4799999999971,0.9999999987727648
6649,66.48999999999711,0.9999999987764262
6650,66.49999999999712,0.9999999987800765
6651,66.50999999999712,0.9999999987837157
6652,66.51999999999713,0.999999998787344
6653,66.52999999999713,0.9999999987909615
6654,66.53999999999714,0.9999999987945679
6655,66.54999999999714,0.9999999987981636
6656,66.55999999999715,0.9999999988017484
6657,66.56999999999715,0.9999999988053224
6658,66.57999999999716,0.9999999988088856
6659,66.58999999999716,0.9999999988124381
6660,66.59999999999717,0.9999999988159799
6661,66.60999999999717,0.999999998819511
6662,66.61999999999718,0.9999999988230315
6663,66.62999999999718,0.9999999988265413
6664,66.63999999999719,0.9999999988300406
6665,66.64999999999719,0.9999999988335294
6666,66.6599999999972,0.9999999988370077
6667,66.6699999999972,0.9999999988404755
6668,66.67999999999721,0.9999999988439329
6669,66.68999999999721,0.9999999988473798
6670,66.69999999999722,0.9999999988508164
6671,66.70999999999722,0.9999999988542425
6672,66.71999999999723,0.9999999988576584
6673,66.72999999999723,0.9999999988610639
6674,66.73999999999724,0.9999999988644593
6675,66.74999999999724,0.9999999988678444
6676,66.75999999999725,0.9999999988712194
6677,66.76999999999725,0.9999999988745841
6678,66.77999999999726,0.9999999988779388
6679,66.78999999999726,0.9999999988812832
6680,66.79999999999727,0.9999999988846177
6681,66.80999999999727,0.9999999988879421
6682,66.81999999999728,0.9999999988912566
6683,66.82999999999728,0.9999999988945609
6684,66.83999999999729,0.9999999988978554
6685,66.8499999999973,0.99999999890114
6686,66.8599999999973,0.9999999989044147
6687,66.8699999999973,0.9999999989076794
6688,66.87999999999731,0.9999999989109345
6689,66.88999999999731,0.9999999989141797
6690,66.89999999999732,0.9999999989174151
6691,66.90999999999732,0.9999999989206407
6692,66.91999999999733,0.9999999989238567
6693,66.92999999999734,0.999999998927063
6694,66.93999999999734,0.9999999989302597
6695,66.94999999999735,0.9999999989334467
6696,66.95999999999735,0.9999999989366241
6697,66.96999999999736,0.999999998939792
6698,66.97999999999736,0.9999999989429503
6699,66.98999999999737,0.9999999989460991
6700,66.99999999999737,0.9999999989492385
6701,67.00999999999738,0.9999999989523684
6702,67.01999999999738,0.9999999989554889
6703,67.02999999999739,0.9999999989585999
6704,67.03999999999739,0.9999999989617017
6705,67.0499999999974,0.9999999989647941
6706,67.0599999999974,0.9999999989678772
6707,67.0699999999974,0.999999998970951
6708,67.07999999999741,0.9999999989740156
6709,67.08999999999742,0.9999999989770709
6710,67.09999999999742,0.999999998980117
6711,67.10999999999743,0.9999999989831541
6712,67.11999999999743,0.999999998986182
6713,67.12999999999744,0.9999999989892007
6714,67.13999999999744,0.9999999989922104
6715,67.14999999999745,0.999999998995211
6716,67.15999999999745,0.9999999989982026
6717,67.16999999999746,0.9999999990011852
6718,67.17999999999746,0.9999999990041588
6719,67.18999999999747,0.9999999990071234
6720,67.19999999999747,0.9999999990100792
6721,67.20999999999748,0.999999999013026
6722,67.21999999999748,0.999999999015964
6723,67.22999999999749,0.9999999990188932
6724,67.2399999999975,0.9999999990218136
6725,67.2499999999975,0.9999999990247251
6726,67.2599999999975,0.9999999990276279
6727,67.26999999999751,0.9999999990305221
6728,67.27999999999751,0.9999999990334074
6729,67.28999999999752,0.9999999990362841
6730,67.29999999999752,0.9999999990391522
6731,67.30999999999753,0.9999999990420116
6732,67.31999999999753,0.9999999990448625
6733,67.32999999999754,0.9999999990477048
6734,67.33999999999754,0.9999999990505385
6735,67.34999999999755,0.9999999990533637
6736,67.35999999999756,0.9999999990561803
6737,67.36999999999756,0.9999999990589886
6738,67.37999999999757,0.9999999990617884
6739,67.38999999999757,0.9999999990645798
6740,67.39999999999758,0.9999999990673628
6741,67.40999999999758,0.9999999990701374
6742,67.41999999999759,0.9999999990729036
6743,67.42999999999759,0.9999999990756616
6744,67.4399999999976,0.9999999990784113
6745,67.4499999999976,0.9999999990811527
6746,67.4599999999976,0.9999999990838858
6747,67.46999999999761,0.9999999990866109
6748,67.47999999999762,0.9999999990893276
6749,67.48999999999762,0.9999999990920362
6750,67.49999999999763,0.9999999990947366
6751,67.50999999999763,0.999999999097429
6752,67.51999999999764,0.9999999991001133
6753,67.52999999999764,0.9999999991027894
6754,67.53999999999765,0.9999999991054576
6755,67.54999999999765,0.9999999991081177
6756,67.55999999999766,0.9999999991107698
6757,67.56999999999766,0.999999999113414
6758,67.57999999999767,0.9999999991160502
6759,67.58999999999767,0.9999999991186784
6760,67.59999999999768,0.9999999991212989
6761,67.60999999999768,0.9999999991239114
6762,67.61999999999769,0.999999999126516
6763,67.6299999999977,0.999999999129113
6764,67.6399999999977,0.999999999131702
6765,67.6499999999977,0.9999999991342833
6766,67.65999999999771,0.9999999991368568
6767,67.66999999999771,0.9999999991394225
6768,67.67999999999772,0.9999999991419806
6769,67.68999999999772,0.999999999144531
6770,67.69999999999773,0.9999999991470737
6771,67.70999999999773,0.9999999991496088
6772,67.71999999999774,0.9999999991521363
6773,67.72999999999774,0.9999999991546562
6774,67.73999999999775,0.9999999991571685
6775,67.74999999999775,0.9999999991596733
6776,67.75999999999776,0.9999999991621705
6777,67.76999999999776,0.9999999991646603
6778,67.77999999999777,0.9999999991671426
6779,67.78999999999778,0.9999999991696173
6780,67.79999999999778,0.9999999991720848
6781,67.80999999999779,0.9999999991745447
6782,67.81999999999779,0.9999999991769973
6783,67.8299999999978,0.9999999991794426
6784,67.8399999999978,0.9999999991818804
6785,67.8499999999978,0.999999999184311
6786,67.85999999999781,0.9999999991867343
6787,67.86999999999782,0.9999999991891503
6788,67.87999999999782,0.999999999191559
6789,67.88999999999783,0.9999999991939605
6790,67.89999999999783,0.9999999991963548
6791,67.90999999999784,0.9999999991987419
6792,67.91999999999784,0.9999999992011218
6793,67.92999999999785,0.9999999992034947
6794,67.93999999999785,0.9999999992058604
6795,67.94999999999786,0.9999999992082189
6796,67.95999999999786,0.9999999992105704
6797,67.96999999999787,0.9999999992129148
6798,67.97999999999787,0.9999999992152522
6799,67.98999999999788,0.9999999992175825
6800,67.99999999999788,0.999999999219906
6801,68.00999999999789,0.9999999992222224
6802,68.01999999999789,0.9999999992245319
6803,68.0299999999979,0.9999999992268344
6804,68.0399999999979,0.99999999922913
6805,68.04999999999791,0.9999999992314187
6806,68.05999999999791,0.9999999992337006
6807,68.06999999999792,0.9999999992359756
6808,68.07999999999792,0.9999999992382438
6809,68.08999999999793,0.9999999992405052
6810,68.09999999999793,0.9999999992427597
6811,68.10999999999794,0.9999999992450076
6812,68.11999999999794,0.9999999992472487
6813,68.12999999999795,0.999999999249483
6814,68.13999999999795,0.9999999992517107
6815,68.14999999999796,0.9999999992539317
6816,68.15999999999796,0.999999999256146
6817,68.16999999999797,0.9999999992583537
6818,68.17999999999797,0.9999999992605547
6819,68.18999999999798,0.9999999992627492
6820,68.19999999999798,0.999999999264937
6821,68.20999999999799,0.9999999992671184
6822,68.219999999998,0.9999999992692931
6823,68.229999999998,0.9999999992714613
6824,68.239999999998,0.999999999273623
6825,68.24999999999801,0.9999999992757783
6826,68.25999999999802,0.999999999277927
6827,68.26999999999802,0.9999999992800694
6828,68.27999999999803,0.9999999992822053
6829,68.28999999999803,0.9999999992843348
6830,68.29999999999804,0.999999999286458
6831,68.30999999999804,0.9999999992885747
6832,68.31999999999805,0.9999999992906851
6833,68.32999999999805,0.9999999992927892
6834,68.33999999999806,0.9999999992948869
6835,68.34999999999806,0.9999999992969785
6836,68.35999999999807,0.9999999992990637
6837,68.36999999999807,0.9999999993011426
6838,68.37999999999808,0.9999999993032153
6839,68.38999999999808,0.9999999993052818
6840,68.39999999999809,0.9999999993073422
6841,68.40999999999809,0.9999999993093963
6842,68.4199999999981,0.9999999993114442
6843,68.4299999999981,0.999999999313486
6844,68.43999999999811,0.9999999993155217
6845,68.44999999999811,0.9999999993175513
6846,68.45999999999812,0.999999999319575
6847,68.46999999999812,0.9999999993215923
6848,68.47999999999813,0.9999999993236038
6849,68.48999999999813,0.9999999993256092
6850,68.49999999999814,0.9999999993276085
6851,68.50999999999814,0.9999999993296019
6852,68.51999999999815,0.9999999993315893
6853,68.52999999999815,0.9999999993335709
6854,68.53999999999816,0.9999999993355463
6855,68.54999999999816,0.9999999993375159
6856,68.55999999999817,0.9999999993394796
6857,68.56999999999817,0.9999999993414375
6858,68.57999999999818,0.9999999993433893
6859,68.58999999999818,0.9999999993453355
6860,68.59999999999819,0.9999999993472757
6861,68.6099999999982,0.9999999993492101
6862,68.6199999999982,0.9999999993511388
6863,68.6299999999982,0.9999999993530617
6864,68.63999999999821,0.9999999993549787
6865,68.64999999999822,0.9999999993568901
6866,68.65999999999822,0.9999999993587958
6867,68.66999999999823,0.9999999993606957
6868,68.67999999999823,0.99999999936259
6869,68.68999999999824,0.9999999993644785
6870,68.69999999999824,0.9999999993663614
6871,68.70999999999825,0.9999999993682387
6872,68.71999999999825,0.9999999993701103
6873,68.72999999999826,0.9999999993719764
6874,68.73999999999826,0.9999999993738369
6875,68.74999999999827,0.9999999993756917
6876,68.75999999999827,0.999999999377541
6877,68.76999999999828,0.9999999993793848
6878,68.77999999999828,0.9999999993812231
6879,68.78999999999829,0.9999999993830558
6880,68.79999999999829,0.999999999384883
6881,68.8099999999983,0.9999999993867049
6882,68.8199999999983,0.9999999993885212
6883,68.82999999999831,0.9999999993903321
6884,68.83999999999831,0.9999999993921376
6885,68.84999999999832,0.9999999993939377
6886,68.85999999999832,0.9999999993957324
6887,68.86999999999833,0.9999999993975216
6888,68.87999999999833,0.9999999993993056
6889,68.88999999999834,0.9999999994010842
6890,68.89999999999834,0.9999999994028574
6891,68.90999999999835,0.9999999994046255
6892,68.91999999999835,0.9999999994063882
6893,68.92999999999836,0.9999999994081455
6894,68.93999999999836,0.9999999994098977
6895,68.94999999999837,0.9999999994116445
6896,68.95999999999837,0.9999999994133862
6897,68.96999999999838,0.9999999994151227
6898,68.97999999999838,0.9999999994168539
6899,68.98999999999839,0.99999999941858
6900,68.9999999999984,0.9999999994203009
6901,69.0099999999984,0.9999999994220167
6902,69.0199999999984,0.9999999994237273
6903,69.02999999999841,0.9999999994254328
6904,69.03999999999841,0.9999999994271332
6905,69.04999999999842,0.9999999994288286
6906,69.05999999999842,0.9999999994305188
6907,69.06999999999843,0.999999999432204
6908,69.07999999999844,0.9999999994338841
6909,69.08999999999844,0.9999999994355592
6910,69.09999999999845,0.9999999994372293
6911,69.10999999999845,0.9999999994388944
6912,69.11999999999846,0.9999999994405545
6913,69.12999999999846,0.9999999994422096
6914,69.13999999999847,0.9999999994438599
6915,69.14999999999847,0.9999999994455051
6916,69.15999999999848,0.9999999994471455
6917,69.16999999999848,0.9999999994487809
6918,69.17999999999849,0.9999999994504114
6919,69.18999999999849,0.9999999994520371
6920,69.1999999999985,0.9999999994536579
6921,69.2099999999985,0.9999999994552738
6922,69.2199999999985,0.999999999456885
6923,69.22999999999851,0.9999999994584913
6924,69.23999999999852,0.9999999994600928
6925,69.24999999999852,0.9999999994616895
6926,69.25999999999853,0.9999999994632814
6927,69.26999999999853,0.9999999994648685
6928,69.27999999999854,0.999999999466451
6929,69.28999999999854,0.9999999994680286
6930,69.29999999999855,0.9999999994696016
6931,69.30999999999855,0.9999999994711699
6932,69.31999999999856,0.9999999994727334
6933,69.32999999999856,0.9999999994742924
6934,69.33999999999857,0.9999999994758466
6935,69.34999999999857,0.9999999994773963
6936,69.35999999999858,0.9999999994789411
6937,69.36999999999858,0.9999999994804815
6938,69.37999999999859,0.9999999994820172
6939,69.3899999999986,0.9999999994835483
6940,69.3999999999986,0.9999999994850749
6941,69.4099999999986,0.9999999994865969
6942,69.41999999999861,0.9999999994881144
6943,69.42999999999861,0.9999999994896274
6944,69.43999999999862,0.9999999994911357
6945,69.44999999999862,0.9999999994926396
6946,69.45999999999863,0.999999999494139
6947,69.46999999999863,0.9999999994956339
6948,69.47999999999864,0.9999999994971244
6949,69.48999999999864,0.9999999994986103
6950,69.49999999999865,0.9999999995000919
6951,69.50999999999866,0.9999999995015689
6952,69.51999999999866,0.9999999995030416
6953,69.52999999999867,0.99999999950451
6954,69.53999999999867,0.9999999995059738
6955,69.54999999999868,0.9999999995074335
6956,69.55999999999868,0.9999999995088886
6957,69.56999999999869,0.9999999995103395
6958,69.57999999999869,0.9999999995117859
6959,69.5899999999987,0.999999999513228
6960,69.5999999999987,0.9999999995146659
6961,69.6099999999987,0.9999999995160995
6962,69.61999999999871,0.9999999995175288
6963,69.62999999999872,0.9999999995189538
6964,69.63999999999872,0.9999999995203745
6965,69.64999999999873,0.9999999995217911
6966,69.65999999999873,0.9999999995232033
6967,69.66999999999874,0.9999999995246114
6968,69.67999999999874,0.9999999995260153
6969,69.68999999999875,0.9999999995274149
6970,69.69999999999875,0.9999999995288104
6971,69.70999999999876,0.9999999995302017
6972,69.71999999999876,0.9999999995315888
6973,69.72999999999877,0.9999999995329718
6974,69.73999999999877,0.9999999995343507
6975,69.74999999999878,0.9999999995357255
6976,69.75999999999878,0.9999999995370962
6977,69.76999999999879,0.9999999995384627
6978,69.7799999999988,0.9999999995398252
6979,69.7899999999988,0.9999999995411836
6980,69.7999999999988,0.9999999995425379
6981,69.80999999999881,0.9999999995438883
6982,69.81999999999881,0.9999999995452346
6983,69.82999999999882,0.9999999995465768
6984,69.83999999999882,0.9999999995479151
6985,69.84999999999883,0.9999999995492493
6986,69.85999999999883,0.9999999995505796
6987,69.86999999999884,0.9999999995519059
6988,69.87999999999884,0.9999999995532283
6989,69.88999999999885,0.9999999995545467
6990,69.89999999999885,0.999999999555861
6991,69.90999999999886,0.9999999995571717
6992,69.91999999999886,0.9999999995584783
6993,69.92999999999887,0.9999999995597809
6994,69.93999999999888,0.9999999995610798
6995,69.94999999999888,0.9999999995623747
6996,69.95999999999889,0.9999999995636658
6997,69.96999999999889,0.9999999995649531
6998,69.9799999999989,0.9999999995662365
6999,69.9899999999989,0.9999999995675161
7000,69.9999999999989,0.9999999995687918
7001,70.00999999999891,0.9999999995700637
7002,70.01999999999892,0.9999999995713319
7003,70.02999999999892,0.9999999995725962
7004,70.03999999999893,0.9999999995738569
7005,70.04999999999893,0.9999999995751137
7006,70.05999999999894,0.9999999995763668
7007,70.06999999999894,0.9999999995776161
7008,70.07999999999895,0.9999999995788617
7009,70.08999999999895,0.9999999995801035
7010,70.09999999999896,0.9999999995813418
7011,70.10999999999896,0.9999999995825762
7012,70.11999999999897,0.999999999583807
7013,70.12999999999897,0.9999999995850342
7014,70.13999999999898,0.9999999995862576
7015,70.14999999999898,0.9999999995874775
7016,70.15999999999899,0.9999999995886937
7017,70.16999999999899,0.9999999995899063
7018,70.179999999999,0.9999999995911152
7019,70.189999999999,0.9999999995923206
7020,70.19999999999901,0.9999999995935223
7021,70.20999999999901,0.9999999995947204
7022,70.21999999999902,0.999999999595915
7023,70.22999999999902,0.9999999995971061
7024,70.23999999999903,0.9999999995982936
7025,70.24999999999903,0.9999999995994775
7026,70.25999999999904,0.9999999996006579
7027,70.26999999999904,0.9999999996018347
7028,70.27999999999905,0.9999999996030081
7029,70.28999999999905,0.999999999604178
7030,70.29999999999906,0.9999999996053444
7031,70.30999999999906,0.9999999996065072
7032,70.31999999999907,0.9999999996076667
7033,70.32999999999907,0.9999999996088227
7034,70.33999999999908,0.9999999996099752
7035,70.34999999999908,0.9999999996111243
7036,70.35999999999909,0.9999999996122699
7037,70.3699999999991,0.9999999996134122
7038,70.3799999999991,0.9999999996145511
7039,70.3899999999991,0.9999999996156865
7040,70.39999999999911,0.9999999996168186
7041,70.40999999999912,0.9999999996179473
7042,70.41999999999912,0.9999999996190727
7043,70.42999999999913,0.9999999996201946
7044,70.43999999999913,0.9999999996213133
7045,70.44999999999914,0.9999999996224286
7046,70.45999999999914,0.9999999996235406
7047,70.46999999999915,0.9999999996246492
7048,70.47999999999915,0.9999999996257546
7049,70.48999999999916,0.9999999996268566
7050,70.49999999999916,0.9999999996279554
7051,70.50999999999917,0.999999999629051
7052,70.51999999999917,0.9999999996301432
7053,70.52999999999918,0.9999999996312322
7054,70.53999999999918,0.9999999996323179
7055,70.54999999999919,0.9999999996334005
7056,70.55999999999919,0.9999999996344797
7057,70.5699999999992,0.9999999996355557
7058,70.5799999999992,0.9999999996366287
7059,70.58999999999921,0.9999999996376983
7060,70.59999999999921,0.9999999996387647
7061,70.60999999999922,0.9999999996398281
7062,70.61999999999922,0.9999999996408883
7063,70.62999999999923,0.9999999996419452
7064,70.63999999999923,0.999999999642999
7065,70.64999999999924,0.9999999996440497
7066,70.65999999999924,0.9999999996450973
7067,70.66999999999925,0.9999999996461417
7068,70.67999999999925,0.9999999996471831
7069,70.68999999999926,0.9999999996482213
7070,70.69999999999926,0.9999999996492565
7071,70.70999999999927,0.9999999996502885
7072,70.71999999999927,0.9999999996513175
7073,70.72999999999928,0.9999999996523434
7074,70.73999999999928,0.9999999996533663
7075,70.74999999999929,0.999999999654386
7076,70.7599999999993,0.9999999996554029
7077,70.7699999999993,0.9999999996564166
7078,70.7799999999993,0.9999999996574274
7079,70.78999999999931,0.999999999658435
7080,70.79999999999932,0.9999999996594398
7081,70.80999999999932,0.9999999996604415
7082,70.81999999999933,0.9999999996614403
7083,70.82999999999933,0.999999999662436
7084,70.83999999999934,0.9999999996634289
7085,70.84999999999934,0.9999999996644188
7086,70.85999999999935,0.9999999996654056
7087,70.86999999999935,0.9999999996663896
7088,70.87999999999936,0.9999999996673706
7089,70.88999999999936,0.9999999996683487
7090,70.89999999999937,0.999999999669324
7091,70.90999999999937,0.9999999996702963
7092,70.91999999999938,0.9999999996712657
7093,70.92999999999938,0.9999999996722323
7094,70.93999999999939,0.9999999996731959
7095,70.94999999999939,0.9999999996741566
7096,70.9599999999994,0.9999999996751147
7097,70.9699999999994,0.9999999996760697
7098,70.97999999999941,0.9999999996770219
7099,70.98999999999941,0.9999999996779714
7100,70.99999999999942,0.999999999678918
7101,71.00999999999942,0.9999999996798618
7102,71.01999999999943,0.9999999996808027
7103,71.02999999999943,0.9999999996817408
7104,71.03999999999944,0.9999999996826762
7105,71.04999999999944,0.9999999996836088
7106,71.05999999999945,0.9999999996845386
7107,71.06999999999945,0.9999999996854656
7108,71.07999999999946,0.9999999996863899
7109,71.08999999999946,0.9999999996873115
7110,71.09999999999947,0.9999999996882302
7111,71.10999999999947,0.9999999996891463
7112,71.11999999999948,0.9999999996900596
7113,71.12999999999948,0.9999999996909702
7114,71.13999999999949,0.9999999996918781
7115,71.1499999999995,0.9999999996927834
7116,71.1599999999995,0.9999999996936859
7117,71.1699999999995,0.9999999996945858
7118,71.17999999999951,0.9999999996954829
7119,71.18999999999951,0.9999999996963774
7120,71.19999999999952,0.9999999996972692
7121,71.20999999999952,0.9999999996981583
7122,71.21999999999953,0.999999999699045
7123,71.22999999999954,0.9999999996999288
7124,71.23999999999954,0.9999999997008101
7125,71.24999999999955,0.9999999997016887
7126,71.25999999999955,0.9999999997025648
7127,71.26999999999956,0.9999999997034382
7128,71.27999999999956,0.9999999997043091
7129,71.28999999999957,0.9999999997051773
7130,71.29999999999957,0.999999999706043
7131,71.30999999999958,0.9999999997069061
7132,71.31999999999958,0.9999999997077667
7133,71.32999999999959,0.9999999997086246
7134,71.33999999999959,0.9999999997094801
7135,71.3499999999996,0.9999999997103329
7136,71.3599999999996,0.9999999997111833
7137,71.3699999999996,0.9999999997120311
7138,71.37999999999961,0.9999999997128763
7139,71.38999999999962,0.9999999997137191
7140,71.39999999999962,0.9999999997145594
7141,71.40999999999963,0.9999999997153972
7142,71.41999999999963,0.9999999997162325
7143,71.42999999999964,0.9999999997170653
7144,71.43999999999964,0.9999999997178957
7145,71.44999999999965,0.9999999997187236
7146,71.45999999999965,0.999999999719549
7147,71.46999999999966,0.9999999997203719
7148,71.47999999999966,0.9999999997211925
7149,71.48999999999967,0.9999999997220105
7150,71.49999999999967,0.9999999997228262
7151,71.50999999999968,0.9999999997236394
7152,71.51999999999968,0.9999999997244502
7153,71.52999999999969,0.9999999997252587
7154,71.5399999999997,0.9999999997260646
7155,71.5499999999997,0.9999999997268683
7156,71.5599999999997,0.9999999997276694
7157,71.56999999999971,0.9999999997284683
7158,71.57999999999971,0.9999999997292648
7159,71.58999999999972,0.9999999997300588
7160,71.59999999999972,0.9999999997308506
7161,71.60999999999973,0.99999999973164
7162,71.61999999999973,0.999999999732427
7163,71.62999999999974,0.9999999997332117
7164,71.63999999999974,0.9999999997339941
7165,71.64999999999975,0.9999999997347742
7166,71.65999999999976,0.999999999735552
7167,71.66999999999976,0.9999999997363274
7168,71.67999999999977,0.9999999997371005
7169,71.68999999999977,0.9999999997378713
7170,71.69999999999978,0.9999999997386398
7171,71.70999999999978,0.9999999997394061
7172,71.71999999999979,0.9999999997401702
7173,71.72999999999979,0.9999999997409319
7174,71.7399999999998,0.9999999997416913
7175,71.7499999999998,0.9999999997424486
7176,71.7599999999998,0.9999999997432035
7177,71.76999999999981,0.9999999997439561
7178,71.77999999999982,0.9999999997447067
7179,71.78999999999982,0.999999999745455
7180,71.79999999999983,0.999999999746201
7181,71.80999999999983,0.9999999997469448
7182,71.81999999999984,0.9999999997476864
7183,71.82999999999984,0.9999999997484258
7184,71.83999999999985,0.9999999997491631
7185,71.84999999999985,0.9999999997498981
7186,71.85999999999986,0.9999999997506309
7187,71.86999999999986,0.9999999997513616
7188,71.87999999999987,0.9999999997520901
7189,71.88999999999987,0.9999999997528165
7190,71.89999999999988,0.9999999997535407
7191,71.90999999999988,0.9999999997542627
7192,71.91999999999989,0.9999999997549825
7193,71.9299999999999,0.9999999997557003
7194,71.9399999999999,0.999999999756416
7195,71.9499999999999,0.9999999997571295
7196,71.95999999999991,0.9999999997578409
7197,71.96999999999991,0.9999999997585501
7198,71.97999999999992,0.9999999997592574
7199,71.98999999999992,0.9999999997599625
7200,71.99999999999993,0.9999999997606654
7201,72.00999999999993,0.9999999997613663
7202,72.01999999999994,0.9999999997620652
7203,72.02999999999994,0.999999999762762
7204,72.03999999999995,0.9999999997634567
7205,72.04999999999995,0.9999999997641493
7206,72.05999999999996,0.9999999997648399
7207,72.06999999999996,0.9999999997655283
7208,72.07999999999997,0.9999999997662149
7209,72.08999999999997,0.9999999997668994
7210,72.09999999999998,0.9999999997675817
7211,72.10999999999999,0.9999999997682621
7212,72.11999999999999,0.9999999997689405
7213,72.13,0.999999999769617
7214,72.14,0.9999999997702913
7215,72.15,0.9999999997709637
7216,72.16000000000001,0.999999999771634
7217,72.17000000000002,0.9999999997723024
7218,72.18000000000002,0.9999999997729688
7219,72.19000000000003,0.9999999997736332
7220,72.20000000000003,0.9999999997742957
7221,72.21000000000004,0.9999999997749562
7222,72.22000000000004,0.9999999997756147
7223,72.23000000000005,0.9999999997762713
7224,72.24000000000005,0.999999999776926
7225,72.25000000000006,0.9999999997775787
7226,72.26000000000006,0.9999999997782294
7227,72.27000000000007,0.9999999997788782
7228,72.28000000000007,0.9999999997795251
7229,72.29000000000008,0.9999999997801702
7230,72.30000000000008,0.9999999997808132
7231,72.31000000000009,0.9999999997814545
7232,72.32000000000009,0.9999999997820938
7233,72.3300000000001,0.9999999997827311
7234,72.3400000000001,0.9999999997833666
7235,72.35000000000011,0.9999999997840002
7236,72.36000000000011,0.9999999997846319
7237,72.37000000000012,0.9999999997852619
7238,72.38000000000012,0.9999999997858898
7239,72.39000000000013,0.999999999786516
7240,72.40000000000013,0.9999999997871403
7241,72.41000000000014,0.9999999997877628
7242,72.42000000000014,0.9999999997883833
7243,72.43000000000015,0.9999999997890021
7244,72.44000000000015,0.999999999789619
7245,72.45000000000016,0.9999999997902341
7246,72.46000000000016,0.9999999997908474
7247,72.47000000000017,0.9999999997914588
7248,72.48000000000017,0.9999999997920684
7249,72.49000000000018,0.9999999997926763
7250,72.50000000000018,0.9999999997932824
7251,72.51000000000019,0.9999999997938867
7252,72.5200000000002,0.9999999997944891
7253,72.5300000000002,0.9999999997950898
7254,72.5400000000002,0.9999999997956887
7255,72.55000000000021,0.9999999997962857
7256,72.56000000000022,0.9999999997968811
7257,72.57000000000022,0.9999999997974748
7258,72.58000000000023,0.9999999997980665
7259,72.59000000000023,0.9999999997986566
7260,72.60000000000024,0.999999999799245
7261,72.61000000000024,0.9999999997998316
7262,72.62000000000025,0.9999999998004164
7263,72.63000000000025,0.9999999998009996
7264,72.64000000000026,0.9999999998015809
7265,72.65000000000026,0.9999999998021607
7266,72.66000000000027,0.9999999998027387
7267,72.67000000000027,0.9999999998033149
7268,72.68000000000028,0.9999999998038894
7269,72.69000000000028,0.9999999998044623
7270,72.70000000000029,0.9999999998050335
7271,72.71000000000029,0.999999999805603
7272,72.7200000000003,0.9999999998061707
7273,72.7300000000003,0.9999999998067368
7274,72.74000000000031,0.9999999998073013
7275,72.75000000000031,0.999999999807864
7276,72.76000000000032,0.9999999998084251
7277,72.77000000000032,0.9999999998089845
7278,72.78000000000033,0.9999999998095422
7279,72.79000000000033,0.9999999998100985
7280,72.80000000000034,0.9999999998106529
7281,72.81000000000034,0.9999999998112057
7282,72.82000000000035,0.9999999998117569
7283,72.83000000000035,0.9999999998123065
7284,72.84000000000036,0.9999999998128545
7285,72.85000000000036,0.9999999998134008
7286,72.86000000000037,0.9999999998139455
7287,72.87000000000037,0.9999999998144886
7288,72.88000000000038,0.9999999998150301
7289,72.89000000000038,0.99999999981557
7290,72.90000000000039,0.9999999998161083
7291,72.9100000000004,0.999999999816645
7292,72.9200000000004,0.9999999998171801
7293,72.9300000000004,0.9999999998177137
7294,72.94000000000041,0.9999999998182456
7295,72.95000000000041,0.999999999818776
7296,72.96000000000042,0.9999999998193049
7297,72.97000000000043,0.9999999998198321
7298,72.98000000000043,0.9999999998203578
7299,72.99000000000044,0.999999999820882
7300,73.00000000000044,0.9999999998214045
7301,73.01000000000045,0.9999999998219256
7302,73.02000000000045,0.999999999822445
7303,73.03000000000046,0.9999999998229631
7304,73.04000000000046,0.9999999998234795
7305,73.05000000000047,0.9999999998239945
7306,73.06000000000047,0.9999999998245078
7307,73.07000000000048,0.9999999998250196
7308,73.08000000000048,0.99999999982553
7309,73.09000000000049,0.9999999998260389
7310,73.10000000000049,0.9999999998265462
7311,73.1100000000005,0.9999999998270521
7312,73.1200000000005,0.9999999998275565
7313,73.1300000000005,0.9999999998280593
7314,73.14000000000051,0.9999999998285607
7315,73.15000000000052,0.9999999998290606
7316,73.16000000000052,0.999999999829559
7317,73.17000000000053,0.9999999998300559
7318,73.18000000000053,0.9999999998305514
7319,73.19000000000054,0.9999999998310455
7320,73.20000000000054,0.999999999831538
7321,73.21000000000055,0.9999999998320291
7322,73.22000000000055,0.9999999998325187
7323,73.23000000000056,0.999999999833007
7324,73.24000000000056,0.9999999998334937
7325,73.25000000000057,0.999999999833979
7326,73.26000000000057,0.999999999834463
7327,73.27000000000058,0.9999999998349455
7328,73.28000000000058,0.9999999998354264
7329,73.29000000000059,0.999999999835906
7330,73.3000000000006,0.9999999998363843
7331,73.3100000000006,0.999999999836861
7332,73.3200000000006,0.9999999998373365
7333,73.33000000000061,0.9999999998378104
7334,73.34000000000061,0.999999999838283
7335,73.35000000000062,0.9999999998387542
7336,73.36000000000062,0.9999999998392239
7337,73.37000000000063,0.9999999998396923
7338,73.38000000000063,0.9999999998401594
7339,73.39000000000064,0.999999999840625
7340,73.40000000000065,0.9999999998410893
7341,73.41000000000065,0.9999999998415522
7342,73.42000000000066,0.9999999998420137
7343,73.43000000000066,0.9999999998424739
7344,73.44000000000067,0.9999999998429328
7345,73.45000000000067,0.9999999998433902
7346,73.46000000000068,0.9999999998438462
7347,73.47000000000068,0.999999999844301
7348,73.48000000000069,0.9999999998447544
7349,73.49000000000069,0.9999999998452065
7350,73.5000000000007,0.9999999998456572
7351,73.5100000000007,0.9999999998461067
7352,73.5200000000007,0.9999999998465547
7353,73.53000000000071,0.9999999998470015
7354,73.54000000000072,0.999999999847447
7355,73.55000000000072,0.9999999998478911
7356,73.56000000000073,0.999999999848334
7357,73.57000000000073,0.9999999998487755
7358,73.58000000000074,0.9999999998492157
7359,73.59000000000074,0.9999999998496546
7360,73.60000000000075,0.9999999998500922
7361,73.61000000000075,0.9999999998505286
7362,73.62000000000076,0.9999999998509636
7363,73.63000000000076,0.9999999998513973
7364,73.64000000000077,0.9999999998518299
7365,73.65000000000077,0.9999999998522611
7366,73.66000000000078,0.999999999852691
7367,73.67000000000078,0.9999999998531196
7368,73.68000000000079,0.999999999853547
7369,73.6900000000008,0.9999999998539731
7370,73.7000000000008,0.999999999854398
7371,73.7100000000008,0.9999999998548217
7372,73.72000000000081,0.999999999855244
7373,73.73000000000081,0.9999999998556652
7374,73.74000000000082,0.9999999998560851
7375,73.75000000000082,0.9999999998565038
7376,73.76000000000083,0.9999999998569211
7377,73.77000000000083,0.9999999998573373
7378,73.78000000000084,0.9999999998577523
7379,73.79000000000084,0.999999999858166
7380,73.80000000000085,0.9999999998585786
7381,73.81000000000085,0.9999999998589899
7382,73.82000000000086,0.9999999998593999
7383,73.83000000000087,0.9999999998598088
7384,73.84000000000087,0.9999999998602165
7385,73.85000000000088,0.999999999860623
7386,73.86000000000088,0.9999999998610283
7387,73.87000000000089,0.9999999998614324
7388,73.88000000000089,0.9999999998618352
7389,73.8900000000009,0.999999999862237
7390,73.9000000000009,0.9999999998626374
7391,73.9100000000009,0.9999999998630368
7392,73.92000000000091,0.999999999863435
7393,73.93000000000092,0.9999999998638319
7394,73.94000000000092,0.9999999998642278
7395,73.95000000000093,0.9999999998646224
7396,73.96000000000093,0.9999999998650159
7397,73.97000000000094,0.9999999998654082
7398,73.98000000000094,0.9999999998657995
7399,73.99000000000095,0.9999999998661895
7400,74.00000000000095,0.9999999998665783
7401,74.01000000000096,0.9999999998669661
7402,74.02000000000096,0.9999999998673527
7403,74.03000000000097,0.9999999998677381
7404,74.04000000000097,0.9999999998681224
7405,74.05000000000098,0.9999999998685055
7406,74.06000000000098,0.9999999998688877
7407,74.07000000000099,0.9999999998692686
7408,74.080000000001,0.9999999998696484
7409,74.090000000001,0.9999999998700271
7410,74.100000000001,0.9999999998704046
7411,74.11000000000101,0.999999999870781
7412,74.12000000000101,0.9999999998711564
7413,74.13000000000102,0.9999999998715307
7414,74.14000000000102,0.9999999998719038
7415,74.15000000000103,0.9999999998722758
7416,74.16000000000103,0.9999999998726468
7417,74.17000000000104,0.9999999998730167
7418,74.18000000000104,0.9999999998733854
7419,74.19000000000105,0.9999999998737531
7420,74.20000000000105,0.9999999998741197
7421,74.21000000000106,0.9999999998744852
7422,74.22000000000106,0.9999999998748497
7423,74.23000000000107,0.999999999875213
7424,74.24000000000107,0.9999999998755753
7425,74.25000000000108,0.9999999998759366
7426,74.26000000000109,0.9999999998762967
7427,74.27000000000109,0.9999999998766559
7428,74.2800000000011,0.9999999998770139
7429,74.2900000000011,0.9999999998773709
7430,74.3000000000011,0.9999999998777268
7431,74.31000000000111,0.9999999998780817
7432,74.32000000000112,0.9999999998784356
7433,74.33000000000112,0.9999999998787884
7434,74.34000000000113,0.9999999998791402
7435,74.35000000000113,0.999999999879491
7436,74.36000000000114,0.9999999998798407
7437,74.37000000000114,0.9999999998801894
7438,74.38000000000115,0.999999999880537
7439,74.39000000000115,0.9999999998808836
7440,74.40000000000116,0.9999999998812292
7441,74.41000000000116,0.9999999998815738
7442,74.42000000000117,0.9999999998819175
7443,74.43000000000117,0.99999999988226
7444,74.44000000000118,0.9999999998826016
7445,74.45000000000118,0.9999999998829421
7446,74.46000000000119,0.9999999998832817
7447,74.47000000000119,0.9999999998836202
7448,74.4800000000012,0.9999999998839578
7449,74.4900000000012,0.9999999998842943
7450,74.50000000000121,0.99999999988463
7451,74.51000000000121,0.9999999998849646
7452,74.52000000000122,0.9999999998852982
7453,74.53000000000122,0.9999999998856308
7454,74.54000000000123,0.9999999998859624
7455,74.55000000000123,0.9999999998862931
7456,74.56000000000124,0.9999999998866228
7457,74.57000000000124,0.9999999998869515
7458,74.58000000000125,0.9999999998872793
7459,74.59000000000125,0.9999999998876061
7460,74.60000000000126,0.999999999887932
7461,74.61000000000126,0.9999999998882568
7462,74.62000000000127,0.9999999998885808
7463,74.63000000000127,0.9999999998889038
7464,74.64000000000128,0.9999999998892258
7465,74.65000000000128,0.9999999998895469
7466,74.66000000000129,0.999999999889867
7467,74.6700000000013,0.9999999998901862
7468,74.6800000000013,0.9999999998905045
7469,74.6900000000013,0.9999999998908218
7470,74.70000000000131,0.9999999998911382
7471,74.71000000000132,0.9999999998914537
7472,74.72000000000132,0.9999999998917682
7473,74.73000000000133,0.9999999998920818
7474,74.74000000000133,0.9999999998923945
7475,74.75000000000134,0.9999999998927063
7476,74.76000000000134,0.9999999998930171
7477,74.77000000000135,0.9999999998933271
7478,74.78000000000135,0.9999999998936361
7479,74.79000000000136,0.9999999998939442
7480,74.80000000000136,0.9999999998942515
7481,74.81000000000137,0.9999999998945578
7482,74.82000000000137,0.9999999998948632
7483,74.83000000000138,0.9999999998951677
7484,74.84000000000138,0.9999999998954713
7485,74.85000000000139,0.999999999895774
7486,74.86000000000139,0.9999999998960759
7487,74.8700000000014,0.9999999998963769
7488,74.8800000000014,0.9999999998966769
7489,74.89000000000141,0.9999999998969761
7490,74.90000000000141,0.9999999998972744
7491,74.91000000000142,0.9999999998975718
7492,74.92000000000142,0.9999999998978685
7493,74.93000000000143,0.9999999998981641
7494,74.94000000000143,0.9999999998984589
7495,74.95000000000144,0.9999999998987529
7496,74.96000000000144,0.999999999899046
7497,74.97000000000145,0.9999999998993382
7498,74.98000000000145,0.9999999998996296
7499,74.99000000000146,0.9999999998999202
7500,75.00000000000146,0.9999999999002098
7501,75.01000000000147,0.9999999999004986
7502,75.02000000000147,0.9999999999007866
7503,75.03000000000148,0.9999999999010737
7504,75.04000000000148,0.99999999990136
7505,75.05000000000149,0.9999999999016455
7506,75.0600000000015,0.99999999990193
7507,75.0700000000015,0.9999999999022138
7508,75.0800000000015,0.9999999999024968
7509,75.09000000000151,0.9999999999027789
7510,75.10000000000151,0.9999999999030601
7511,75.11000000000152,0.9999999999033405
7512,75.12000000000153,0.9999999999036202
7513,75.13000000000153,0.999999999903899
7514,75.14000000000154,0.999999999904177
7515,75.15000000000154,0.9999999999044542
7516,75.16000000000155,0.9999999999047305
7517,75.17000000000155,0.9999999999050061
7518,75.18000000000156,0.9999999999052809
7519,75.19000000000156,0.9999999999055548
7520,75.20000000000157,0.9999999999058279
7521,75.21000000000157,0.9999999999061002
7522,75.22000000000158,0.9999999999063718
7523,75.23000000000158,0.9999999999066426
7524,75.24000000000159,0.9999999999069125
7525,75.25000000000159,0.9999999999071816
7526,75.2600000000016,0.99999999990745
7527,75.2700000000016,0.9999999999077176
7528,75.2800000000016,0.9999999999079844
7529,75.29000000000161,0.9999999999082504
7530,75.30000000000162,0.9999999999085156
7531,75.31000000000162,0.9999999999087801
7532,75.32000000000163,0.9999999999090438
7533,75.33000000000163,0.9999999999093067
7534,75.34000000000164,0.9999999999095688
7535,75.35000000000164,0.9999999999098301
7536,75.36000000000165,0.9999999999100907
7537,75.37000000000165,0.9999999999103506
7538,75.38000000000166,0.9999999999106096
7539,75.39000000000166,0.999999999910868
7540,75.40000000000167,0.9999999999111255
7541,75.41000000000167,0.9999999999113823
7542,75.42000000000168,0.9999999999116383
7543,75.43000000000168,0.9999999999118936
7544,75.44000000000169,0.9999999999121482
7545,75.4500000000017,0.999999999912402
7546,75.4600000000017,0.9999999999126551
7547,75.4700000000017,0.9999999999129073
7548,75.48000000000171,0.9999999999131589
7549,75.49000000000171,0.9999999999134098
7550,75.50000000000172,0.9999999999136598
7551,75.51000000000172,0.9999999999139092
7552,75.52000000000173,0.9999999999141579
7553,75.53000000000173,0.9999999999144058
7554,75.54000000000174,0.999999999914653
7555,75.55000000000175,0.9999999999148994
7556,75.56000000000175,0.9999999999151452
7557,75.57000000000176,0.9999999999153902
7558,75.58000000000176,0.9999999999156345
7559,75.59000000000177,0.9999999999158781
7560,75.60000000000177,0.999999999916121
7561,75.61000000000178,0.9999999999163631
7562,75.62000000000178,0.9999999999166046
7563,75.63000000000179,0.9999999999168453
7564,75.64000000000179,0.9999999999170854
7565,75.6500000000018,0.9999999999173247
7566,75.6600000000018,0.9999999999175634
7567,75.6700000000018,0.9999999999178013
7568,75.68000000000181,0.9999999999180386
7569,75.69000000000182,0.999999999918275
7570,75.70000000000182,0.999999999918511
7571,75.71000000000183,0.9999999999187461
7572,75.72000000000183,0.9999999999189806
7573,75.73000000000184,0.9999999999192144
7574,75.74000000000184,0.9999999999194474
7575,75.75000000000185,0.9999999999196799
7576,75.76000000000185,0.9999999999199116
7577,75.77000000000186,0.9999999999201427
7578,75.78000000000186,0.999999999920373
7579,75.79000000000187,0.9999999999206028
7580,75.80000000000187,0.9999999999208319
7581,75.81000000000188,0.9999999999210603
7582,75.82000000000188,0.9999999999212879
7583,75.83000000000189,0.9999999999215149
7584,75.8400000000019,0.9999999999217413
7585,75.8500000000019,0.999999999921967
7586,75.8600000000019,0.999999999922192
7587,75.87000000000191,0.9999999999224165
7588,75.88000000000191,0.9999999999226402
7589,75.89000000000192,0.9999999999228633
7590,75.90000000000192,0.9999999999230856
7591,75.91000000000193,0.9999999999233075
7592,75.92000000000193,0.9999999999235286
7593,75.93000000000194,0.9999999999237491
7594,75.94000000000194,0.9999999999239689
7595,75.95000000000195,0.9999999999241881
7596,75.96000000000195,0.9999999999244067
7597,75.97000000000196,0.9999999999246245
7598,75.98000000000197,0.9999999999248418
7599,75.99000000000197,0.9999999999250585
7600,76.00000000000198,0.9999999999252744
7601,76.01000000000198,0.9999999999254898
7602,76.02000000000199,0.9999999999257045
7603,76.03000000000199,0.9999999999259187
7604,76.040000000002,0.9999999999261322
7605,76.050000000002,0.999999999926345
7606,76.060000000002,0.9999999999265573
7607,76.07000000000201,0.9999999999267689
7608,76.08000000000202,0.9999999999269799
7609,76.09000000000202,0.9999999999271902
7610,76.10000000000203,0.9999999999274001
7611,76.11000000000203,0.9999999999276092
7612,76.12000000000204,0.9999999999278177
7613,76.13000000000204,0.9999999999280257
7614,76.14000000000205,0.9999999999282331
7615,76.15000000000205,0.9999999999284397
7616,76.16000000000206,0.9999999999286459
7617,76.17000000000206,0.9999999999288514
7618,76.18000000000207,0.9999999999290563
7619,76.19000000000207,0.9999999999292606
7620,76.20000000000208,0.9999999999294643
7621,76.21000000000208,0.9999999999296675
7622,76.22000000000209,0.99999999992987
7623,76.2300000000021,0.9999999999300719
7624,76.2400000000021,0.9999999999302732
7625,76.2500000000021,0.9999999999304741
7626,76.26000000000211,0.9999999999306742
7627,76.27000000000211,0.9999999999308737
7628,76.28000000000212,0.9999999999310728
7629,76.29000000000212,0.9999999999312712
7630,76.30000000000213,0.999999999931469
7631,76.31000000000213,0.9999999999316663
7632,76.32000000000214,0.999999999931863
7633,76.33000000000214,0.9999999999320591
7634,76.34000000000215,0.9999999999322546
7635,76.35000000000215,0.9999999999324496
7636,76.36000000000216,0.999999999932644
7637,76.37000000000216,0.9999999999328378
7638,76.38000000000217,0.9999999999330311
7639,76.39000000000217,0.9999999999332239
7640,76.40000000000218,0.9999999999334159
7641,76.41000000000219,0.9999999999336076
7642,76.42000000000219,0.9999999999337985
7643,76.4300000000022,0.999999999933989
7644,76.4400000000022,0.999999999934179
7645,76.4500000000022,0.9999999999343683
7646,76.46000000000221,0.9999999999345571
7647,76.47000000000222,0.9999999999347453
7648,76.48000000000222,0.999999999934933
7649,76.49000000000223,0.9999999999351201
7650,76.50000000000223,0.9999999999353067
7651,76.51000000000224,0.9999999999354928
7652,76.52000000000224,0.9999999999356783
7653,76.53000000000225,0.9999999999358633
7654,76.54000000000225,0.9999999999360477
7655,76.55000000000226,0.9999999999362317
7656,76.56000000000226,0.999999999936415
7657,76.57000000000227,0.9999999999365978
7658,76.58000000000227,0.9999999999367801
7659,76.59000000000228,0.9999999999369619
7660,76.60000000000228,0.9999999999371431
7661,76.61000000000229,0.9999999999373238
7662,76.62000000000229,0.999999999937504
7663,76.6300000000023,0.9999999999376836
7664,76.6400000000023,0.9999999999378627
7665,76.65000000000231,0.9999999999380413
7666,76.66000000000231,0.9999999999382194
7667,76.67000000000232,0.9999999999383969
7668,76.68000000000232,0.999999999938574
7669,76.69000000000233,0.9999999999387506
7670,76.70000000000233,0.9999999999389265
7671,76.71000000000234,0.999999999939102
7672,76.72000000000234,0.999999999939277
7673,76.73000000000235,0.9999999999394515
7674,76.74000000000235,0.9999999999396255
7675,76.75000000000236,0.9999999999397989
7676,76.76000000000236,0.9999999999399719
7677,76.77000000000237,0.9999999999401443
7678,76.78000000000237,0.9999999999403163
7679,76.79000000000238,0.9999999999404877
7680,76.80000000000238,0.9999999999406587
7681,76.81000000000239,0.9999999999408291
7682,76.8200000000024,0.9999999999409991
7683,76.8300000000024,0.9999999999411685
7684,76.8400000000024,0.9999999999413375
7685,76.85000000000241,0.9999999999415059
7686,76.86000000000242,0.9999999999416739
7687,76.87000000000242,0.9999999999418414
7688,76.88000000000243,0.9999999999420084
7689,76.89000000000243,0.9999999999421749
7690,76.90000000000244,0.9999999999423409
7691,76.91000000000244,0.9999999999425064
7692,76.92000000000245,0.9999999999426715
7693,76.93000000000245,0.9999999999428361
7694,76.94000000000246,0.9999999999430002
7695,76.95000000000246,0.9999999999431638
7696,76.96000000000247,0.999999999943327
7697,76.97000000000247,0.9999999999434896
7698,76.98000000000248,0.9999999999436519
7699,76.99000000000248,0.9999999999438135
7700,77.00000000000249,0.9999999999439748
7701,77.01000000000249,0.9999999999441356
7702,77.0200000000025,0.9999999999442959
7703,77.0300000000025,0.9999999999444558
7704,77.04000000000251,0.9999999999446151
7705,77.05000000000251,0.9999999999447741
7706,77.06000000000252,0.9999999999449325
7707,77.07000000000252,0.9999999999450905
7708,77.08000000000253,0.999999999945248
7709,77.09000000000253,0.9999999999454051
7710,77.10000000000254,0.9999999999455617
7711,77.11000000000254,0.9999999999457179
7712,77.12000000000255,0.9999999999458735
7713,77.13000000000255,0.9999999999460288
7714,77.14000000000256,0.9999999999461836
7715,77.15000000000256,0.9999999999463379
7716,77.16000000000257,0.9999999999464918
7717,77.17000000000257,0.9999999999466452
7718,77.18000000000258,0.9999999999467982
7719,77.19000000000258,0.9999999999469509
7720,77.20000000000259,0.999999999947103
7721,77.2100000000026,0.9999999999472546
7722,77.2200000000026,0.9999999999474058
7723,77.2300000000026,0.9999999999475566
7724,77.24000000000261,0.9999999999477069
7725,77.25000000000261,0.9999999999478569
7726,77.26000000000262,0.9999999999480064
7727,77.27000000000263,0.9999999999481554
7728,77.28000000000263,0.999999999948304
7729,77.29000000000264,0.9999999999484522
7730,77.30000000000264,0.9999999999485999
7731,77.31000000000265,0.9999999999487472
7732,77.32000000000265,0.9999999999488941
7733,77.33000000000266,0.9999999999490405
7734,77.34000000000266,0.9999999999491866
7735,77.35000000000267,0.9999999999493322
7736,77.36000000000267,0.9999999999494774
7737,77.37000000000268,0.9999999999496222
7738,77.38000000000268,0.9999999999497665
7739,77.39000000000269,0.9999999999499104
7740,77.40000000000269,0.999999999950054
7741,77.4100000000027,0.999999999950197
7742,77.4200000000027,0.9999999999503396
7743,77.4300000000027,0.9999999999504819
7744,77.44000000000271,0.9999999999506237
7745,77.45000000000272,0.9999999999507652
7746,77.46000000000272,0.9999999999509062
7747,77.47000000000273,0.9999999999510468
7748,77.48000000000273,0.9999999999511869
7749,77.49000000000274,0.9999999999513268
7750,77.50000000000274,0.9999999999514662
7751,77.51000000000275,0.9999999999516052
7752,77.52000000000275,0.9999999999517437
7753,77.53000000000276,0.9999999999518818
7754,77.54000000000276,0.9999999999520196
7755,77.55000000000277,0.999999999952157
7756,77.56000000000277,0.9999999999522939
7757,77.57000000000278,0.9999999999524305
7758,77.58000000000278,0.9999999999525667
7759,77.59000000000279,0.9999999999527025
7760,77.6000000000028,0.9999999999528378
7761,77.6100000000028,0.9999999999529728
7762,77.6200000000028,0.9999999999531074
7763,77.63000000000281,0.9999999999532416
7764,77.64000000000281,0.9999999999533755
7765,77.65000000000282,0.9999999999535089
7766,77.66000000000282,0.999999999953642
7767,77.67000000000283,0.9999999999537745
7768,77.68000000000283,0.9999999999539069
7769,77.69000000000284,0.9999999999540388
7770,77.70000000000285,0.9999999999541702
7771,77.71000000000285,0.9999999999543013
7772,77.72000000000286,0.9999999999544321
7773,77.73000000000286,0.9999999999545625
7774,77.74000000000287,0.9999999999546924
7775,77.75000000000287,0.999999999954822
7776,77.76000000000288,0.9999999999549513
7777,77.77000000000288,0.99999999995508
7778,77.78000000000289,0.9999999999552085
7779,77.79000000000289,0.9999999999553366
7780,77.8000000000029,0.9999999999554644
7781,77.8100000000029,0.9999999999555917
7782,77.8200000000029,0.9999999999557188
7783,77.83000000000291,0.9999999999558453
7784,77.84000000000292,0.9999999999559716
7785,77.85000000000292,0.9999999999560975
7786,77.86000000000293,0.999999999956223
7787,77.87000000000293,0.9999999999563481
7788,77.88000000000294,0.9999999999564729
7789,77.89000000000294,0.9999999999565974
7790,77.90000000000295,0.9999999999567214
7791,77.91000000000295,0.9999999999568451
7792,77.92000000000296,0.9999999999569684
7793,77.93000000000296,0.9999999999570914
7794,77.94000000000297,0.9999999999572141
7795,77.95000000000297,0.9999999999573363
7796,77.96000000000298,0.9999999999574583
7797,77.97000000000298,0.9999999999575798
7798,77.98000000000299,0.9999999999577011
7799,77.990000000003,0.999999999957822
7800,78.000000000003,0.9999999999579424
7801,78.010000000003,0.9999999999580627
7802,78.02000000000301,0.9999999999581825
7803,78.03000000000301,0.9999999999583019
7804,78.04000000000302,0.999999999958421
7805,78.05000000000302,0.9999999999585398
7806,78.06000000000303,0.9999999999586582
7807,78.07000000000303,0.9999999999587763
7808,78.08000000000304,0.999999999958894
7809,78.09000000000304,0.9999999999590115
7810,78.10000000000305,0.9999999999591285
7811,78.11000000000305,0.9999999999592453
7812,78.12000000000306,0.9999999999593616
7813,78.13000000000306,0.9999999999594776
7814,78.14000000000307,0.9999999999595933
7815,78.15000000000308,0.9999999999597088
7816,78.16000000000308,0.9999999999598238
7817,78.17000000000309,0.9999999999599385
7818,78.18000000000309,0.9999999999600528
7819,78.1900000000031,0.9999999999601669
7820,78.2000000000031,0.9999999999602806
7821,78.2100000000031,0.999999999960394
7822,78.22000000000311,0.999999999960507
7823,78.23000000000312,0.9999999999606197
7824,78.24000000000312,0.9999999999607322
7825,78.25000000000313,0.9999999999608442
7826,78.26000000000313,0.999999999960956
7827,78.27000000000314,0.9999999999610674
7828,78.28000000000314,0.9999999999611785
7829,78.29000000000315,0.9999999999612893
7830,78.30000000000315,0.9999999999613998
7831,78.31000000000316,0.9999999999615099
7832,78.32000000000316,0.9999999999616197
7833,78.33000000000317,0.9999999999617292
7834,78.34000000000317,0.9999999999618383
7835,78.35000000000318,0.9999999999619472
7836,78.36000000000318,0.9999999999620558
7837,78.37000000000319,0.999999999962164
7838,78.3800000000032,0.999999999962272
7839,78.3900000000032,0.9999999999623795
7840,78.4000000000032,0.9999999999624868
7841,78.41000000000321,0.9999999999625938
7842,78.42000000000321,0.9999999999627005
7843,78.43000000000322,0.9999999999628069
7844,78.44000000000322,0.9999999999629129
7845,78.45000000000323,0.9999999999630187
7846,78.46000000000323,0.9999999999631242
7847,78.47000000000324,0.9999999999632293
7848,78.48000000000324,0.9999999999633341
7849,78.49000000000325,0.9999999999634386
7850,78.50000000000325,0.9999999999635428
7851,78.51000000000326,0.9999999999636467
7852,78.52000000000326,0.9999999999637504
7853,78.53000000000327,0.9999999999638537
7854,78.54000000000327,0.9999999999639567
7855,78.55000000000328,0.9999999999640595
7856,78.56000000000328,0.9999999999641619
7857,78.57000000000329,0.999999999964264
7858,78.5800000000033,0.9999999999643658
7859,78.5900000000033,0.9999999999644674
7860,78.6000000000033,0.9999999999645687
7861,78.61000000000331,0.9999999999646696
7862,78.62000000000332,0.9999999999647703
7863,78.63000000000332,0.9999999999648707
7864,78.64000000000333,0.9999999999649708
7865,78.65000000000333,0.9999999999650705
7866,78.66000000000334,0.9999999999651701
7867,78.67000000000334,0.9999999999652692
7868,78.68000000000335,0.9999999999653681
7869,78.69000000000335,0.9999999999654668
7870,78.70000000000336,0.9999999999655652
7871,78.71000000000336,0.9999999999656632
7872,78.72000000000337,0.999999999965761
7873,78.73000000000337,0.9999999999658585
7874,78.74000000000338,0.9999999999659558
7875,78.75000000000338,0.9999999999660527
7876,78.76000000000339,0.9999999999661494
7877,78.77000000000339,0.9999999999662458
7878,78.7800000000034,0.9999999999663419
7879,78.7900000000034,0.9999999999664377
7880,78.80000000000341,0.9999999999665332
7881,78.81000000000341,0.9999999999666285
7882,78.82000000000342,0.9999999999667235
7883,78.83000000000342,0.9999999999668182
7884,78.84000000000343,0.9999999999669127
7885,78.85000000000343,0.9999999999670068
7886,78.86000000000344,0.9999999999671008
7887,78.87000000000344,0.9999999999671944
7888,78.88000000000345,0.9999999999672877
7889,78.89000000000345,0.9999999999673809
7890,78.90000000000346,0.9999999999674737
7891,78.91000000000346,0.9999999999675662
7892,78.92000000000347,0.9999999999676585
7893,78.93000000000347,0.9999999999677505
7894,78.94000000000348,0.9999999999678423
7895,78.95000000000348,0.9999999999679338
7896,78.96000000000349,0.999999999968025
7897,78.9700000000035,0.999999999968116
7898,78.9800000000035,0.9999999999682067
7899,78.9900000000035,0.999999999968297
7900,79.00000000000351,0.9999999999683872
7901,79.01000000000352,0.9999999999684771
7902,79.02000000000352,0.9999999999685668
7903,79.03000000000353,0.9999999999686562
7904,79.04000000000353,0.9999999999687453
7905,79.05000000000354,0.9999999999688342
7906,79.06000000000354,0.9999999999689229
7907,79.07000000000355,0.9999999999690112
7908,79.08000000000355,0.9999999999690993
7909,79.09000000000356,0.9999999999691871
7910,79.10000000000356,0.9999999999692747
7911,79.11000000000357,0.9999999999693621
7912,79.12000000000357,0.9999999999694492
7913,79.13000000000358,0.999999999969536
7914,79.14000000000358,0.9999999999696226
7915,79.15000000000359,0.999999999969709
7916,79.16000000000359,0.999999999969795
7917,79.1700000000036,0.9999999999698809
7918,79.1800000000036,0.9999999999699665
7919,79.19000000000361,0.9999999999700518
7920,79.20000000000361,0.999999999970137
7921,79.21000000000362,0.9999999999702218
7922,79.22000000000362,0.9999999999703064
7923,79.23000000000363,0.9999999999703908
7924,79.24000000000363,0.999999999970475
7925,79.25000000000364,0.9999999999705588
7926,79.26000000000364,0.9999999999706424
7927,79.27000000000365,0.9999999999707259
7928,79.28000000000365,0.999999999970809
7929,79.29000000000366,0.999999999970892
7930,79.30000000000366,0.9999999999709746
7931,79.31000000000367,0.999999999971057
7932,79.32000000000367,0.9999999999711392
7933,79.33000000000368,0.9999999999712211
7934,79.34000000000368,0.999999999971303
7935,79.35000000000369,0.9999999999713844
7936,79.3600000000037,0.9999999999714656
7937,79.3700000000037,0.9999999999715466
7938,79.3800000000037,0.9999999999716275
7939,79.39000000000371,0.999999999971708
7940,79.40000000000371,0.9999999999717883
7941,79.41000000000372,0.9999999999718684
7942,79.42000000000372,0.9999999999719483
7943,79.43000000000373,0.9999999999720279
7944,79.44000000000374,0.9999999999721073
7945,79.45000000000374,0.9999999999721865
7946,79.46000000000375,0.9999999999722654
7947,79.47000000000375,0.9999999999723441
7948,79.48000000000376,0.9999999999724226
7949,79.49000000000376,0.9999999999725009
7950,79.50000000000377,0.9999999999725789
7951,79.51000000000377,0.9999999999726568
7952,79.52000000000378,0.9999999999727344
7953,79.53000000000378,0.9999999999728116
7954,79.54000000000379,0.9999999999728888
7955,79.55000000000379,0.9999999999729657
7956,79.5600000000038,0.9999999999730425
7957,79.5700000000038,0.999999999973119
7958,79.5800000000038,0.9999999999731951
7959,79.59000000000381,0.9999999999732712
7960,79.60000000000382,0.999999999973347
7961,79.61000000000382,0.9999999999734226
7962,79.62000000000383,0.999999999973498
7963,79.63000000000383,0.9999999999735731
7964,79.64000000000384,0.9999999999736481
7965,79.65000000000384,0.9999999999737228
7966,79.66000000000385,0.9999999999737973
7967,79.67000000000385,0.9999999999738716
7968,79.68000000000386,0.9999999999739457
7969,79.69000000000386,0.9999999999740196
7970,79.70000000000387,0.9999999999740932
7971,79.71000000000387,0.9999999999741667
7972,79.72000000000388,0.9999999999742399
7973,79.73000000000388,0.9999999999743129
7974,79.74000000000389,0.9999999999743857
7975,79.7500000000039,0.9999999999744583
7976,79.7600000000039,0.9999999999745307
7977,79.7700000000039,0.9999999999746029
7978,79.78000000000391,0.9999999999746749
7979,79.79000000000391,0.9999999999747466
7980,79.80000000000392,0.9999999999748183
7981,79.81000000000392,0.9999999999748895
7982,79.82000000000393,0.9999999999749607
7983,79.83000000000393,0.9999999999750316
7984,79.84000000000394,0.9999999999751024
7985,79.85000000000394,0.999999999975173
7986,79.86000000000395,0.9999999999752432
7987,79.87000000000396,0.9999999999753134
7988,79.88000000000396,0.9999999999753834
7989,79.89000000000397,0.9999999999754531
7990,79.90000000000397,0.9999999999755226
7991,79.91000000000398,0.9999999999755919
7992,79.92000000000398,0.999999999975661
7993,79.93000000000399,0.99999999997573
7994,79.94000000000399,0.9999999999757987
7995,79.950000000004,0.9999999999758672
7996,79.960000000004,0.9999999999759356
7997,79.970000000004,0.9999999999760038
7998,79.98000000000401,0.9999999999760717
7999,79.99000000000402,0.9999999999761394
8000,80.00000000000402,0.9999999999762069
8001,80.01000000000403,0.9999999999762743
8002,80.02000000000403,0.9999999999763415
8003,80.03000000000404,0.9999999999764084
8004,80.04000000000404,0.9999999999764753
8005,80.05000000000405,0.9999999999765418
8006,80.06000000000405,0.9999999999766082
8007,80.07000000000406,0.9999999999766744
8008,80.08000000000406,0.9999999999767404
8009,80.09000000000407,0.9999999999768062
8010,80.10000000000407,0.9999999999768718
8011,80.11000000000408,0.9999999999769373
8012,80.12000000000408,0.9999999999770025
8013,80.13000000000409,0.9999999999770677
8014,80.1400000000041,0.9999999999771325
8015,80.1500000000041,0.9999999999771972
8016,80.1600000000041,0.9999999999772617
8017,80.17000000000411,0.999999999977326
8018,80.18000000000411,0.9999999999773902
8019,80.19000000000412,0.9999999999774541
8020,80.20000000000412,0.9999999999775179
8021,80.21000000000413,0.9999999999775815
8022,80.22000000000413,0.9999999999776449
8023,80.23000000000414,0.999999999977708
8024,80.24000000000414,0.9999999999777711
8025,80.25000000000415,0.999999999977834
8026,80.26000000000415,0.9999999999778967
8027,80.27000000000416,0.9999999999779592
8028,80.28000000000416,0.9999999999780215
8029,80.29000000000417,0.9999999999780836
8030,80.30000000000418,0.9999999999781456
8031,80.31000000000418,0.9999999999782073
8032,80.32000000000419,0.9999999999782689
8033,80.33000000000419,0.9999999999783304
8034,80.3400000000042,0.9999999999783916
8035,80.3500000000042,0.9999999999784527
8036,80.3600000000042,0.9999999999785136
8037,80.37000000000421,0.9999999999785744
8038,80.38000000000422,0.9999999999786349
8039,80.39000000000422,0.9999999999786953
8040,80.40000000000423,0.9999999999787554
8041,80.41000000000423,0.9999999999788155
8042,80.42000000000424,0.9999999999788753
8043,80.43000000000424,0.9999999999789351
8044,80.44000000000425,0.9999999999789946
8045,80.45000000000425,0.9999999999790539
8046,80.46000000000426,0.999999999979113
8047,80.47000000000426,0.9999999999791721
8048,80.48000000000427,0.999999999979231
8049,80.49000000000427,0.9999999999792896
8050,80.50000000000428,0.9999999999793481
8051,80.51000000000428,0.9999999999794064
8052,80.52000000000429,0.9999999999794645
8053,80.53000000000429,0.9999999999795225
8054,80.5400000000043,0.9999999999795803
8055,80.5500000000043,0.9999999999796381
8056,80.56000000000431,0.9999999999796956
8057,80.57000000000431,0.9999999999797529
8058,80.58000000000432,0.99999999997981
8059,80.59000000000432,0.999999999979867
8060,80.60000000000433,0.9999999999799238
8061,80.61000000000433,0.9999999999799806
8062,80.62000000000434,0.9999999999800371
8063,80.63000000000434,0.9999999999800934
8064,80.64000000000435,0.9999999999801495
8065,80.65000000000435,0.9999999999802056
8066,80.66000000000436,0.9999999999802615
8067,80.67000000000436,0.9999999999803172
8068,80.68000000000437,0.9999999999803727
8069,80.69000000000437,0.9999999999804281
8070,80.70000000000438,0.9999999999804833
8071,80.71000000000438,0.9999999999805383
8072,80.72000000000439,0.9999999999805933
8073,80.7300000000044,0.999999999980648
8074,80.7400000000044,0.9999999999807027
8075,80.7500000000044,0.9999999999807571
8076,80.76000000000441,0.9999999999808113
8077,80.77000000000442,0.9999999999808655
8078,80.78000000000442,0.9999999999809195
8079,80.79000000000443,0.9999999999809733
8080,80.80000000000443,0.999999999981027
8081,80.81000000000444,0.9999999999810805
8082,80.82000000000444,0.9999999999811339
8083,80.83000000000445,0.999999999981187
8084,80.84000000000445,0.9999999999812401
8085,80.85000000000446,0.999999999981293
8086,80.86000000000446,0.9999999999813457
8087,80.87000000000447,0.9999999999813983
8088,80.88000000000447,0.9999999999814507
8089,80.89000000000448,0.999999999981503
8090,80.90000000000448,0.9999999999815552
8091,80.91000000000449,0.9999999999816072
8092,80.92000000000449,0.999999999981659
8093,80.9300000000045,0.9999999999817107
8094,80.9400000000045,0.9999999999817623
8095,80.95000000000451,0.9999999999818137
8096,80.96000000000451,0.999999999981865
8097,80.97000000000452,0.999999999981916
8098,80.98000000000452,0.999999999981967
8099,80.99000000000453,0.9999999999820178
8100,81.00000000000453,0.9999999999820685
8101,81.01000000000454,0.999999999982119
8102,81.02000000000454,0.9999999999821694
8103,81.03000000000455,0.9999999999822196
8104,81.04000000000455,0.9999999999822697
8105,81.05000000000456,0.9999999999823197
8106,81.06000000000456,0.9999999999823694
8107,81.07000000000457,0.9999999999824191
8108,81.08000000000457,0.9999999999824686
8109,81.09000000000458,0.999999999982518
8110,81.10000000000458,0.9999999999825673
8111,81.11000000000459,0.9999999999826163
8112,81.1200000000046,0.9999999999826653
8113,81.1300000000046,0.999999999982714
8114,81.1400000000046,0.9999999999827628
8115,81.15000000000461,0.9999999999828113
8116,81.16000000000462,0.9999999999828597
8117,81.17000000000462,0.999999999982908
8118,81.18000000000463,0.9999999999829561
8119,81.19000000000463,0.999999999983004
8120,81.20000000000464,0.9999999999830519
8121,81.21000000000464,0.9999999999830996
8122,81.22000000000465,0.9999999999831471
8123,81.23000000000465,0.9999999999831947
8124,81.24000000000466,0.999999999983242
8125,81.25000000000466,0.999999999983289
8126,81.26000000000467,0.9999999999833361
8127,81.27000000000467,0.999999999983383
8128,81.28000000000468,0.9999999999834297
8129,81.29000000000468,0.9999999999834763
8130,81.30000000000469,0.9999999999835228
8131,81.31000000000469,0.9999999999835693
8132,81.3200000000047,0.9999999999836154
8133,81.3300000000047,0.9999999999836615
8134,81.34000000000471,0.9999999999837075
8135,81.35000000000471,0.9999999999837533
8136,81.36000000000472,0.9999999999837991
8137,81.37000000000472,0.9999999999838446
8138,81.38000000000473,0.99999999998389
8139,81.39000000000473,0.9999999999839353
8140,81.40000000000474,0.9999999999839805
8141,81.41000000000474,0.9999999999840256
8142,81.42000000000475,0.9999999999840705
8143,81.43000000000475,0.9999999999841153
8144,81.44000000000476,0.9999999999841599
8145,81.45000000000476,0.9999999999842045
8146,81.46000000000477,0.9999999999842489
8147,81.47000000000477,0.9999999999842931
8148,81.48000000000478,0.9999999999843373
8149,81.49000000000478,0.9999999999843814
8150,81.50000000000479,0.9999999999844252
8151,81.5100000000048,0.999999999984469
8152,81.5200000000048,0.9999999999845127
8153,81.5300000000048,0.9999999999845562
8154,81.54000000000481,0.9999999999845997
8155,81.55000000000481,0.9999999999846428
8156,81.56000000000482,0.999999999984686
8157,81.57000000000482,0.9999999999847291
8158,81.58000000000483,0.999999999984772
8159,81.59000000000484,0.9999999999848148
8160,81.60000000000484,0.9999999999848574
8161,81.61000000000485,0.9999999999849
8162,81.62000000000485,0.9999999999849424
8163,81.63000000000486,0.9999999999849847
8164,81.64000000000486,0.9999999999850269
8165,81.65000000000487,0.9999999999850689
8166,81.66000000000487,0.9999999999851109
8167,81.67000000000488,0.9999999999851527
8168,81.68000000000488,0.9999999999851944
8169,81.69000000000489,0.9999999999852359
8170,81.70000000000489,0.9999999999852774
8171,81.7100000000049,0.9999999999853187
8172,81.7200000000049,0.99999999998536
8173,81.7300000000049,0.9999999999854011
8174,81.74000000000491,0.9999999999854421
8175,81.75000000000492,0.999999999985483
8176,81.76000000000492,0.9999999999855237
8177,81.77000000000493,0.9999999999855643
8178,81.78000000000493,0.9999999999856048
8179,81.79000000000494,0.9999999999856453
8180,81.80000000000494,0.9999999999856856
8181,81.81000000000495,0.9999999999857258
8182,81.82000000000495,0.9999999999857658
8183,81.83000000000496,0.9999999999858058
8184,81.84000000000496,0.9999999999858455
8185,81.85000000000497,0.9999999999858853
8186,81.86000000000497,0.9999999999859249
8187,81.87000000000498,0.9999999999859644
8188,81.88000000000498,0.9999999999860038
8189,81.89000000000499,0.999999999986043
8190,81.900000000005,0.9999999999860822
8191,81.910000000005,0.9999999999861212
8192,81.920000000005,0.9999999999861602
8193,81.93000000000501,0.999999999986199
8194,81.94000000000501,0.9999999999862377
8195,81.95000000000502,0.9999999999862763
8196,81.96000000000502,0.9999999999863148
8197,81.97000000000503,0.9999999999863531
8198,81.98000000000503,0.9999999999863914
8199,81.99000000000504,0.9999999999864296
8200,82.00000000000504,0.9999999999864677
8201,82.01000000000505,0.9999999999865056
8202,82.02000000000506,0.9999999999865434
8203,82.03000000000506,0.9999999999865812
8204,82.04000000000507,0.9999999999866188
8205,82.05000000000507,0.9999999999866563
8206,82.06000000000508,0.9999999999866938
8207,82.07000000000508,0.9999999999867311
8208,82.08000000000509,0.9999999999867683
8209,82.09000000000509,0.9999999999868053
8210,82.1000000000051,0.9999999999868423
8211,82.1100000000051,0.9999999999868792
8212,82.1200000000051,0.9999999999869159
8213,82.13000000000511,0.9999999999869525
8214,82.14000000000512,0.9999999999869892
8215,82.15000000000512,0.9999999999870256
8216,82.16000000000513,0.9999999999870619
8217,82.17000000000513,0.9999999999870982
8218,82.18000000000514,0.9999999999871344
8219,82.19000000000514,0.9999999999871704
8220,82.20000000000515,0.9999999999872063
8221,82.21000000000515,0.9999999999872422
8222,82.22000000000516,0.999999999987278
8223,82.23000000000516,0.9999999999873136
8224,82.24000000000517,0.9999999999873491
8225,82.25000000000517,0.9999999999873845
8226,82.26000000000518,0.9999999999874198
8227,82.27000000000518,0.999999999987455
8228,82.28000000000519,0.9999999999874902
8229,82.2900000000052,0.9999999999875252
8230,82.3000000000052,0.9999999999875602
8231,82.3100000000052,0.999999999987595
8232,82.32000000000521,0.9999999999876297
8233,82.33000000000521,0.9999999999876643
8234,82.34000000000522,0.9999999999876988
8235,82.35000000000522,0.9999999999877333
8236,82.36000000000523,0.9999999999877677
8237,82.37000000000523,0.9999999999878019
8238,82.38000000000524,0.9999999999878361
8239,82.39000000000524,0.99999999998787
8240,82.40000000000525,0.999999999987904
8241,82.41000000000525,0.9999999999879379
8242,82.42000000000526,0.9999999999879716
8243,82.43000000000526,0.9999999999880053
8244,82.44000000000527,0.9999999999880388
8245,82.45000000000528,0.9999999999880723
8246,82.46000000000528,0.9999999999881056
8247,82.47000000000529,0.9999999999881389
8248,82.48000000000529,0.9999999999881721
8249,82.4900000000053,0.9999999999882052
8250,82.5000000000053,0.9999999999882382
8251,82.5100000000053,0.9999999999882712
8252,82.52000000000531,0.9999999999883039
8253,82.53000000000532,0.9999999999883367
8254,82.54000000000532,0.9999999999883692
8255,82.55000000000533,0.9999999999884017
8256,82.56000000000533,0.9999999999884343
8257,82.57000000000534,0.9999999999884666
8258,82.58000000000534,0.9999999999884988
8259,82.59000000000535,0.999999999988531
8260,82.60000000000535,0.999999999988563
8261,82.61000000000536,0.999999999988595
8262,82.62000000000536,0.9999999999886269
8263,82.63000000000537,0.9999999999886586
8264,82.64000000000537,0.9999999999886904
8265,82.65000000000538,0.999999999988722
8266,82.66000000000538,0.9999999999887536
8267,82.67000000000539,0.999999999988785
8268,82.68000000000539,0.9999999999888163
8269,82.6900000000054,0.9999999999888476
8270,82.7000000000054,0.9999999999888787
8271,82.71000000000541,0.9999999999889098
8272,82.72000000000541,0.9999999999889407
8273,82.73000000000542,0.9999999999889717
8274,82.74000000000542,0.9999999999890025
8275,82.75000000000543,0.9999999999890332
8276,82.76000000000543,0.9999999999890639
8277,82.77000000000544,0.9999999999890944
8278,82.78000000000544,0.9999999999891248
8279,82.79000000000545,0.9999999999891552
8280,82.80000000000545,0.9999999999891855
8281,82.81000000000546,0.9999999999892157
8282,82.82000000000546,0.9999999999892458
8283,82.83000000000547,0.9999999999892759
8284,82.84000000000547,0.9999999999893058
8285,82.85000000000548,0.9999999999893356
8286,82.86000000000548,0.9999999999893655
8287,82.87000000000549,0.9999999999893951
8288,82.8800000000055,0.9999999999894248
8289,82.8900000000055,0.9999999999894543
8290,82.9000000000055,0.9999999999894837
8291,82.91000000000551,0.999999999989513
8292,82.92000000000552,0.9999999999895424
8293,82.93000000000552,0.9999999999895716
8294,82.94000000000553,0.9999999999896007
8295,82.95000000000553,0.9999999999896296
8296,82.96000000000554,0.9999999999896586
8297,82.97000000000554,0.9999999999896875
8298,82.98000000000555,0.9999999999897162
8299,82.99000000000555,0.999999999989745
8300,83.00000000000556,0.9999999999897735
8301,83.01000000000556,0.999999999989802
8302,83.02000000000557,0.9999999999898306
8303,83.03000000000557,0.9999999999898589
8304,83.04000000000558,0.9999999999898872
8305,83.05000000000558,0.9999999999899154
8306,83.06000000000559,0.9999999999899436
8307,83.07000000000559,0.9999999999899716
8308,83.0800000000056,0.9999999999899996
8309,83.0900000000056,0.9999999999900274
8310,83.10000000000561,0.9999999999900553
8311,83.11000000000561,0.999999999990083
8312,83.12000000000562,0.9999999999901107
8313,83.13000000000562,0.9999999999901382
8314,83.14000000000563,0.9999999999901658
8315,83.15000000000563,0.9999999999901932
8316,83.16000000000564,0.9999999999902205
8317,83.17000000000564,0.9999999999902478
8318,83.18000000000565,0.999999999990275
8319,83.19000000000565,0.9999999999903021
8320,83.20000000000566,0.9999999999903291
8321,83.21000000000566,0.999999999990356
8322,83.22000000000567,0.9999999999903829
8323,83.23000000000567,0.9999999999904098
8324,83.24000000000568,0.9999999999904364
8325,83.25000000000568,0.9999999999904631
8326,83.26000000000569,0.9999999999904897
8327,83.2700000000057,0.9999999999905163
8328,83.2800000000057,0.9999999999905427
8329,83.2900000000057,0.999999999990569
8330,83.30000000000571,0.9999999999905953
8331,83.31000000000572,0.9999999999906215
8332,83.32000000000572,0.9999999999906476
8333,83.33000000000573,0.9999999999906737
8334,83.34000000000573,0.9999999999906997
8335,83.35000000000574,0.9999999999907255
8336,83.36000000000574,0.9999999999907514
8337,83.37000000000575,0.9999999999907772
8338,83.38000000000575,0.9999999999908028
8339,83.39000000000576,0.9999999999908284
8340,83.40000000000576,0.999999999990854
8341,83.41000000000577,0.9999999999908794
8342,83.42000000000577,0.9999999999909048
8343,83.43000000000578,0.9999999999909301
8344,83.44000000000578,0.9999999999909553
8345,83.45000000000579,0.9999999999909805
8346,83.46000000000579,0.9999999999910056
8347,83.4700000000058,0.9999999999910307
8348,83.4800000000058,0.9999999999910557
8349,83.49000000000581,0.9999999999910806
8350,83.50000000000581,0.9999999999911054
8351,83.51000000000582,0.9999999999911302
8352,83.52000000000582,0.9999999999911549
8353,83.53000000000583,0.9999999999911795
8354,83.54000000000583,0.999999999991204
8355,83.55000000000584,0.9999999999912285
8356,83.56000000000584,0.9999999999912529
8357,83.57000000000585,0.9999999999912772
8358,83.58000000000585,0.9999999999913015
8359,83.59000000000586,0.9999999999913257
8360,83.60000000000586,0.9999999999913498
8361,83.61000000000587,0.9999999999913739
8362,83.62000000000587,0.9999999999913979
8363,83.63000000000588,0.9999999999914219
8364,83.64000000000588,0.9999999999914457
8365,83.65000000000589,0.9999999999914695
8366,83.6600000000059,0.9999999999914932
8367,83.6700000000059,0.9999999999915169
8368,83.6800000000059,0.9999999999915404
8369,83.69000000000591,0.999999999991564
8370,83.70000000000591,0.9999999999915874
8371,83.71000000000592,0.9999999999916108
8372,83.72000000000592,0.9999999999916341
8373,83.73000000000593,0.9999999999916575
8374,83.74000000000594,0.9999999999916805
8375,83.75000000000594,0.9999999999917037
8376,83.76000000000595,0.9999999999917268
8377,83.77000000000595,0.9999999999917498
8378,83.78000000000596,0.9999999999917727
8379,83.79000000000596,0.9999999999917956
8380,83.80000000000597,0.9999999999918184
8381,83.81000000000597,0.9999999999918411
8382,83.82000000000598,0.9999999999918638
8383,83.83000000000598,0.9999999999918864
8384,83.84000000000599,0.9999999999919089
8385,83.85000000000599,0.9999999999919315
8386,83.860000000006,0.9999999999919539
8387,83.870000000006,0.9999999999919762
8388,83.880000000006,0.9999999999919985
8389,83.89000000000601,0.9999999999920207
8390,83.90000000000602,0.9999999999920429
8391,83.91000000000602,0.999999999992065
8392,83.92000000000603,0.999999999992087
8393,83.93000000000603,0.999999999992109
8394,83.94000000000604,0.999999999992131
8395,83.95000000000604,0.9999999999921527
8396,83.96000000000605,0.9999999999921746
8397,83.97000000000605,0.9999999999921962
8398,83.98000000000606,0.999999999992218
8399,83.99000000000606,0.9999999999922395
8400,84.00000000000607,0.9999999999922611
8401,84.01000000000607,0.9999999999922826
8402,84.02000000000608,0.999999999992304
8403,84.03000000000608,0.9999999999923254
8404,84.04000000000609,0.9999999999923467
8405,84.0500000000061,0.9999999999923679
8406,84.0600000000061,0.9999999999923891
8407,84.0700000000061,0.9999999999924103
8408,84.08000000000611,0.9999999999924313
8409,84.09000000000611,0.9999999999924523
8410,84.10000000000612,0.9999999999924732
8411,84.11000000000612,0.9999999999924941
8412,84.12000000000613,0.999999999992515
8413,84.13000000000613,0.9999999999925357
8414,84.14000000000614,0.9999999999925564
8415,84.15000000000614,0.999999999992577
8416,84.16000000000615,0.9999999999925977
8417,84.17000000000616,0.9999999999926182
8418,84.18000000000616,0.9999999999926387
8419,84.19000000000617,0.9999999999926591
8420,84.20000000000617,0.9999999999926795
8421,84.21000000000618,0.9999999999926997
8422,84.22000000000618,0.99999999999272
8423,84.23000000000619,0.9999999999927403
8424,84.24000000000619,0.9999999999927603
8425,84.2500000000062,0.9999999999927804
8426,84.2600000000062,0.9999999999928004
8427,84.2700000000062,0.9999999999928204
8428,84.28000000000621,0.9999999999928403
8429,84.29000000000622,0.9999999999928602
8430,84.30000000000622,0.9999999999928799
8431,84.31000000000623,0.9999999999928997
8432,84.32000000000623,0.9999999999929193
8433,84.33000000000624,0.999999999992939
8434,84.34000000000624,0.9999999999929585
8435,84.35000000000625,0.9999999999929781
8436,84.36000000000625,0.9999999999929975
8437,84.37000000000626,0.9999999999930169
8438,84.38000000000626,0.9999999999930363
8439,84.39000000000627,0.9999999999930556
8440,84.40000000000627,0.9999999999930749
8441,84.41000000000628,0.999999999993094
8442,84.42000000000628,0.9999999999931132
8443,84.43000000000629,0.9999999999931323
8444,84.4400000000063,0.9999999999931513
8445,84.4500000000063,0.9999999999931702
8446,84.4600000000063,0.9999999999931891
8447,84.47000000000631,0.999999999993208
8448,84.48000000000631,0.9999999999932269
8449,84.49000000000632,0.9999999999932456
8450,84.50000000000632,0.9999999999932643
8451,84.51000000000633,0.9999999999932829
8452,84.52000000000633,0.9999999999933016
8453,84.53000000000634,0.9999999999933201
8454,84.54000000000634,0.9999999999933386
8455,84.55000000000635,0.999999999993357
8456,84.56000000000635,0.9999999999933754
8457,84.57000000000636,0.9999999999933937
8458,84.58000000000636,0.999999999993412
8459,84.59000000000637,0.9999999999934303
8460,84.60000000000637,0.9999999999934485
8461,84.61000000000638,0.9999999999934666
8462,84.62000000000639,0.9999999999934847
8463,84.63000000000639,0.9999999999935028
8464,84.6400000000064,0.9999999999935207
8465,84.6500000000064,0.9999999999935386
8466,84.6600000000064,0.9999999999935565
8467,84.67000000000641,0.9999999999935744
8468,84.68000000000642,0.9999999999935921
8469,84.69000000000642,0.9999999999936099
8470,84.70000000000643,0.9999999999936275
8471,84.71000000000643,0.9999999999936452
8472,84.72000000000644,0.9999999999936627
8473,84.73000000000644,0.9999999999936803
8474,84.74000000000645,0.9999999999936977
8475,84.75000000000645,0.9999999999937151
8476,84.76000000000646,0.9999999999937326
8477,84.77000000000646,0.9999999999937499
8478,84.78000000000647,0.9999999999937672
8479,84.79000000000647,0.9999999999937844
8480,84.80000000000648,0.9999999999938016
8481,84.81000000000648,0.9999999999938187
8482,84.82000000000649,0.9999999999938358
8483,84.83000000000649,0.9999999999938529
8484,84.8400000000065,0.9999999999938699
8485,84.8500000000065,0.9999999999938868
8486,84.86000000000651,0.9999999999939037
8487,84.87000000000651,0.9999999999939205
8488,84.88000000000652,0.9999999999939374
8489,84.89000000000652,0.9999999999939542
8490,84.90000000000653,0.9999999999939708
8491,84.91000000000653,0.9999999999939875
8492,84.92000000000654,0.9999999999940041
8493,84.93000000000654,0.9999999999940207
8494,84.94000000000655,0.9999999999940372
8495,84.95000000000655,0.9999999999940536
8496,84.96000000000656,0.9999999999940701
8497,84.97000000000656,0.9999999999940865
8498,84.98000000000657,0.9999999999941028
8499,84.99000000000657,0.9999999999941191
8500,85.00000000000658,0.9999999999941354
8501,85.01000000000658,0.9999999999941516
8502,85.02000000000659,0.9999999999941677
8503,85.0300000000066,0.9999999999941839
8504,85.0400000000066,0.9999999999941999
8505,85.0500000000066,0.999999999994216
8506,85.06000000000661,0.9999999999942318
8507,85.07000000000662,0.9999999999942478
8508,85.08000000000662,0.9999999999942637
8509,85.09000000000663,0.9999999999942796
8510,85.10000000000663,0.9999999999942953
8511,85.11000000000664,0.9999999999943111
8512,85.12000000000664,0.9999999999943268
8513,85.13000000000665,0.9999999999943424
8514,85.14000000000665,0.9999999999943581
8515,85.15000000000666,0.9999999999943736
8516,85.16000000000666,0.9999999999943892
8517,85.17000000000667,0.9999999999944047
8518,85.18000000000667,0.9999999999944201
8519,85.19000000000668,0.9999999999944355
8520,85.20000000000668,0.9999999999944509
8521,85.21000000000669,0.9999999999944662
8522,85.22000000000669,0.9999999999944814
8523,85.2300000000067,0.9999999999944966
8524,85.2400000000067,0.9999999999945118
8525,85.25000000000671,0.9999999999945269
8526,85.26000000000671,0.999999999994542
8527,85.27000000000672,0.9999999999945571
8528,85.28000000000672,0.9999999999945721
8529,85.29000000000673,0.9999999999945871
8530,85.30000000000673,0.9999999999946021
8531,85.31000000000674,0.999999999994617
8532,85.32000000000674,0.9999999999946317
8533,85.33000000000675,0.9999999999946466
8534,85.34000000000675,0.9999999999946614
8535,85.35000000000676,0.999999999994676
8536,85.36000000000676,0.9999999999946907
8537,85.37000000000677,0.9999999999947053
8538,85.38000000000677,0.99999999999472
8539,85.39000000000678,0.9999999999947345
8540,85.40000000000678,0.9999999999947491
8541,85.41000000000679,0.9999999999947635
8542,85.4200000000068,0.999999999994778
8543,85.4300000000068,0.9999999999947924
8544,85.4400000000068,0.9999999999948067
8545,85.45000000000681,0.999999999994821
8546,85.46000000000681,0.9999999999948352
8547,85.47000000000682,0.9999999999948496
8548,85.48000000000683,0.9999999999948638
8549,85.49000000000683,0.9999999999948779
8550,85.50000000000684,0.999999999994892
8551,85.51000000000684,0.9999999999949061
8552,85.52000000000685,0.9999999999949201
8553,85.53000000000685,0.999999999994934
8554,85.54000000000686,0.999999999994948
8555,85.55000000000686,0.9999999999949619
8556,85.56000000000687,0.9999999999949758
8557,85.57000000000687,0.9999999999949897
8558,85.58000000000688,0.9999999999950034
8559,85.59000000000688,0.9999999999950172
8560,85.60000000000689,0.999999999995031
8561,85.61000000000689,0.9999999999950446
8562,85.6200000000069,0.9999999999950583
8563,85.6300000000069,0.9999999999950719
8564,85.6400000000069,0.9999999999950855
8565,85.65000000000691,0.999999999995099
8566,85.66000000000692,0.9999999999951125
8567,85.67000000000692,0.9999999999951259
8568,85.68000000000693,0.9999999999951393
8569,85.69000000000693,0.9999999999951528
8570,85.70000000000694,0.9999999999951661
8571,85.71000000000694,0.9999999999951794
8572,85.72000000000695,0.9999999999951926
8573,85.73000000000695,0.9999999999952058
8574,85.74000000000696,0.999999999995219
8575,85.75000000000696,0.9999999999952323
8576,85.76000000000697,0.9999999999952454
8577,85.77000000000697,0.9999999999952585
8578,85.78000000000698,0.9999999999952714
8579,85.79000000000698,0.9999999999952844
8580,85.80000000000699,0.9999999999952974
8581,85.810000000007,0.9999999999953104
8582,85.820000000007,0.9999999999953233
8583,85.830000000007,0.9999999999953362
8584,85.84000000000701,0.9999999999953489
8585,85.85000000000701,0.9999999999953618
8586,85.86000000000702,0.9999999999953746
8587,85.87000000000702,0.9999999999953872
8588,85.88000000000703,0.9999999999953999
8589,85.89000000000703,0.9999999999954126
8590,85.90000000000704,0.9999999999954252
8591,85.91000000000705,0.9999999999954378
8592,85.92000000000705,0.9999999999954503
8593,85.93000000000706,0.9999999999954629
8594,85.94000000000706,0.9999999999954753
8595,85.95000000000707,0.9999999999954877
8596,85.96000000000707,0.9999999999955002
8597,85.97000000000708,0.9999999999955125
8598,85.98000000000708,0.9999999999955249
8599,85.99000000000709,0.9999999999955371
8600,86.00000000000709,0.9999999999955494
8601,86.0100000000071,0.9999999999955617
8602,86.0200000000071,0.9999999999955739
8603,86.0300000000071,0.999999999995586
8604,86.04000000000711,0.9999999999955982
8605,86.05000000000712,0.9999999999956103
8606,86.06000000000712,0.9999999999956223
8607,86.07000000000713,0.9999999999956343
8608,86.08000000000713,0.9999999999956464
8609,86.09000000000714,0.9999999999956583
8610,86.10000000000714,0.9999999999956702
8611,86.11000000000715,0.9999999999956821
8612,86.12000000000715,0.999999999995694
8613,86.13000000000716,0.9999999999957058
8614,86.14000000000716,0.9999999999957175
8615,86.15000000000717,0.9999999999957293
8616,86.16000000000717,0.9999999999957411
8617,86.17000000000718,0.9999999999957527
8618,86.18000000000718,0.9999999999957644
8619,86.19000000000719,0.999999999995776
8620,86.2000000000072,0.9999999999957876
8621,86.2100000000072,0.9999999999957992
8622,86.2200000000072,0.9999999999958108
8623,86.23000000000721,0.9999999999958222
8624,86.24000000000721,0.9999999999958337
8625,86.25000000000722,0.9999999999958451
8626,86.26000000000722,0.9999999999958565
8627,86.27000000000723,0.999999999995868
8628,86.28000000000723,0.9999999999958793
8629,86.29000000000724,0.9999999999958906
8630,86.30000000000724,0.9999999999959018
8631,86.31000000000725,0.999999999995913
8632,86.32000000000725,0.9999999999959243
8633,86.33000000000726,0.9999999999959355
8634,86.34000000000727,0.9999999999959467
8635,86.35000000000727,0.9999999999959578
8636,86.36000000000728,0.9999999999959689
8637,86.37000000000728,0.9999999999959799
8638,86.38000000000729,0.9999999999959909
8639,86.39000000000729,0.999999999996002
8640,86.4000000000073,0.9999999999960129
8641,86.4100000000073,0.9999999999960238
8642,86.4200000000073,0.9999999999960347
8643,86.43000000000731,0.9999999999960456
8644,86.44000000000732,0.9999999999960565
8645,86.45000000000732,0.9999999999960673
8646,86.46000000000733,0.999999999996078
8647,86.47000000000733,0.9999999999960888
8648,86.48000000000734,0.9999999999960996
8649,86.49000000000734,0.9999999999961102
8650,86.50000000000735,0.9999999999961209
8651,86.51000000000735,0.9999999999961315
8652,86.52000000000736,0.9999999999961421
8653,86.53000000000736,0.9999999999961526
8654,86.54000000000737,0.9999999999961632
8655,86.55000000000737,0.9999999999961737
8656,86.56000000000738,0.9999999999961843
8657,86.57000000000738,0.9999999999961947
8658,86.58000000000739,0.9999999999962051
8659,86.5900000000074,0.9999999999962155
8660,86.6000000000074,0.9999999999962259
8661,86.6100000000074,0.9999999999962362
8662,86.62000000000741,0.9999999999962466
8663,86.63000000000741,0.9999999999962568
8664,86.64000000000742,0.9999999999962671
8665,86.65000000000742,0.9999999999962773
8666,86.66000000000743,0.9999999999962875
8667,86.67000000000743,0.9999999999962976
8668,86.68000000000744,0.9999999999963078
8669,86.69000000000744,0.999999999996318
8670,86.70000000000745,0.9999999999963279
8671,86.71000000000745,0.999999999996338
8672,86.72000000000746,0.999999999996348
8673,86.73000000000746,0.999999999996358
8674,86.74000000000747,0.999999999996368
8675,86.75000000000747,0.999999999996378
8676,86.76000000000748,0.9999999999963879
8677,86.77000000000749,0.9999999999963978
8678,86.78000000000749,0.9999999999964077
8679,86.7900000000075,0.9999999999964174
8680,86.8000000000075,0.9999999999964273
8681,86.8100000000075,0.9999999999964371
8682,86.82000000000751,0.9999999999964468
8683,86.83000000000752,0.9999999999964565
8684,86.84000000000752,0.9999999999964663
8685,86.85000000000753,0.9999999999964759
8686,86.86000000000753,0.9999999999964856
8687,86.87000000000754,0.9999999999964951
8688,86.88000000000754,0.9999999999965048
8689,86.89000000000755,0.9999999999965143
8690,86.90000000000755,0.9999999999965239
8691,86.91000000000756,0.9999999999965333
8692,86.92000000000756,0.9999999999965429
8693,86.93000000000757,0.9999999999965523
8694,86.94000000000757,0.9999999999965618
8695,86.95000000000758,0.9999999999965711
8696,86.96000000000758,0.9999999999965805
8697,86.97000000000759,0.9999999999965898
8698,86.98000000000759,0.9999999999965992
8699,86.9900000000076,0.9999999999966085
8700,87.0000000000076,0.9999999999966177
8701,87.01000000000761,0.999999999996627
8702,87.02000000000761,0.9999999999966362
8703,87.03000000000762,0.9999999999966455
8704,87.04000000000762,0.9999999999966546
8705,87.05000000000763,0.9999999999966637
8706,87.06000000000763,0.9999999999966729
8707,87.07000000000764,0.999999999996682
8708,87.08000000000764,0.999999999996691
8709,87.09000000000765,0.9999999999967001
8710,87.10000000000765,0.9999999999967091
8711,87.11000000000766,0.9999999999967181
8712,87.12000000000766,0.9999999999967271
8713,87.13000000000767,0.9999999999967359
8714,87.14000000000767,0.9999999999967449
8715,87.15000000000768,0.9999999999967538
8716,87.16000000000768,0.9999999999967627
8717,87.17000000000769,0.9999999999967715
8718,87.1800000000077,0.9999999999967804
8719,87.1900000000077,0.9999999999967891
8720,87.2000000000077,0.9999999999967979
8721,87.21000000000771,0.9999999999968067
8722,87.22000000000772,0.9999999999968153
8723,87.23000000000772,0.999999999996824
8724,87.24000000000773,0.9999999999968328
8725,87.25000000000773,0.9999999999968413
8726,87.26000000000774,0.99999999999685
8727,87.27000000000774,0.9999999999968586
8728,87.28000000000775,0.9999999999968672
8729,87.29000000000775,0.9999999999968757
8730,87.30000000000776,0.9999999999968843
8731,87.31000000000776,0.9999999999968927
8732,87.32000000000777,0.9999999999969013
8733,87.33000000000777,0.9999999999969097
8734,87.34000000000778,0.9999999999969181
8735,87.35000000000778,0.9999999999969266
8736,87.36000000000779,0.9999999999969349
8737,87.37000000000779,0.9999999999969433
8738,87.3800000000078,0.9999999999969517
8739,87.3900000000078,0.99999999999696
8740,87.40000000000781,0.9999999999969682
8741,87.41000000000781,0.9999999999969765
8742,87.42000000000782,0.9999999999969847
8743,87.43000000000782,0.999999999996993
8744,87.44000000000783,0.9999999999970012
8745,87.45000000000783,0.9999999999970094
8746,87.46000000000784,0.9999999999970175
8747,87.47000000000784,0.9999999999970257
8748,87.48000000000785,0.9999999999970338
8749,87.49000000000785,0.9999999999970418
8750,87.50000000000786,0.9999999999970499
8751,87.51000000000786,0.999999999997058
8752,87.52000000000787,0.999999999997066
8753,87.53000000000787,0.999999999997074
8754,87.54000000000788,0.999999999997082
8755,87.55000000000788,0.9999999999970899
8756,87.56000000000789,0.9999999999970979
8757,87.5700000000079,0.9999999999971058
8758,87.5800000000079,0.9999999999971136
8759,87.5900000000079,0.9999999999971215
8760,87.60000000000791,0.9999999999971294
8761,87.61000000000791,0.9999999999971372
8762,87.62000000000792,0.999999999997145
8763,87.63000000000793,0.9999999999971528
8764,87.64000000000793,0.9999999999971605
8765,87.65000000000794,0.9999999999971683
8766,87.66000000000794,0.999999999997176
8767,87.67000000000795,0.9999999999971837
8768,87.68000000000795,0.9999999999971914
8769,87.69000000000796,0.999999999997199
8770,87.70000000000796,0.9999999999972067
8771,87.71000000000797,0.9999999999972142
8772,87.72000000000797,0.9999999999972219
8773,87.73000000000798,0.9999999999972294
8774,87.74000000000798,0.999999999997237
8775,87.75000000000799,0.9999999999972444
8776,87.76000000000799,0.999999999997252
8777,87.770000000008,0.9999999999972594
8778,87.780000000008,0.999999999997267
8779,87.790000000008,0.9999999999972744
8780,87.80000000000801,0.9999999999972818
8781,87.81000000000802,0.9999999999972892
8782,87.82000000000802,0.9999999999972966
8783,87.83000000000803,0.9999999999973039
8784,87.84000000000803,0.9999999999973113
8785,87.85000000000804,0.9999999999973186
8786,87.86000000000804,0.9999999999973259
8787,87.87000000000805,0.9999999999973331
8788,87.88000000000805,0.9999999999973405
8789,87.89000000000806,0.9999999999973477
8790,87.90000000000806,0.9999999999973549
8791,87.91000000000807,0.9999999999973621
8792,87.92000000000807,0.9999999999973692
8793,87.93000000000808,0.9999999999973764
8794,87.94000000000808,0.9999999999973835
8795,87.95000000000809,0.9999999999973906
8796,87.9600000000081,0.9999999999973977
8797,87.9700000000081,0.9999999999974049
8798,87.9800000000081,0.999999999997412
8799,87.99000000000811,0.999999999997419
8800,88.00000000000811,0.999999999997426
8801,88.01000000000812,0.9999999999974329
8802,88.02000000000812,0.9999999999974399
8803,88.03000000000813,0.9999999999974469
8804,88.04000000000813,0.9999999999974538
8805,88.05000000000814,0.9999999999974608
8806,88.06000000000815,0.9999999999974677
8807,88.07000000000815,0.9999999999974746
8808,88.08000000000816,0.9999999999974815
8809,88.09000000000816,0.9999999999974883
8810,88.10000000000817,0.9999999999974951
8811,88.11000000000817,0.9999999999975019
8812,88.12000000000818,0.9999999999975088
8813,88.13000000000818,0.9999999999975154
8814,88.14000000000819,0.9999999999975222
8815,88.15000000000819,0.999999999997529
8816,88.1600000000082,0.9999999999975356
8817,88.1700000000082,0.9999999999975424
8818,88.1800000000082,0.9999999999975491
8819,88.19000000000821,0.9999999999975557
8820,88.20000000000822,0.9999999999975624
8821,88.21000000000822,0.999999999997569
8822,88.22000000000823,0.9999999999975756
8823,88.23000000000823,0.9999999999975822
8824,88.24000000000824,0.9999999999975887
8825,88.25000000000824,0.9999999999975953
8826,88.26000000000825,0.9999999999976018
8827,88.27000000000825,0.9999999999976084
8828,88.28000000000826,0.9999999999976148
8829,88.29000000000826,0.9999999999976213
8830,88.30000000000827,0.9999999999976278
8831,88.31000000000827,0.9999999999976342
8832,88.32000000000828,0.9999999999976407
8833,88.33000000000828,0.9999999999976471
8834,88.34000000000829,0.9999999999976534
8835,88.3500000000083,0.9999999999976598
8836,88.3600000000083,0.9999999999976662
8837,88.3700000000083,0.9999999999976725
8838,88.38000000000831,0.9999999999976789
8839,88.39000000000831,0.9999999999976851
8840,88.40000000000832,0.9999999999976914
8841,88.41000000000832,0.9999999999976976
8842,88.42000000000833,0.999999999997704
8843,88.43000000000833,0.9999999999977102
8844,88.44000000000834,0.9999999999977164
8845,88.45000000000834,0.9999999999977226
8846,88.46000000000835,0.9999999999977287
8847,88.47000000000835,0.9999999999977349
8848,88.48000000000836,0.999999999997741
8849,88.49000000000837,0.9999999999977471
8850,88.50000000000837,0.9999999999977532
8851,88.51000000000838,0.9999999999977593
8852,88.52000000000838,0.9999999999977655
8853,88.53000000000839,0.9999999999977716
8854,88.54000000000839,0.9999999999977776
8855,88.5500000000084,0.9999999999977836
8856,88.5600000000084,0.9999999999977897
8857,88.5700000000084,0.9999999999977957
8858,88.58000000000841,0.9999999999978015
8859,88.59000000000842,0.9999999999978075
8860,88.60000000000842,0.9999999999978135
8861,88.61000000000843,0.9999999999978194
8862,88.62000000000843,0.9999999999978253
8863,88.63000000000844,0.9999999999978312
8864,88.64000000000844,0.9999999999978371
8865,88.65000000000845,0.999999999997843
8866,88.66000000000845,0.9999999999978488
8867,88.67000000000846,0.9999999999978546
8868,88.68000000000846,0.9999999999978605
8869,88.69000000000847,0.9999999999978663
8870,88.70000000000847,0.999999999997872
8871,88.71000000000848,0.9999999999978778
8872,88.72000000000848,0.9999999999978836
8873,88.73000000000849,0.9999999999978892
8874,88.7400000000085,0.999999999997895
8875,88.7500000000085,0.9999999999979007
8876,88.7600000000085,0.9999999999979063
8877,88.77000000000851,0.9999999999979121
8878,88.78000000000851,0.9999999999979178
8879,88.79000000000852,0.9999999999979233
8880,88.80000000000852,0.999999999997929
8881,88.81000000000853,0.9999999999979347
8882,88.82000000000853,0.9999999999979402
8883,88.83000000000854,0.9999999999979458
8884,88.84000000000854,0.9999999999979513
8885,88.85000000000855,0.9999999999979569
8886,88.86000000000855,0.9999999999979624
8887,88.87000000000856,0.999999999997968
8888,88.88000000000856,0.9999999999979734
8889,88.89000000000857,0.999999999997979
8890,88.90000000000857,0.9999999999979844
8891,88.91000000000858,0.9999999999979898
8892,88.92000000000859,0.9999999999979953
8893,88.93000000000859,0.9999999999980007
8894,88.9400000000086,0.9999999999980062
8895,88.9500000000086,0.9999999999980115
8896,88.9600000000086,0.9999999999980169
8897,88.97000000000861,0.9999999999980222
8898,88.98000000000862,0.9999999999980276
8899,88.99000000000862,0.9999999999980329
8900,89.00000000000863,0.9999999999980382
8901,89.01000000000863,0.9999999999980436
8902,89.02000000000864,0.9999999999980489
8903,89.03000000000864,0.9999999999980541
8904,89.04000000000865,0.9999999999980594
8905,89.05000000000865,0.9999999999980647
8906,89.06000000000866,0.9999999999980699
8907,89.07000000000866,0.9999999999980751
8908,89.08000000000867,0.9999999999980803
8909,89.09000000000867,0.9999999999980855
8910,89.10000000000868,0.9999999999980907
8911,89.11000000000868,0.9999999999980959
8912,89.12000000000869,0.9999999999981011
8913,89.13000000000869,0.9999999999981062
8914,89.1400000000087,0.9999999999981113
8915,89.1500000000087,0.9999999999981164
8916,89.16000000000871,0.9999999999981215
8917,89.17000000000871,0.9999999999981265
8918,89.18000000000872,0.9999999999981316
8919,89.19000000000872,0.9999999999981367
8920,89.20000000000873,0.9999999999981417
8921,89.21000000000873,0.9999999999981467
8922,89.22000000000874,0.9999999999981517
8923,89.23000000000874,0.9999999999981567
8924,89.24000000000875,0.9999999999981617
8925,89.25000000000875,0.9999999999981667
8926,89.26000000000876,0.9999999999981717
8927,89.27000000000876,0.9999999999981766
8928,89.28000000000877,0.9999999999981815
8929,89.29000000000877,0.9999999999981865
8930,89.30000000000878,0.9999999999981913
8931,89.31000000000878,0.9999999999981962
8932,89.32000000000879,0.9999999999982011
8933,89.3300000000088,0.9999999999982059
8934,89.3400000000088,0.9999999999982108
8935,89.3500000000088,0.9999999999982156
8936,89.36000000000881,0.9999999999982204
8937,89.37000000000882,0.9999999999982252
8938,89.38000000000882,0.9999999999982301
8939,89.39000000000883,0.9999999999982349
8940,89.40000000000883,0.9999999999982395
8941,89.41000000000884,0.9999999999982443
8942,89.42000000000884,0.9999999999982491
8943,89.43000000000885,0.9999999999982538
8944,89.44000000000885,0.9999999999982585
8945,89.45000000000886,0.9999999999982632
8946,89.46000000000886,0.9999999999982679
8947,89.47000000000887,0.9999999999982726
8948,89.48000000000887,0.9999999999982773
8949,89.49000000000888,0.9999999999982819
8950,89.50000000000888,0.9999999999982865
8951,89.51000000000889,0.9999999999982911
8952,89.52000000000889,0.9999999999982958
8953,89.5300000000089,0.9999999999983004
8954,89.5400000000089,0.9999999999983049
8955,89.55000000000891,0.9999999999983095
8956,89.56000000000891,0.9999999999983141
8957,89.57000000000892,0.9999999999983187
8958,89.58000000000892,0.9999999999983231
8959,89.59000000000893,0.9999999999983277
8960,89.60000000000893,0.9999999999983322
8961,89.61000000000894,0.9999999999983367
8962,89.62000000000894,0.9999999999983412
8963,89.63000000000895,0.9999999999983457
8964,89.64000000000895,0.9999999999983501
8965,89.65000000000896,0.9999999999983545
8966,89.66000000000896,0.999999999998359
8967,89.67000000000897,0.9999999999983634
8968,89.68000000000897,0.9999999999983679
8969,89.69000000000898,0.9999999999983722
8970,89.70000000000898,0.9999999999983766
8971,89.71000000000899,0.999999999998381
8972,89.720000000009,0.9999999999983854
8973,89.730000000009,0.9999999999983897
8974,89.740000000009,0.9999999999983941
8975,89.75000000000901,0.9999999999983984
8976,89.76000000000901,0.9999999999984027
8977,89.77000000000902,0.999999999998407
8978,89.78000000000903,0.9999999999984113
8979,89.79000000000903,0.9999999999984156
8980,89.80000000000904,0.9999999999984198
8981,89.81000000000904,0.9999999999984241
8982,89.82000000000905,0.9999999999984284
8983,89.83000000000905,0.9999999999984326
8984,89.84000000000906,0.9999999999984368
8985,89.85000000000906,0.999999999998441
8986,89.86000000000907,0.9999999999984452
8987,89.87000000000907,0.9999999999984495
8988,89.88000000000908,0.9999999999984536
8989,89.89000000000908,0.9999999999984578
8990,89.90000000000909,0.9999999999984619
8991,89.91000000000909,0.999999999998466
8992,89.9200000000091,0.9999999999984702
8993,89.9300000000091,0.9999999999984743
8994,89.9400000000091,0.9999999999984784
8995,89.95000000000911,0.9999999999984825
8996,89.96000000000912,0.9999999999984865
8997,89.97000000000912,0.9999999999984907
8998,89.98000000000913,0.9999999999984948
8999,89.99000000000913,0.9999999999984988
9000,90.00000000000914,0.9999999999985029
9001,90.01000000000914,0.9999999999985069
9002,90.02000000000915,0.9999999999985109
9003,90.03000000000915,0.9999999999985149
9004,90.04000000000916,0.9999999999985189
9005,90.05000000000916,0.9999999999985228
9006,90.06000000000917,0.9999999999985268
9007,90.07000000000917,0.9999999999985308
9008,90.08000000000918,0.9999999999985347
9009,90.09000000000918,0.9999999999985387
9010,90.10000000000919,0.9999999999985426
9011,90.1100000000092,0.9999999999985465
9012,90.1200000000092,0.9999999999985505
9013,90.1300000000092,0.9999999999985544
9014,90.14000000000921,0.9999999999985583
9015,90.15000000000921,0.9999999999985622
9016,90.16000000000922,0.999999999998566
9017,90.17000000000922,0.9999999999985698
9018,90.18000000000923,0.9999999999985737
9019,90.19000000000923,0.9999999999985775
9020,90.20000000000924,0.9999999999985814
9021,90.21000000000925,0.9999999999985851
9022,90.22000000000925,0.999999999998589
9023,90.23000000000926,0.9999999999985928
9024,90.24000000000926,0.9999999999985966
9025,90.25000000000927,0.9999999999986003
9026,90.26000000000927,0.9999999999986041
9027,90.27000000000928,0.9999999999986078
9028,90.28000000000928,0.9999999999986116
9029,90.29000000000929,0.9999999999986153
9030,90.30000000000929,0.999999999998619
9031,90.3100000000093,0.9999999999986228
9032,90.3200000000093,0.9999999999986264
9033,90.3300000000093,0.9999999999986301
9034,90.34000000000931,0.9999999999986338
9035,90.35000000000932,0.9999999999986375
9036,90.36000000000932,0.9999999999986411
9037,90.37000000000933,0.9999999999986448
9038,90.38000000000933,0.9999999999986484
9039,90.39000000000934,0.9999999999986521
9040,90.40000000000934,0.9999999999986556
9041,90.41000000000935,0.9999999999986593
9042,90.42000000000935,0.9999999999986628
9043,90.43000000000936,0.9999999999986665
9044,90.44000000000936,0.9999999999986701
9045,90.45000000000937,0.9999999999986736
9046,90.46000000000937,0.9999999999986772
9047,90.47000000000938,0.9999999999986807
9048,90.48000000000938,0.9999999999986843
9049,90.49000000000939,0.9999999999986878
9050,90.5000000000094,0.9999999999986914
9051,90.5100000000094,0.9999999999986948
9052,90.5200000000094,0.9999999999986984
9053,90.53000000000941,0.9999999999987018
9054,90.54000000000941,0.9999999999987054
9055,90.55000000000942,0.9999999999987088
9056,90.56000000000942,0.9999999999987123
9057,90.57000000000943,0.9999999999987157
9058,90.58000000000943,0.9999999999987191
9059,90.59000000000944,0.9999999999987226
9060,90.60000000000944,0.999999999998726
9061,90.61000000000945,0.9999999999987295
9062,90.62000000000945,0.9999999999987329
9063,90.63000000000946,0.9999999999987362
9064,90.64000000000946,0.9999999999987397
9065,90.65000000000947,0.999999999998743
9066,90.66000000000948,0.9999999999987464
9067,90.67000000000948,0.9999999999987498
9068,90.68000000000949,0.9999999999987531
9069,90.69000000000949,0.9999999999987564
9070,90.7000000000095,0.9999999999987598
9071,90.7100000000095,0.9999999999987631
9072,90.7200000000095,0.9999999999987664
9073,90.73000000000951,0.9999999999987698
9074,90.74000000000952,0.9999999999987731
9075,90.75000000000952,0.9999999999987763
9076,90.76000000000953,0.9999999999987796
9077,90.77000000000953,0.9999999999987829
9078,90.78000000000954,0.9999999999987862
9079,90.79000000000954,0.9999999999987894
9080,90.80000000000955,0.9999999999987926
9081,90.81000000000955,0.9999999999987959
9082,90.82000000000956,0.9999999999987992
9083,90.83000000000956,0.9999999999988024
9084,90.84000000000957,0.9999999999988055
9085,90.85000000000957,0.9999999999988087
9086,90.86000000000958,0.999999999998812
9087,90.87000000000958,0.9999999999988152
9088,90.88000000000959,0.9999999999988183
9089,90.8900000000096,0.9999999999988215
9090,90.9000000000096,0.9999999999988246
9091,90.9100000000096,0.9999999999988278
9092,90.92000000000961,0.9999999999988309
9093,90.93000000000961,0.999999999998834
9094,90.94000000000962,0.9999999999988372
9095,90.95000000000962,0.9999999999988403
9096,90.96000000000963,0.9999999999988434
9097,90.97000000000963,0.9999999999988465
9098,90.98000000000964,0.9999999999988496
9099,90.99000000000964,0.9999999999988527
9100,91.00000000000965,0.9999999999988557
9101,91.01000000000965,0.9999999999988588
9102,91.02000000000966,0.9999999999988619
9103,91.03000000000966,0.9999999999988649
9104,91.04000000000967,0.9999999999988679
9105,91.05000000000967,0.999999999998871
9106,91.06000000000968,0.999999999998874
9107,91.07000000000968,0.999999999998877
9108,91.08000000000969,0.99999999999888
9109,91.0900000000097,0.999999999998883
9110,91.1000000000097,0.999999999998886
9111,91.1100000000097,0.999999999998889
9112,91.12000000000971,0.999999999998892
9113,91.13000000000972,0.9999999999988949
9114,91.14000000000972,0.9999999999988979
9115,91.15000000000973,0.9999999999989009
9116,91.16000000000973,0.9999999999989038
9117,91.17000000000974,0.9999999999989067
9118,91.18000000000974,0.9999999999989096
9119,91.19000000000975,0.9999999999989125
9120,91.20000000000975,0.9999999999989154
9121,91.21000000000976,0.9999999999989183
9122,91.22000000000976,0.9999999999989212
9123,91.23000000000977,0.9999999999989241
9124,91.24000000000977,0.999999999998927
9125,91.25000000000978,0.9999999999989299
9126,91.26000000000978,0.9999999999989327
9127,91.27000000000979,0.9999999999989356
9128,91.28000000000979,0.9999999999989384
9129,91.2900000000098,0.9999999999989413
9130,91.3000000000098,0.9999999999989441
9131,91.31000000000981,0.999999999998947
9132,91.32000000000981,0.9999999999989497
9133,91.33000000000982,0.9999999999989525
9134,91.34000000000982,0.9999999999989554
9135,91.35000000000983,0.9999999999989582
9136,91.36000000000983,0.9999999999989609
9137,91.37000000000984,0.9999999999989637
9138,91.38000000000984,0.9999999999989665
9139,91.39000000000985,0.9999999999989693
9140,91.40000000000985,0.999999999998972
9141,91.41000000000986,0.9999999999989747
9142,91.42000000000986,0.9999999999989775
9143,91.43000000000987,0.9999999999989803
9144,91.44000000000987,0.9999999999989829
9145,91.45000000000988,0.9999999999989857
9146,91.46000000000988,0.9999999999989884
9147,91.47000000000989,0.999999999998991
9148,91.4800000000099,0.9999999999989938
9149,91.4900000000099,0.9999999999989965
9150,91.5000000000099,0.9999999999989991
9151,91.51000000000991,0.9999999999990018
9152,91.52000000000992,0.9999999999990045
9153,91.53000000000992,0.9999999999990071
9154,91.54000000000993,0.9999999999990098
9155,91.55000000000993,0.9999999999990125
9156,91.56000000000994,0.999999999999015
9157,91.57000000000994,0.9999999999990177
9158,91.58000000000995,0.9999999999990203
9159,91.59000000000995,0.9999999999990229
9160,91.60000000000996,0.9999999999990256
9161,91.61000000000996,0.9999999999990281
9162,91.62000000000997,0.9999999999990308
9163,91.63000000000997,0.9999999999990333
9164,91.64000000000998,0.9999999999990359
9165,91.65000000000998,0.9999999999990384
9166,91.66000000000999,0.999999999999041
9167,91.67000000000999,0.9999999999990435
9168,91.68000000001,0.9999999999990461
9169,91.69000000001,0.9999999999990486
9170,91.70000000001001,0.9999999999990512
9171,91.71000000001001,0.9999999999990538
9172,91.72000000001002,0.9999999999990563
9173,91.73000000001002,0.9999999999990588
9174,91.74000000001003,0.9999999999990613
9175,91.75000000001003,0.9999999999990639
9176,91.76000000001004,0.9999999999990663
9177,91.77000000001004,0.9999999999990687
9178,91.78000000001005,0.9999999999990713
9179,91.79000000001005,0.9999999999990737
9180,91.80000000001006,0.9999999999990762
9181,91.81000000001006,0.9999999999990787
9182,91.82000000001007,0.9999999999990812
9183,91.83000000001007,0.9999999999990836
9184,91.84000000001008,0.9999999999990861
9185,91.85000000001008,0.9999999999990885
9186,91.86000000001009,0.999999999999091
9187,91.8700000000101,0.9999999999990933
9188,91.8800000000101,0.9999999999990957
9189,91.8900000000101,0.9999999999990982
9190,91.90000000001011,0.9999999999991006
9191,91.91000000001011,0.9999999999991029
9192,91.92000000001012,0.9999999999991054
9193,91.93000000001012,0.9999999999991077
9194,91.94000000001013,0.9999999999991102
9195,91.95000000001014,0.9999999999991125
9196,91.96000000001014,0.9999999999991148
9197,91.97000000001015,0.9999999999991172
9198,91.98000000001015,0.9999999999991196
9199,91.99000000001016,0.9999999999991219
9200,92.00000000001016,0.9999999999991243
9201,92.01000000001017,0.9999999999991266
9202,92.02000000001017,0.9999999999991289
9203,92.03000000001018,0.9999999999991313
9204,92.04000000001018,0.9999999999991336
9205,92.05000000001019,0.9999999999991358
9206,92.06000000001019,0.9999999999991381
9207,92.0700000000102,0.9999999999991405
9208,92.0800000000102,0.9999999999991427
9209,92.0900000000102,0.999999999999145
9210,92.10000000001021,0.9999999999991472
9211,92.11000000001022,0.9999999999991496
9212,92.12000000001022,0.9999999999991518
9213,92.13000000001023,0.9999999999991541
9214,92.14000000001023,0.9999999999991563
9215,92.15000000001024,0.9999999999991586
9216,92.16000000001024,0.9999999999991608
9217,92.17000000001025,0.999999999999163
9218,92.18000000001025,0.9999999999991652
9219,92.19000000001026,0.9999999999991674
9220,92.20000000001026,0.9999999999991697
9221,92.21000000001027,0.9999999999991719
9222,92.22000000001027,0.9999999999991741
9223,92.23000000001028,0.9999999999991763
9224,92.24000000001028,0.9999999999991785
9225,92.25000000001029,0.9999999999991807
9226,92.2600000000103,0.9999999999991829
9227,92.2700000000103,0.9999999999991851
9228,92.2800000000103,0.9999999999991872
9229,92.29000000001031,0.9999999999991894
9230,92.30000000001031,0.9999999999991915
9231,92.31000000001032,0.9999999999991936
9232,92.32000000001032,0.9999999999991959
9233,92.33000000001033,0.999999999999198
9234,92.34000000001033,0.9999999999992001
9235,92.35000000001034,0.9999999999992022
9236,92.36000000001034,0.9999999999992043
9237,92.37000000001035,0.9999999999992064
9238,92.38000000001036,0.9999999999992085
9239,92.39000000001036,0.9999999999992106
9240,92.40000000001037,0.9999999999992127
9241,92.41000000001037,0.9999999999992149
9242,92.42000000001038,0.999999999999217
9243,92.43000000001038,0.9999999999992191
9244,92.44000000001039,0.9999999999992211
9245,92.45000000001039,0.9999999999992232
9246,92.4600000000104,0.9999999999992253
9247,92.4700000000104,0.9999999999992273
9248,92.4800000000104,0.9999999999992294
9249,92.49000000001041,0.9999999999992314
9250,92.50000000001042,0.9999999999992335
9251,92.51000000001042,0.9999999999992355
9252,92.52000000001043,0.9999999999992375
9253,92.53000000001043,0.9999999999992395
9254,92.54000000001044,0.9999999999992416
9255,92.55000000001044,0.9999999999992436
9256,92.56000000001045,0.9999999999992456
9257,92.57000000001045,0.9999999999992476
9258,92.58000000001046,0.9999999999992496
9259,92.59000000001046,0.9999999999992516
9260,92.60000000001047,0.9999999999992536
9261,92.61000000001047,0.9999999999992556
9262,92.62000000001048,0.9999999999992575
9263,92.63000000001048,0.9999999999992595
9264,92.64000000001049,0.9999999999992615
9265,92.6500000000105,0.9999999999992635
9266,92.6600000000105,0.9999999999992654
9267,92.6700000000105,0.9999999999992674
9268,92.68000000001051,0.9999999999992693
9269,92.69000000001051,0.9999999999992712
9270,92.70000000001052,0.9999999999992731
9271,92.71000000001052,0.999999999999275
9272,92.72000000001053,0.999999999999277
9273,92.73000000001053,0.9999999999992789
9274,92.74000000001054,0.9999999999992808
9275,92.75000000001054,0.9999999999992828
9276,92.76000000001055,0.9999999999992847
9277,92.77000000001055,0.9999999999992866
9278,92.78000000001056,0.9999999999992885
9279,92.79000000001056,0.9999999999992903
9280,92.80000000001057,0.9999999999992922
9281,92.81000000001058,0.9999999999992941
9282,92.82000000001058,0.999999999999296
9283,92.83000000001059,0.9999999999992978
9284,92.84000000001059,0.9999999999992997
9285,92.8500000000106,0.9999999999993016
9286,92.8600000000106,0.9999999999993034
9287,92.8700000000106,0.9999999999993052
9288,92.88000000001061,0.9999999999993071
9289,92.89000000001062,0.9999999999993089
9290,92.90000000001062,0.9999999999993108
9291,92.91000000001063,0.9999999999993125
9292,92.92000000001063,0.9999999999993144
9293,92.93000000001064,0.9999999999993162
9294,92.94000000001064,0.999999999999318
9295,92.95000000001065,0.9999999999993199
9296,92.96000000001065,0.9999999999993217
9297,92.97000000001066,0.9999999999993234
9298,92.98000000001066,0.9999999999993252
9299,92.99000000001067,0.999999999999327
9300,93.00000000001067,0.9999999999993288
9301,93.01000000001068,0.9999999999993305
9302,93.02000000001068,0.9999999999993323
9303,93.03000000001069,0.9999999999993341
9304,93.04000000001069,0.9999999999993359
9305,93.0500000000107,0.9999999999993376
9306,93.0600000000107,0.9999999999993394
9307,93.07000000001071,0.9999999999993412
9308,93.08000000001071,0.9999999999993429
9309,93.09000000001072,0.9999999999993446
9310,93.10000000001072,0.9999999999993464
9311,93.11000000001073,0.9999999999993481
9312,93.12000000001073,0.9999999999993499
9313,93.13000000001074,0.9999999999993515
9314,93.14000000001074,0.9999999999993533
9315,93.15000000001075,0.999999999999355
9316,93.16000000001075,0.9999999999993567
9317,93.17000000001076,0.9999999999993584
9318,93.18000000001076,0.9999999999993601
9319,93.19000000001077,0.9999999999993618
9320,93.20000000001077,0.9999999999993635
9321,93.21000000001078,0.9999999999993652
9322,93.22000000001078,0.9999999999993668
9323,93.23000000001079,0.9999999999993685
9324,93.2400000000108,0.9999999999993702
9325,93.2500000000108,0.9999999999993718
9326,93.2600000000108,0.9999999999993735
9327,93.27000000001081,0.9999999999993752
9328,93.28000000001082,0.9999999999993768
9329,93.29000000001082,0.9999999999993785
9330,93.30000000001083,0.9999999999993802
9331,93.31000000001083,0.9999999999993817
9332,93.32000000001084,0.9999999999993834
9333,93.33000000001084,0.999999999999385
9334,93.34000000001085,0.9999999999993867
9335,93.35000000001085,0.9999999999993883
9336,93.36000000001086,0.9999999999993899
9337,93.37000000001086,0.9999999999993915
9338,93.38000000001087,0.9999999999993932
9339,93.39000000001087,0.9999999999993947
9340,93.40000000001088,0.9999999999993964
9341,93.41000000001088,0.9999999999993979
9342,93.42000000001089,0.9999999999993995
9343,93.43000000001089,0.9999999999994011
9344,93.4400000000109,0.9999999999994027
9345,93.4500000000109,0.9999999999994043
9346,93.46000000001091,0.9999999999994058
9347,93.47000000001091,0.9999999999994074
9348,93.48000000001092,0.999999999999409
9349,93.49000000001092,0.9999999999994106
9350,93.50000000001093,0.9999999999994121
9351,93.51000000001093,0.9999999999994137
9352,93.52000000001094,0.9999999999994152
9353,93.53000000001094,0.9999999999994168
9354,93.54000000001095,0.9999999999994182
9355,93.55000000001095,0.9999999999994198
9356,93.56000000001096,0.9999999999994214
9357,93.57000000001096,0.9999999999994229
9358,93.58000000001097,0.9999999999994245
9359,93.59000000001097,0.9999999999994259
9360,93.60000000001098,0.9999999999994275
9361,93.61000000001098,0.999999999999429
9362,93.62000000001099,0.9999999999994305
9363,93.630000000011,0.999999999999432
9364,93.640000000011,0.9999999999994335
9365,93.650000000011,0.999999999999435
9366,93.66000000001101,0.9999999999994365
9367,93.67000000001102,0.999999999999438
9368,93.68000000001102,0.9999999999994394
9369,93.69000000001103,0.9999999999994409
9370,93.70000000001103,0.9999999999994424
9371,93.71000000001104,0.9999999999994439
9372,93.72000000001104,0.9999999999994453
9373,93.73000000001105,0.9999999999994468
9374,93.74000000001105,0.9999999999994482
9375,93.75000000001106,0.9999999999994497
9376,93.76000000001106,0.9999999999994512
9377,93.77000000001107,0.9999999999994527
9378,93.78000000001107,0.9999999999994541
9379,93.79000000001108,0.9999999999994555
9380,93.80000000001108,0.999999999999457
9381,93.81000000001109,0.9999999999994583
9382,93.82000000001109,0.9999999999994598
9383,93.8300000000111,0.9999999999994612
9384,93.8400000000111,0.9999999999994627
9385,93.85000000001111,0.9999999999994641
9386,93.86000000001111,0.9999999999994654
9387,93.87000000001112,0.9999999999994669
9388,93.88000000001112,0.9999999999994683
9389,93.89000000001113,0.9999999999994696
9390,93.90000000001113,0.9999999999994711
9391,93.91000000001114,0.9999999999994725
9392,93.92000000001114,0.9999999999994739
9393,93.93000000001115,0.9999999999994753
9394,93.94000000001115,0.9999999999994766
9395,93.95000000001116,0.9999999999994781
9396,93.96000000001116,0.9999999999994794
9397,93.97000000001117,0.9999999999994807
9398,93.98000000001117,0.9999999999994822
9399,93.99000000001118,0.9999999999994835
9400,94.00000000001118,0.9999999999994849
9401,94.01000000001119,0.9999999999994862
9402,94.0200000000112,0.9999999999994876
9403,94.0300000000112,0.999999999999489
9404,94.0400000000112,0.9999999999994903
9405,94.05000000001121,0.9999999999994916
9406,94.06000000001121,0.999999999999493
9407,94.07000000001122,0.9999999999994943
9408,94.08000000001122,0.9999999999994956
9409,94.09000000001123,0.999999999999497
9410,94.10000000001124,0.9999999999994983
9411,94.11000000001124,0.9999999999994996
9412,94.12000000001125,0.999999999999501
9413,94.13000000001125,0.9999999999995023
9414,94.14000000001126,0.9999999999995036
9415,94.15000000001126,0.9999999999995048
9416,94.16000000001127,0.9999999999995062
9417,94.17000000001127,0.9999999999995075
9418,94.18000000001128,0.9999999999995087
9419,94.19000000001128,0.9999999999995101
9420,94.20000000001129,0.9999999999995114
9421,94.21000000001129,0.9999999999995126
9422,94.2200000000113,0.9999999999995139
9423,94.2300000000113,0.9999999999995152
9424,94.2400000000113,0.9999999999995165
9425,94.25000000001131,0.9999999999995177
9426,94.26000000001132,0.999999999999519
9427,94.27000000001132,0.9999999999995203
9428,94.28000000001133,0.9999999999995216
9429,94.29000000001133,0.9999999999995228
9430,94.30000000001134,0.999999999999524
9431,94.31000000001134,0.9999999999995254
9432,94.32000000001135,0.9999999999995266
9433,94.33000000001135,0.9999999999995278
9434,94.34000000001136,0.999999999999529
9435,94.35000000001136,0.9999999999995303
9436,94.36000000001137,0.9999999999995315
9437,94.37000000001137,0.9999999999995328
9438,94.38000000001138,0.999999999999534
9439,94.39000000001138,0.9999999999995353
9440,94.40000000001139,0.9999999999995365
9441,94.4100000000114,0.9999999999995377
9442,94.4200000000114,0.9999999999995389
9443,94.4300000000114,0.9999999999995401
9444,94.44000000001141,0.9999999999995413
9445,94.45000000001141,0.9999999999995425
9446,94.46000000001142,0.9999999999995437
9447,94.47000000001142,0.9999999999995449
9448,94.48000000001143,0.9999999999995461
9449,94.49000000001143,0.9999999999995474
9450,94.50000000001144,0.9999999999995485
9451,94.51000000001144,0.9999999999995497
9452,94.52000000001145,0.9999999999995509
9453,94.53000000001146,0.999999999999552
9454,94.54000000001146,0.9999999999995532
9455,94.55000000001147,0.9999999999995544
9456,94.56000000001147,0.9999999999995556
9457,94.57000000001148,0.9999999999995567
9458,94.58000000001148,0.9999999999995579
9459,94.59000000001149,0.999999999999559
9460,94.60000000001149,0.9999999999995602
9461,94.6100000000115,0.9999999999995614
9462,94.6200000000115,0.9999999999995626
9463,94.6300000000115,0.9999999999995637
9464,94.64000000001151,0.9999999999995648
9465,94.65000000001152,0.999999999999566
9466,94.66000000001152,0.9999999999995671
9467,94.67000000001153,0.9999999999995682
9468,94.68000000001153,0.9999999999995693
9469,94.69000000001154,0.9999999999995706
9470,94.70000000001154,0.9999999999995717
9471,94.71000000001155,0.9999999999995728
9472,94.72000000001155,0.9999999999995739
9473,94.73000000001156,0.999999999999575
9474,94.74000000001156,0.9999999999995761
9475,94.75000000001157,0.9999999999995772
9476,94.76000000001157,0.9999999999995783
9477,94.77000000001158,0.9999999999995794
9478,94.78000000001158,0.9999999999995806
9479,94.79000000001159,0.9999999999995817
9480,94.8000000000116,0.9999999999995828
9481,94.8100000000116,0.9999999999995839
9482,94.8200000000116,0.999999999999585
9483,94.83000000001161,0.999999999999586
9484,94.84000000001161,0.9999999999995871
9485,94.85000000001162,0.9999999999995882
9486,94.86000000001162,0.9999999999995893
9487,94.87000000001163,0.9999999999995903
9488,94.88000000001163,0.9999999999995914
9489,94.89000000001164,0.9999999999995925
9490,94.90000000001164,0.9999999999995935
9491,94.91000000001165,0.9999999999995947
9492,94.92000000001165,0.9999999999995958
9493,94.93000000001166,0.9999999999995968
9494,94.94000000001166,0.9999999999995979
9495,94.95000000001167,0.9999999999995989
9496,94.96000000001168,0.9999999999996
9497,94.97000000001168,0.999999999999601
9498,94.98000000001169,0.9999999999996021
9499,94.99000000001169,0.9999999999996031
9500,95.0000000000117,0.9999999999996041
9501,95.0100000000117,0.9999999999996052
9502,95.0200000000117,0.9999999999996062
9503,95.03000000001171,0.9999999999996072
9504,95.04000000001172,0.9999999999996083
9505,95.05000000001172,0.9999999999996093
9506,95.06000000001173,0.9999999999996103
9507,95.07000000001173,0.9999999999996113
9508,95.08000000001174,0.9999999999996123
9509,95.09000000001174,0.9999999999996134
9510,95.10000000001175,0.9999999999996144
9511,95.11000000001175,0.9999999999996154
9512,95.12000000001176,0.9999999999996164
9513,95.13000000001176,0.9999999999996174
9514,95.14000000001177,0.9999999999996184
9515,95.15000000001177,0.9999999999996194
9516,95.16000000001178,0.9999999999996204
9517,95.17000000001178,0.9999999999996214
9518,95.18000000001179,0.9999999999996224
9519,95.19000000001179,0.9999999999996234
9520,95.2000000000118,0.9999999999996244
9521,95.2100000000118,0.9999999999996254
9522,95.22000000001181,0.9999999999996263
9523,95.23000000001181,0.9999999999996273
9524,95.24000000001182,0.9999999999996283
9525,95.25000000001182,0.9999999999996293
9526,95.26000000001183,0.9999999999996302
9527,95.27000000001183,0.9999999999996312
9528,95.28000000001184,0.9999999999996322
9529,95.29000000001184,0.9999999999996332
9530,95.30000000001185,0.9999999999996341
9531,95.31000000001185,0.9999999999996351
9532,95.32000000001186,0.999999999999636
9533,95.33000000001186,0.999999999999637
9534,95.34000000001187,0.999999999999638
9535,95.35000000001187,0.9999999999996388
9536,95.36000000001188,0.9999999999996398
9537,95.37000000001188,0.9999999999996407
9538,95.38000000001189,0.9999999999996417
9539,95.3900000000119,0.9999999999996426
9540,95.4000000000119,0.9999999999996436
9541,95.4100000000119,0.9999999999996445
9542,95.42000000001191,0.9999999999996454
9543,95.43000000001192,0.9999999999996464
9544,95.44000000001192,0.9999999999996473
9545,95.45000000001193,0.9999999999996482
9546,95.46000000001193,0.9999999999996492
9547,95.47000000001194,0.9999999999996501
9548,95.48000000001194,0.999999999999651
9549,95.49000000001195,0.9999999999996518
9550,95.50000000001195,0.9999999999996528
9551,95.51000000001196,0.9999999999996537
9552,95.52000000001196,0.9999999999996546
9553,95.53000000001197,0.9999999999996555
9554,95.54000000001197,0.9999999999996564
9555,95.55000000001198,0.9999999999996573
9556,95.56000000001198,0.9999999999996582
9557,95.57000000001199,0.999999999999659
9558,95.58000000001199,0.9999999999996599
9559,95.590000000012,0.9999999999996608
9560,95.600000000012,0.9999999999996617
9561,95.61000000001201,0.9999999999996626
9562,95.62000000001201,0.9999999999996635
9563,95.63000000001202,0.9999999999996644
9564,95.64000000001202,0.9999999999996653
9565,95.65000000001203,0.9999999999996662
9566,95.66000000001203,0.999999999999667
9567,95.67000000001204,0.9999999999996679
9568,95.68000000001204,0.9999999999996688
9569,95.69000000001205,0.9999999999996696
9570,95.70000000001205,0.9999999999996705
9571,95.71000000001206,0.9999999999996714
9572,95.72000000001206,0.9999999999996723
9573,95.73000000001207,0.999999999999673
9574,95.74000000001207,0.9999999999996739
9575,95.75000000001208,0.9999999999996748
9576,95.76000000001208,0.9999999999996756
9577,95.77000000001209,0.9999999999996765
9578,95.7800000000121,0.9999999999996774
9579,95.7900000000121,0.9999999999996781
9580,95.8000000000121,0.999999999999679
9581,95.81000000001211,0.9999999999996798
9582,95.82000000001212,0.9999999999996807
9583,95.83000000001212,0.9999999999996815
9584,95.84000000001213,0.9999999999996824
9585,95.85000000001213,0.9999999999996831
9586,95.86000000001214,0.999999999999684
9587,95.87000000001214,0.9999999999996848
9588,95.88000000001215,0.9999999999996857
9589,95.89000000001215,0.9999999999996865
9590,95.90000000001216,0.9999999999996873
9591,95.91000000001216,0.9999999999996881
9592,95.92000000001217,0.9999999999996889
9593,95.93000000001217,0.9999999999996897
9594,95.94000000001218,0.9999999999996906
9595,95.95000000001218,0.9999999999996914
9596,95.96000000001219,0.9999999999996921
9597,95.97000000001219,0.9999999999996929
9598,95.9800000000122,0.9999999999996938
9599,95.9900000000122,0.9999999999996946
9600,96.00000000001221,0.9999999999996954
9601,96.01000000001221,0.9999999999996961
9602,96.02000000001222,0.9999999999996969
9603,96.03000000001222,0.9999999999996977
9604,96.04000000001223,0.9999999999996986
9605,96.05000000001223,0.9999999999996994
9606,96.06000000001224,0.9999999999997001
9607,96.07000000001224,0.9999999999997009
9608,96.08000000001225,0.9999999999997017
9609,96.09000000001225,0.9999999999997025
9610,96.10000000001226,0.9999999999997032
9611,96.11000000001226,0.999999999999704
9612,96.12000000001227,0.9999999999997048
9613,96.13000000001227,0.9999999999997056
9614,96.14000000001228,0.9999999999997063
9615,96.15000000001228,0.999999999999707
9616,96.16000000001229,0.9999999999997078
9617,96.1700000000123,0.9999999999997086
9618,96.1800000000123,0.9999999999997093
9619,96.1900000000123,0.9999999999997101
9620,96.20000000001231,0.9999999999997109
9621,96.21000000001231,0.9999999999997116
9622,96.22000000001232,0.9999999999997123
9623,96.23000000001232,0.9999999999997131
9624,96.24000000001233,0.9999999999997139
9625,96.25000000001234,0.9999999999997146
9626,96.26000000001234,0.9999999999997153
9627,96.27000000001235,0.9999999999997161
9628,96.28000000001235,0.9999999999997169
9629,96.29000000001236,0.9999999999997176
9630,96.30000000001236,0.9999999999997183
9631,96.31000000001237,0.999999999999719
9632,96.32000000001237,0.9999999999997198
9633,96.33000000001238,0.9999999999997206
9634,96.34000000001238,0.9999999999997212
9635,96.35000000001239,0.999999999999722
9636,96.36000000001239,0.9999999999997227
9637,96.3700000000124,0.9999999999997234
9638,96.3800000000124,0.9999999999997241
9639,96.3900000000124,0.9999999999997249
9640,96.40000000001241,0.9999999999997256
9641,96.41000000001242,0.9999999999997263
9642,96.42000000001242,0.999999999999727
9643,96.43000000001243,0.9999999999997277
9644,96.44000000001243,0.9999999999997284
9645,96.45000000001244,0.9999999999997291
9646,96.46000000001244,0.9999999999997298
9647,96.47000000001245,0.9999999999997305
9648,96.48000000001245,0.9999999999997312
9649,96.49000000001246,0.9999999999997319
9650,96.50000000001246,0.9999999999997327
9651,96.51000000001247,0.9999999999997333
9652,96.52000000001247,0.999999999999734
9653,96.53000000001248,0.9999999999997347
9654,96.54000000001248,0.9999999999997354
9655,96.55000000001249,0.9999999999997361
9656,96.5600000000125,0.9999999999997368
9657,96.5700000000125,0.9999999999997374
9658,96.5800000000125,0.9999999999997381
9659,96.59000000001251,0.9999999999997389
9660,96.60000000001251,0.9999999999997395
9661,96.61000000001252,0.9999999999997402
9662,96.62000000001252,0.9999999999997409
9663,96.63000000001253,0.9999999999997415
9664,96.64000000001253,0.9999999999997422
9665,96.65000000001254,0.9999999999997429
9666,96.66000000001254,0.9999999999997435
9667,96.67000000001255,0.9999999999997442
9668,96.68000000001256,0.9999999999997449
9669,96.69000000001256,0.9999999999997455
9670,96.70000000001257,0.9999999999997462
9671,96.71000000001257,0.9999999999997469
9672,96.72000000001258,0.9999999999997475
9673,96.73000000001258,0.9999999999997482
9674,96.74000000001259,0.9999999999997489
9675,96.75000000001259,0.9999999999997495
9676,96.7600000000126,0.9999999999997501
9677,96.7700000000126,0.9999999999997508
9678,96.7800000000126,0.9999999999997514
9679,96.79000000001261,0.9999999999997521
9680,96.80000000001262,0.9999999999997528
9681,96.81000000001262,0.9999999999997534
9682,96.82000000001263,0.999999999999754
9683,96.83000000001263,0.9999999999997546
9684,96.84000000001264,0.9999999999997553
9685,96.85000000001264,0.999999999999756
9686,96.86000000001265,0.9999999999997565
9687,96.87000000001265,0.9999999999997572
9688,96.88000000001266,0.9999999999997579
9689,96.89000000001266,0.9999999999997584
9690,96.90000000001267,0.9999999999997591
9691,96.91000000001267,0.9999999999997597
9692,96.92000000001268,0.9999999999997603
9693,96.93000000001268,0.999999999999761
9694,96.94000000001269,0.9999999999997615
9695,96.9500000000127,0.9999999999997622
9696,96.9600000000127,0.9999999999997629
9697,96.9700000000127,0.9999999999997634
9698,96.98000000001271,0.9999999999997641
9699,96.99000000001271,0.9999999999997646
9700,97.00000000001272,0.9999999999997653
9701,97.01000000001272,0.9999999999997659
9702,97.02000000001273,0.9999999999997665
9703,97.03000000001273,0.9999999999997671
9704,97.04000000001274,0.9999999999997677
9705,97.05000000001274,0.9999999999997683
9706,97.06000000001275,0.9999999999997689
9707,97.07000000001275,0.9999999999997695
9708,97.08000000001276,0.9999999999997701
9709,97.09000000001276,0.9999999999997707
9710,97.10000000001277,0.9999999999997713
9711,97.11000000001277,0.9999999999997718
9712,97.12000000001278,0.9999999999997725
9713,97.13000000001279,0.9999999999997731
9714,97.14000000001279,0.9999999999997736
9715,97.1500000000128,0.9999999999997742
9716,97.1600000000128,0.9999999999997748
9717,97.1700000000128,0.9999999999997754
9718,97.18000000001281,0.999999999999776
9719,97.19000000001282,0.9999999999997766
9720,97.20000000001282,0.9999999999997772
9721,97.21000000001283,0.9999999999997777
9722,97.22000000001283,0.9999999999997783
9723,97.23000000001284,0.9999999999997788
9724,97.24000000001284,0.9999999999997794
9725,97.25000000001285,0.9999999999997801
9726,97.26000000001285,0.9999999999997806
9727,97.27000000001286,0.9999999999997812
9728,97.28000000001286,0.9999999999997817
9729,97.29000000001287,0.9999999999997823
9730,97.30000000001287,0.9999999999997828
9731,97.31000000001288,0.9999999999997834
9732,97.32000000001288,0.999999999999784
9733,97.33000000001289,0.9999999999997845
9734,97.34000000001289,0.9999999999997851
9735,97.3500000000129,0.9999999999997856
9736,97.3600000000129,0.9999999999997862
9737,97.37000000001291,0.9999999999997867
9738,97.38000000001291,0.9999999999997873
9739,97.39000000001292,0.9999999999997878
9740,97.40000000001292,0.9999999999997884
9741,97.41000000001293,0.999999999999789
9742,97.42000000001293,0.9999999999997895
9743,97.43000000001294,0.9999999999997901
9744,97.44000000001294,0.9999999999997906
9745,97.45000000001295,0.9999999999997912
9746,97.46000000001295,0.9999999999997917
9747,97.47000000001296,0.9999999999997923
9748,97.48000000001296,0.9999999999997927
9749,97.49000000001297,0.9999999999997933
9750,97.50000000001297,0.9999999999997938
9751,97.51000000001298,0.9999999999997944
9752,97.52000000001298,0.9999999999997949
9753,97.53000000001299,0.9999999999997954
9754,97.540000000013,0.9999999999997959
9755,97.550000000013,0.9999999999997965
9756,97.560000000013,0.999999999999797
9757,97.57000000001301,0.9999999999997975
9758,97.58000000001302,0.999999999999798
9759,97.59000000001302,0.9999999999997986
9760,97.60000000001303,0.9999999999997992
9761,97.61000000001303,0.9999999999997996
9762,97.62000000001304,0.9999999999998002
9763,97.63000000001304,0.9999999999998007
9764,97.64000000001305,0.9999999999998012
9765,97.65000000001305,0.9999999999998017
9766,97.66000000001306,0.9999999999998023
9767,97.67000000001306,0.9999999999998027
9768,97.68000000001307,0.9999999999998033
9769,97.69000000001307,0.9999999999998037
9770,97.70000000001308,0.9999999999998043
9771,97.71000000001308,0.9999999999998047
9772,97.72000000001309,0.9999999999998053
9773,97.73000000001309,0.9999999999998058
9774,97.7400000000131,0.9999999999998063
9775,97.7500000000131,0.9999999999998068
9776,97.76000000001311,0.9999999999998073
9777,97.77000000001311,0.9999999999998078
9778,97.78000000001312,0.9999999999998083
9779,97.79000000001312,0.9999999999998088
9780,97.80000000001313,0.9999999999998093
9781,97.81000000001313,0.9999999999998097
9782,97.82000000001314,0.9999999999998103
9783,97.83000000001314,0.9999999999998107
9784,97.84000000001315,0.9999999999998113
9785,97.85000000001315,0.9999999999998117
9786,97.86000000001316,0.9999999999998122
9787,97.87000000001316,0.9999999999998127
9788,97.88000000001317,0.9999999999998131
9789,97.89000000001317,0.9999999999998137
9790,97.90000000001318,0.9999999999998141
9791,97.91000000001318,0.9999999999998146
9792,97.92000000001319,0.9999999999998151
9793,97.9300000000132,0.9999999999998156
9794,97.9400000000132,0.999999999999816
9795,97.9500000000132,0.9999999999998165
9796,97.96000000001321,0.999999999999817
9797,97.97000000001321,0.9999999999998175
9798,97.98000000001322,0.9999999999998179
9799,97.99000000001323,0.9999999999998184
9800,98.00000000001323,0.9999999999998189
9801,98.01000000001324,0.9999999999998194
9802,98.02000000001324,0.9999999999998198
9803,98.03000000001325,0.9999999999998203
9804,98.04000000001325,0.9999999999998207
9805,98.05000000001326,0.9999999999998213
9806,98.06000000001326,0.9999999999998217
9807,98.07000000001327,0.9999999999998221
9808,98.08000000001327,0.9999999999998226
9809,98.09000000001328,0.999999999999823
9810,98.10000000001328,0.9999999999998235
9811,98.11000000001329,0.9999999999998239
9812,98.12000000001329,0.9999999999998245
9813,98.1300000000133,0.9999999999998249
9814,98.1400000000133,0.9999999999998254
9815,98.1500000000133,0.9999999999998258
9816,98.16000000001331,0.9999999999998263
9817,98.17000000001332,0.9999999999998267
9818,98.18000000001332,0.9999999999998271
9819,98.19000000001333,0.9999999999998276
9820,98.20000000001333,0.999999999999828
9821,98.21000000001334,0.9999999999998285
9822,98.22000000001334,0.9999999999998289
9823,98.23000000001335,0.9999999999998294
9824,98.24000000001335,0.9999999999998298
9825,98.25000000001336,0.9999999999998302
9826,98.26000000001336,0.9999999999998307
9827,98.27000000001337,0.9999999999998311
9828,98.28000000001337,0.9999999999998316
9829,98.29000000001338,0.999999999999832
9830,98.30000000001338,0.9999999999998324
9831,98.31000000001339,0.9999999999998328
9832,98.3200000000134,0.9999999999998332
9833,98.3300000000134,0.9999999999998337
9834,98.3400000000134,0.9999999999998341
9835,98.35000000001341,0.9999999999998346
9836,98.36000000001341,0.999999999999835
9837,98.37000000001342,0.9999999999998354
9838,98.38000000001342,0.9999999999998358
9839,98.39000000001343,0.9999999999998362
9840,98.40000000001343,0.9999999999998367
9841,98.41000000001344,0.9999999999998371
9842,98.42000000001345,0.9999999999998375
9843,98.43000000001345,0.9999999999998379
9844,98.44000000001346,0.9999999999998384
9845,98.45000000001346,0.9999999999998388
9846,98.46000000001347,0.9999999999998392
9847,98.47000000001347,0.9999999999998396
9848,98.48000000001348,0.99999999999984
9849,98.49000000001348,0.9999999999998405
9850,98.50000000001349,0.9999999999998408
9851,98.51000000001349,0.9999999999998412
9852,98.5200000000135,0.9999999999998417
9853,98.5300000000135,0.999999999999842
9854,98.5400000000135,0.9999999999998425
9855,98.55000000001351,0.9999999999998429
9856,98.56000000001352,0.9999999999998432
9857,98.57000000001352,0.9999999999998437
9858,98.58000000001353,0.9999999999998441
9859,98.59000000001353,0.9999999999998445
9860,98.60000000001354,0.9999999999998449
9861,98.61000000001354,0.9999999999998453
9862,98.62000000001355,0.9999999999998457
9863,98.63000000001355,0.9999999999998461
9864,98.64000000001356,0.9999999999998465
9865,98.65000000001356,0.9999999999998469
9866,98.66000000001357,0.9999999999998472
9867,98.67000000001357,0.9999999999998477
9868,98.68000000001358,0.999999999999848
9869,98.69000000001358,0.9999999999998485
9870,98.70000000001359,0.9999999999998488
9871,98.7100000000136,0.9999999999998492
9872,98.7200000000136,0.9999999999998496
9873,98.7300000000136,0.99999999999985
9874,98.74000000001361,0.9999999999998503
9875,98.75000000001361,0.9999999999998508
9876,98.76000000001362,0.9999999999998511
9877,98.77000000001362,0.9999999999998516
9878,98.78000000001363,0.9999999999998519
9879,98.79000000001363,0.9999999999998523
9880,98.80000000001364,0.9999999999998527
9881,98.81000000001364,0.9999999999998531
9882,98.82000000001365,0.9999999999998535
9883,98.83000000001365,0.9999999999998538
9884,98.84000000001366,0.9999999999998542
9885,98.85000000001367,0.9999999999998546
9886,98.86000000001367,0.9999999999998549
9887,98.87000000001368,0.9999999999998553
9888,98.88000000001368,0.9999999999998557
9889,98.89000000001369,0.9999999999998561
9890,98.90000000001369,0.9999999999998564
9891,98.9100000000137,0.9999999999998568
9892,98.9200000000137,0.9999999999998572
9893,98.9300000000137,0.9999999999998576
9894,98.94000000001371,0.9999999999998579
9895,98.95000000001372,0.9999999999998582
9896,98.96000000001372,0.9999999999998587
9897,98.97000000001373,0.999999999999859
9898,98.98000000001373,0.9999999999998593
9899,98.99000000001374,0.9999999999998598
9900,99.00000000001374,0.9999999999998601
9901,99.01000000001375,0.9999999999998604
9902,99.02000000001375,0.9999999999998608
9903,99.03000000001376,0.9999999999998611
9904,99.04000000001376,0.9999999999998616
9905,99.05000000001377,0.9999999999998619
9906,99.06000000001377,0.9999999999998622
9907,99.07000000001378,0.9999999999998626
9908,99.08000000001378,0.9999999999998629
9909,99.09000000001379,0.9999999999998633
9910,99.1000000000138,0.9999999999998637
9911,99.1100000000138,0.999999999999864
9912,99.1200000000138,0.9999999999998643
9913,99.13000000001381,0.9999999999998647
9914,99.14000000001381,0.999999999999865
9915,99.15000000001382,0.9999999999998653
9916,99.16000000001382,0.9999999999998658
9917,99.17000000001383,0.9999999999998661
9918,99.18000000001383,0.9999999999998664
9919,99.19000000001384,0.9999999999998668
9920,99.20000000001384,0.9999999999998671
9921,99.21000000001385,0.9999999999998674
9922,99.22000000001385,0.9999999999998678
9923,99.23000000001386,0.9999999999998681
9924,99.24000000001386,0.9999999999998684
9925,99.25000000001387,0.9999999999998688
9926,99.26000000001387,0.9999999999998691
9927,99.27000000001388,0.9999999999998694
9928,99.28000000001389,0.9999999999998698
9929,99.29000000001389,0.9999999999998701
9930,99.3000000000139,0.9999999999998704
9931,99.3100000000139,0.9999999999998708
9932,99.3200000000139,0.9999999999998711
9933,99.33000000001391,0.9999999999998714
9934,99.34000000001392,0.9999999999998718
9935,99.35000000001392,0.9999999999998721
9936,99.36000000001393,0.9999999999998724
9937,99.37000000001393,0.9999999999998728
9938,99.38000000001394,0.9999999999998731
9939,99.39000000001394,0.9999999999998734
9940,99.40000000001395,0.9999999999998738
9941,99.41000000001395,0.9999999999998741
9942,99.42000000001396,0.9999999999998744
9943,99.43000000001396,0.9999999999998748
9944,99.44000000001397,0.9999999999998751
9945,99.45000000001397,0.9999999999998753
9946,99.46000000001398,0.9999999999998757
9947,99.47000000001398,0.999999999999876
9948,99.48000000001399,0.9999999999998763
9949,99.49000000001399,0.9999999999998767
9950,99.500000000014,0.999999999999877
9951,99.510000000014,0.9999999999998773
9952,99.52000000001401,0.9999999999998775
9953,99.53000000001401,0.9999999999998779
9954,99.54000000001402,0.9999999999998782
9955,99.55000000001402,0.9999999999998785
9956,99.56000000001403,0.9999999999998789
9957,99.57000000001403,0.9999999999998792
9958,99.58000000001404,0.9999999999998794
9959,99.59000000001404,0.9999999999998798
9960,99.60000000001405,0.9999999999998801
9961,99.61000000001405,0.9999999999998804
9962,99.62000000001406,0.9999999999998807
9963,99.63000000001406,0.999999999999881
9964,99.64000000001407,0.9999999999998813
9965,99.65000000001407,0.9999999999998817
9966,99.66000000001408,0.9999999999998819
9967,99.67000000001408,0.9999999999998822
9968,99.68000000001409,0.9999999999998825
9969,99.6900000000141,0.9999999999998829
9970,99.7000000000141,0.9999999999998831
9971,99.7100000000141,0.9999999999998834
9972,99.72000000001411,0.9999999999998838
9973,99.73000000001412,0.999999999999884
9974,99.74000000001412,0.9999999999998843
9975,99.75000000001413,0.9999999999998846
9976,99.76000000001413,0.9999999999998849
9977,99.77000000001414,0.9999999999998852
9978,99.78000000001414,0.9999999999998855
9979,99.79000000001415,0.9999999999998858
9980,99.80000000001415,0.9999999999998861
9981,99.81000000001416,0.9999999999998864
9982,99.82000000001416,0.9999999999998866
9983,99.83000000001417,0.999999999999887
9984,99.84000000001417,0.9999999999998872
9985,99.85000000001418,0.9999999999998875
9986,99.86000000001418,0.9999999999998879
9987,99.87000000001419,0.9999999999998881
9988,99.88000000001419,0.9999999999998884
9989,99.8900000000142,0.9999999999998886
9990,99.9000000000142,0.999999999999889
9991,99.91000000001421,0.9999999999998892
9992,99.92000000001421,0.9999999999998895
9993,99.93000000001422,0.9999999999998899
9994,99.94000000001422,0.9999999999998901
9995,99.95000000001423,0.9999999999998904
9996,99.96000000001423,0.9999999999998906
9997,99.97000000001424,0.999999999999891
9998,99.98000000001424,0.9999999999998912
9999,99.99000000001425,0.9999999999998915
10000,100.00000000001425,0.9999999999998918
10001,100.01000000001426,0.9999999999998921
10002,100.02000000001426,0.9999999999998923
10003,100.03000000001427,0.9999999999998926
10004,100.04000000001427,0.9999999999998929
10005,100.05000000001428,0.9999999999998932
10006,100.06000000001428,0.9999999999998934
10007,100.07000000001429,0.9999999999998938
10008,100.0800000000143,0.999999999999894
10009,100.0900000000143,0.9999999999998942
10010,100.1000000000143,0.9999999999998945
10011,100.11000000001431,0.9999999999998948
10012,100.12000000001431,0.9999999999998951
10013,100.13000000001432,0.9999999999998953
10014,100.14000000001433,0.9999999999998956
10015,100.15000000001433,0.9999999999998959
10016,100.16000000001434,0.9999999999998961
10017,100.17000000001434,0.9999999999998964
10018,100.18000000001435,0.9999999999998966
10019,100.19000000001435,0.999999999999897
10020,100.20000000001436,0.9999999999998972
10021,100.21000000001436,0.9999999999998974
10022,100.22000000001437,0.9999999999998977
10023,100.23000000001437,0.999999999999898
10024,100.24000000001438,0.9999999999998982
10025,100.25000000001438,0.9999999999998985
10026,100.26000000001439,0.9999999999998987
10027,100.27000000001439,0.999999999999899
10028,100.2800000000144,0.9999999999998993
10029,100.2900000000144,0.9999999999998995
10030,100.3000000000144,0.9999999999998997
10031,100.31000000001441,0.9999999999999001
10032,100.32000000001442,0.9999999999999003
10033,100.33000000001442,0.9999999999999005
10034,100.34000000001443,0.9999999999999009
10035,100.35000000001443,0.9999999999999011
10036,100.36000000001444,0.9999999999999013
10037,100.37000000001444,0.9999999999999015
10038,100.38000000001445,0.9999999999999019
10039,100.39000000001445,0.9999999999999021
10040,100.40000000001446,0.9999999999999023
10041,100.41000000001446,0.9999999999999025
10042,100.42000000001447,0.9999999999999029
10043,100.43000000001447,0.9999999999999031
10044,100.44000000001448,0.9999999999999033
10045,100.45000000001448,0.9999999999999035
10046,100.46000000001449,0.9999999999999039
10047,100.4700000000145,0.9999999999999041
10048,100.4800000000145,0.9999999999999043
10049,100.4900000000145,0.9999999999999045
10050,100.50000000001451,0.9999999999999047
10051,100.51000000001451,0.9999999999999051
10052,100.52000000001452,0.9999999999999053
10053,100.53000000001452,0.9999999999999055
10054,100.54000000001453,0.9999999999999057
10055,100.55000000001453,0.999999999999906
10056,100.56000000001454,0.9999999999999062
10057,100.57000000001455,0.9999999999999065
10058,100.58000000001455,0.9999999999999067
10059,100.59000000001456,0.999999999999907
10060,100.60000000001456,0.9999999999999072
10061,100.61000000001457,0.9999999999999074
10062,100.62000000001457,0.9999999999999076
10063,100.63000000001458,0.9999999999999079
10064,100.64000000001458,0.9999999999999081
10065,100.65000000001459,0.9999999999999084
10066,100.66000000001459,0.9999999999999086
10067,100.6700000000146,0.9999999999999089
10068,100.6800000000146,0.9999999999999091
10069,100.6900000000146,0.9999999999999093
10070,100.70000000001461,0.9999999999999095
10071,100.71000000001462,0.9999999999999097
10072,100.72000000001462,0.99999999999991
10073,100.73000000001463,0.9999999999999102
10074,100.74000000001463,0.9999999999999104
10075,100.75000000001464,0.9999999999999106
10076,100.76000000001464,0.9999999999999108
10077,100.77000000001465,0.9999999999999111
10078,100.78000000001465,0.9999999999999114
10079,100.79000000001466,0.9999999999999116
10080,100.80000000001466,0.9999999999999118
10081,100.81000000001467,0.9999999999999121
10082,100.82000000001467,0.9999999999999123
10083,100.83000000001468,0.9999999999999125
10084,100.84000000001468,0.9999999999999127
10085,100.85000000001469,0.999999999999913
10086,100.8600000000147,0.9999999999999132
10087,100.8700000000147,0.9999999999999134
10088,100.8800000000147,0.9999999999999136
10089,100.89000000001471,0.9999999999999138
10090,100.90000000001471,0.9999999999999141
10091,100.91000000001472,0.9999999999999143
10092,100.92000000001472,0.9999999999999145
10093,100.93000000001473,0.9999999999999147
10094,100.94000000001473,0.9999999999999148
10095,100.95000000001474,0.9999999999999151
10096,100.96000000001474,0.9999999999999153
10097,100.97000000001475,0.9999999999999155
10098,100.98000000001475,0.9999999999999157
10099,100.99000000001476,0.999999999999916
10100,101.00000000001477,0.9999999999999162
10101,101.01000000001477,0.9999999999999164
10102,101.02000000001478,0.9999999999999166
10103,101.03000000001478,0.9999999999999168
10104,101.04000000001479,0.9999999999999171
10105,101.05000000001479,0.9999999999999173
10106,101.0600000000148,0.9999999999999175
10107,101.0700000000148,0.9999999999999176
10108,101.0800000000148,0.9999999999999178
10109,101.09000000001481,0.9999999999999181
10110,101.10000000001482,0.9999999999999183
10111,101.11000000001482,0.9999999999999185
10112,101.12000000001483,0.9999999999999187
10113,101.13000000001483,0.999999999999919
10114,101.14000000001484,0.9999999999999192
10115,101.15000000001484,0.9999999999999193
10116,101.16000000001485,0.9999999999999195
10117,101.17000000001485,0.9999999999999197
10118,101.18000000001486,0.99999999999992
10119,101.19000000001486,0.9999999999999202
10120,101.20000000001487,0.9999999999999204
10121,101.21000000001487,0.9999999999999205
10122,101.22000000001488,0.9999999999999207
10123,101.23000000001488,0.999999999999921
10124,101.24000000001489,0.9999999999999212
10125,101.2500000000149,0.9999999999999214
10126,101.2600000000149,0.9999999999999216
10127,101.2700000000149,0.9999999999999217
10128,101.28000000001491,0.999999999999922
10129,101.29000000001491,0.9999999999999222
10130,101.30000000001492,0.9999999999999224
10131,101.31000000001492,0.9999999999999225
10132,101.32000000001493,0.9999999999999227
10133,101.33000000001493,0.999999999999923
10134,101.34000000001494,0.9999999999999232
10135,101.35000000001494,0.9999999999999234
10136,101.36000000001495,0.9999999999999235
10137,101.37000000001495,0.9999999999999237
10138,101.38000000001496,0.999999999999924
10139,101.39000000001496,0.9999999999999242
10140,101.40000000001497,0.9999999999999243
10141,101.41000000001497,0.9999999999999245
10142,101.42000000001498,0.9999999999999247
10143,101.43000000001499,0.9999999999999248
10144,101.44000000001499,0.9999999999999251
10145,101.450000000015,0.9999999999999253
10146,101.460000000015,0.9999999999999255
10147,101.470000000015,0.9999999999999256
10148,101.48000000001501,0.9999999999999258
10149,101.49000000001502,0.9999999999999261
10150,101.50000000001502,0.9999999999999262
10151,101.51000000001503,0.9999999999999264
10152,101.52000000001503,0.9999999999999266
10153,101.53000000001504,0.9999999999999267
10154,101.54000000001504,0.999999999999927
10155,101.55000000001505,0.9999999999999272
10156,101.56000000001505,0.9999999999999273
10157,101.57000000001506,0.9999999999999275
10158,101.58000000001506,0.9999999999999277
10159,101.59000000001507,0.9999999999999278
10160,101.60000000001507,0.9999999999999281
10161,101.61000000001508,0.9999999999999283
10162,101.62000000001508,0.9999999999999284
10163,101.63000000001509,0.9999999999999286
10164,101.64000000001509,0.9999999999999288
10165,101.6500000000151,0.999999999999929
10166,101.6600000000151,0.9999999999999292
10167,101.67000000001511,0.9999999999999294
10168,101.68000000001511,0.9999999999999295
10169,101.69000000001512,0.9999999999999297
10170,101.70000000001512,0.9999999999999298
10171,101.71000000001513,0.9999999999999301
10172,101.72000000001513,0.9999999999999303
10173,101.73000000001514,0.9999999999999304
10174,101.74000000001514,0.9999999999999306
10175,101.75000000001515,0.9999999999999307
10176,101.76000000001515,0.9999999999999309
10177,101.77000000001516,0.9999999999999312
10178,101.78000000001516,0.9999999999999313
10179,101.79000000001517,0.9999999999999315
10180,101.80000000001517,0.9999999999999316
10181,101.81000000001518,0.9999999999999318
10182,101.82000000001518,0.9999999999999319
10183,101.83000000001519,0.9999999999999322
10184,101.8400000000152,0.9999999999999323
10185,101.8500000000152,0.9999999999999325
10186,101.8600000000152,0.9999999999999327
10187,101.87000000001521,0.9999999999999328
10188,101.88000000001522,0.999999999999933
10189,101.89000000001522,0.9999999999999332
10190,101.90000000001523,0.9999999999999334
10191,101.91000000001523,0.9999999999999335
10192,101.92000000001524,0.9999999999999337
10193,101.93000000001524,0.9999999999999338
10194,101.94000000001525,0.999999999999934
10195,101.95000000001525,0.9999999999999342
10196,101.96000000001526,0.9999999999999344
10197,101.97000000001526,0.9999999999999345
10198,101.98000000001527,0.9999999999999347
10199,101.99000000001527,0.9999999999999348
10200,102.00000000001528,0.999999999999935
10201,102.01000000001528,0.9999999999999352
10202,102.02000000001529,0.9999999999999354
10203,102.03000000001529,0.9999999999999355
10204,102.0400000000153,0.9999999999999357
10205,102.0500000000153,0.9999999999999358
10206,102.06000000001531,0.999999999999936
10207,102.07000000001531,0.9999999999999362
10208,102.08000000001532,0.9999999999999363
10209,102.09000000001532,0.9999999999999365
10210,102.10000000001533,0.9999999999999366
10211,102.11000000001533,0.9999999999999368
10212,102.12000000001534,0.9999999999999369
10213,102.13000000001534,0.9999999999999372
10214,102.14000000001535,0.9999999999999373
10215,102.15000000001535,0.9999999999999375
10216,102.16000000001536,0.9999999999999376
10217,102.17000000001536,0.9999999999999377
10218,102.18000000001537,0.9999999999999379
10219,102.19000000001537,0.999999999999938
10220,102.20000000001538,0.9999999999999383
10221,102.21000000001538,0.9999999999999384
10222,102.22000000001539,0.9999999999999386
10223,102.2300000000154,0.9999999999999387
10224,102.2400000000154,0.9999999999999388
10225,102.2500000000154,0.999999999999939
10226,102.26000000001541,0.9999999999999392
10227,102.27000000001541,0.9999999999999393
10228,102.28000000001542,0.9999999999999395
10229,102.29000000001543,0.9999999999999396
10230,102.30000000001543,0.9999999999999398
10231,102.31000000001544,0.9999999999999399
10232,102.32000000001544,0.99999999999994
10233,102.33000000001545,0.9999999999999403
10234,102.34000000001545,0.9999999999999404
10235,102.35000000001546,0.9999999999999405
10236,102.36000000001546,0.9999999999999407
10237,102.37000000001547,0.9999999999999408
10238,102.38000000001547,0.999999999999941
10239,102.39000000001548,0.9999999999999412
10240,102.40000000001548,0.9999999999999413
10241,102.41000000001549,0.9999999999999415
10242,102.42000000001549,0.9999999999999416
10243,102.4300000000155,0.9999999999999417
10244,102.4400000000155,0.9999999999999419
10245,102.4500000000155,0.999999999999942
10246,102.46000000001551,0.9999999999999422
10247,102.47000000001552,0.9999999999999423
10248,102.48000000001552,0.9999999999999425
10249,102.49000000001553,0.9999999999999426
10250,102.50000000001553,0.9999999999999427
10251,102.51000000001554,0.9999999999999429
10252,102.52000000001554,0.999999999999943
10253,102.53000000001555,0.9999999999999432
10254,102.54000000001555,0.9999999999999434
10255,102.55000000001556,0.9999999999999435
10256,102.56000000001556,0.9999999999999436
10257,102.57000000001557,0.9999999999999437
10258,102.58000000001557,0.9999999999999439
10259,102.59000000001558,0.999999999999944
10260,102.60000000001558,0.9999999999999442
10261,102.61000000001559,0.9999999999999444
10262,102.6200000000156,0.9999999999999445
10263,102.6300000000156,0.9999999999999446
10264,102.6400000000156,0.9999999999999447
10265,102.65000000001561,0.9999999999999449
10266,102.66000000001561,0.999999999999945
10267,102.67000000001562,0.9999999999999452
10268,102.68000000001562,0.9999999999999453
10269,102.69000000001563,0.9999999999999455
10270,102.70000000001563,0.9999999999999456
10271,102.71000000001564,0.9999999999999457
10272,102.72000000001565,0.9999999999999458
10273,102.73000000001565,0.999999999999946
10274,102.74000000001566,0.9999999999999462
10275,102.75000000001566,0.9999999999999463
10276,102.76000000001567,0.9999999999999464
10277,102.77000000001567,0.9999999999999465
10278,102.78000000001568,0.9999999999999467
10279,102.79000000001568,0.9999999999999468
10280,102.80000000001569,0.9999999999999469
10281,102.81000000001569,0.999999999999947
10282,102.8200000000157,0.9999999999999473
10283,102.8300000000157,0.9999999999999474
10284,102.8400000000157,0.9999999999999475
10285,102.85000000001571,0.9999999999999476
10286,102.86000000001572,0.9999999999999477
10287,102.87000000001572,0.9999999999999479
10288,102.88000000001573,0.999999999999948
10289,102.89000000001573,0.9999999999999482
10290,102.90000000001574,0.9999999999999483
10291,102.91000000001574,0.9999999999999484
10292,102.92000000001575,0.9999999999999485
10293,102.93000000001575,0.9999999999999487
10294,102.94000000001576,0.9999999999999488
10295,102.95000000001576,0.9999999999999489
10296,102.96000000001577,0.999999999999949
10297,102.97000000001577,0.9999999999999492
10298,102.98000000001578,0.9999999999999493
10299,102.99000000001578,0.9999999999999495
10300,103.00000000001579,0.9999999999999496
10301,103.0100000000158,0.9999999999999497
10302,103.0200000000158,0.9999999999999498
10303,103.0300000000158,0.9999999999999499
10304,103.04000000001581,0.99999999999995
10305,103.05000000001581,0.9999999999999502
10306,103.06000000001582,0.9999999999999504
10307,103.07000000001582,0.9999999999999505
10308,103.08000000001583,0.9999999999999506
10309,103.09000000001583,0.9999999999999507
10310,103.10000000001584,0.9999999999999508
10311,103.11000000001584,0.9999999999999509
10312,103.12000000001585,0.999999999999951
10313,103.13000000001585,0.9999999999999512
10314,103.14000000001586,0.9999999999999513
10315,103.15000000001586,0.9999999999999515
10316,103.16000000001587,0.9999999999999516
10317,103.17000000001588,0.9999999999999517
10318,103.18000000001588,0.9999999999999518
10319,103.19000000001589,0.9999999999999519
10320,103.20000000001589,0.999999999999952
10321,103.2100000000159,0.9999999999999521
10322,103.2200000000159,0.9999999999999523
10323,103.2300000000159,0.9999999999999524
10324,103.24000000001591,0.9999999999999525
10325,103.25000000001592,0.9999999999999526
10326,103.26000000001592,0.9999999999999528
10327,103.27000000001593,0.9999999999999529
10328,103.28000000001593,0.999999999999953
10329,103.29000000001594,0.9999999999999531
10330,103.30000000001594,0.9999999999999533
10331,103.31000000001595,0.9999999999999534
10332,103.32000000001595,0.9999999999999535
10333,103.33000000001596,0.9999999999999536
10334,103.34000000001596,0.9999999999999537
10335,103.35000000001597,0.9999999999999538
10336,103.36000000001597,0.9999999999999539
10337,103.37000000001598,0.999999999999954
10338,103.38000000001598,0.9999999999999541
10339,103.39000000001599,0.9999999999999543
10340,103.400000000016,0.9999999999999544
10341,103.410000000016,0.9999999999999545
10342,103.420000000016,0.9999999999999546
10343,103.43000000001601,0.9999999999999547
10344,103.44000000001601,0.9999999999999548
10345,103.45000000001602,0.9999999999999549
10346,103.46000000001602,0.9999999999999551
10347,103.47000000001603,0.9999999999999553
10348,103.48000000001603,0.9999999999999554
10349,103.49000000001604,0.9999999999999555
10350,103.50000000001604,0.9999999999999556
10351,103.51000000001605,0.9999999999999557
10352,103.52000000001605,0.9999999999999558
10353,103.53000000001606,0.9999999999999559
10354,103.54000000001606,0.999999999999956
10355,103.55000000001607,0.9999999999999561
10356,103.56000000001607,0.9999999999999563
10357,103.57000000001608,0.9999999999999564
10358,103.58000000001608,0.9999999999999565
10359,103.59000000001609,0.9999999999999566
10360,103.6000000000161,0.9999999999999567
10361,103.6100000000161,0.9999999999999568
10362,103.6200000000161,0.9999999999999569
10363,103.63000000001611,0.9999999999999569
10364,103.64000000001612,0.999999999999957
10365,103.65000000001612,0.9999999999999571
10366,103.66000000001613,0.9999999999999573
10367,103.67000000001613,0.9999999999999574
10368,103.68000000001614,0.9999999999999575
10369,103.69000000001614,0.9999999999999576
10370,103.70000000001615,0.9999999999999577
10371,103.71000000001615,0.9999999999999578
10372,103.72000000001616,0.9999999999999579
10373,103.73000000001616,0.999999999999958
10374,103.74000000001617,0.9999999999999581
10375,103.75000000001617,0.9999999999999583
10376,103.76000000001618,0.9999999999999584
10377,103.77000000001618,0.9999999999999585
10378,103.78000000001619,0.9999999999999586
10379,103.79000000001619,0.9999999999999587
10380,103.8000000000162,0.9999999999999588
10381,103.8100000000162,0.9999999999999589
10382,103.82000000001621,0.999999999999959
10383,103.83000000001621,0.9999999999999591
10384,103.84000000001622,0.9999999999999591
10385,103.85000000001622,0.9999999999999593
10386,103.86000000001623,0.9999999999999594
10387,103.87000000001623,0.9999999999999595
10388,103.88000000001624,0.9999999999999596
10389,103.89000000001624,0.9999999999999597
10390,103.90000000001625,0.9999999999999598
10391,103.91000000001625,0.9999999999999599
10392,103.92000000001626,0.99999999999996
10393,103.93000000001626,0.9999999999999601
10394,103.94000000001627,0.9999999999999603
10395,103.95000000001627,0.9999999999999603
10396,103.96000000001628,0.9999999999999604
10397,103.97000000001628,0.9999999999999605
10398,103.98000000001629,0.9999999999999606
10399,103.9900000000163,0.9999999999999607
10400,104.0000000000163,0.9999999999999608
10401,104.0100000000163,0.9999999999999609
10402,104.02000000001631,0.999999999999961
10403,104.03000000001632,0.9999999999999611
10404,104.04000000001632,0.9999999999999611
10405,104.05000000001633,0.9999999999999613
10406,104.06000000001633,0.9999999999999614
10407,104.07000000001634,0.9999999999999615
10408,104.08000000001634,0.9999999999999616
10409,104.09000000001635,0.9999999999999617
10410,104.10000000001635,0.9999999999999618
10411,104.11000000001636,0.9999999999999619
10412,104.12000000001636,0.9999999999999619
10413,104.13000000001637,0.999999999999962
10414,104.14000000001637,0.9999999999999621
10415,104.15000000001638,0.9999999999999623
10416,104.16000000001638,0.9999999999999624
10417,104.17000000001639,0.9999999999999625
10418,104.18000000001639,0.9999999999999626
10419,104.1900000000164,0.9999999999999626
10420,104.2000000000164,0.9999999999999627
10421,104.21000000001641,0.9999999999999628
10422,104.22000000001641,0.9999999999999629
10423,104.23000000001642,0.999999999999963
10424,104.24000000001642,0.9999999999999631
10425,104.25000000001643,0.9999999999999631
10426,104.26000000001643,0.9999999999999633
10427,104.27000000001644,0.9999999999999634
10428,104.28000000001644,0.9999999999999635
10429,104.29000000001645,0.9999999999999636
10430,104.30000000001645,0.9999999999999637
10431,104.31000000001646,0.9999999999999637
10432,104.32000000001646,0.9999999999999638
10433,104.33000000001647,0.9999999999999639
10434,104.34000000001647,0.999999999999964
10435,104.35000000001648,0.9999999999999641
10436,104.36000000001648,0.9999999999999643
10437,104.37000000001649,0.9999999999999643
10438,104.3800000000165,0.9999999999999644
10439,104.3900000000165,0.9999999999999645
10440,104.4000000000165,0.9999999999999646
10441,104.41000000001651,0.9999999999999647
10442,104.42000000001651,0.9999999999999647
10443,104.43000000001652,0.9999999999999648
10444,104.44000000001652,0.9999999999999649
10445,104.45000000001653,0.999999999999965
10446,104.46000000001654,0.9999999999999651
10447,104.47000000001654,0.9999999999999651
10448,104.48000000001655,0.9999999999999653
10449,104.49000000001655,0.9999999999999654
10450,104.50000000001656,0.9999999999999655
10451,104.51000000001656,0.9999999999999655
10452,104.52000000001657,0.9999999999999656
10453,104.53000000001657,0.9999999999999657
10454,104.54000000001658,0.9999999999999658
10455,104.55000000001658,0.9999999999999659
10456,104.56000000001659,0.9999999999999659
10457,104.57000000001659,0.999999999999966
10458,104.5800000000166,0.9999999999999661
10459,104.5900000000166,0.9999999999999662
10460,104.6000000000166,0.9999999999999662
10461,104.61000000001661,0.9999999999999664
10462,104.62000000001662,0.9999999999999665
10463,104.63000000001662,0.9999999999999666
10464,104.64000000001663,0.9999999999999666
10465,104.65000000001663,0.9999999999999667
10466,104.66000000001664,0.9999999999999668
10467,104.67000000001664,0.9999999999999669
10468,104.68000000001665,0.9999999999999669
10469,104.69000000001665,0.999999999999967
10470,104.70000000001666,0.9999999999999671
10471,104.71000000001666,0.9999999999999672
10472,104.72000000001667,0.9999999999999672
10473,104.73000000001667,0.9999999999999674
10474,104.74000000001668,0.9999999999999675
10475,104.75000000001668,0.9999999999999676
10476,104.76000000001669,0.9999999999999676
10477,104.7700000000167,0.9999999999999677
10478,104.7800000000167,0.9999999999999678
10479,104.7900000000167,0.9999999999999679
10480,104.80000000001671,0.9999999999999679
10481,104.81000000001671,0.999999999999968
10482,104.82000000001672,0.9999999999999681
10483,104.83000000001672,0.9999999999999681
10484,104.84000000001673,0.9999999999999682
10485,104.85000000001673,0.9999999999999684
10486,104.86000000001674,0.9999999999999685
10487,104.87000000001674,0.9999999999999685
10488,104.88000000001675,0.9999999999999686
10489,104.89000000001676,0.9999999999999687
10490,104.90000000001676,0.9999999999999687
10491,104.91000000001677,0.9999999999999688
10492,104.92000000001677,0.9999999999999689
10493,104.93000000001678,0.999999999999969
10494,104.94000000001678,0.999999999999969
10495,104.95000000001679,0.9999999999999691
10496,104.96000000001679,0.9999999999999692
10497,104.9700000000168,0.9999999999999692
10498,104.9800000000168,0.9999999999999694
10499,104.9900000000168,0.9999999999999695
10500,105.00000000001681,0.9999999999999695
10501,105.01000000001682,0.9999999999999696
10502,105.02000000001682,0.9999999999999697
10503,105.03000000001683,0.9999999999999697
10504,105.04000000001683,0.9999999999999698
10505,105.05000000001684,0.9999999999999699
10506,105.06000000001684,0.9999999999999699
10507,105.07000000001685,0.99999999999997
10508,105.08000000001685,0.9999999999999701
10509,105.09000000001686,0.9999999999999701
10510,105.10000000001686,0.9999999999999702
10511,105.11000000001687,0.9999999999999704
10512,105.12000000001687,0.9999999999999704
10513,105.13000000001688,0.9999999999999705
10514,105.14000000001688,0.9999999999999706
10515,105.15000000001689,0.9999999999999706
10516,105.1600000000169,0.9999999999999707
10517,105.1700000000169,0.9999999999999708
10518,105.1800000000169,0.9999999999999708
10519,105.19000000001691,0.9999999999999709
10520,105.20000000001691,0.999999999999971
10521,105.21000000001692,0.999999999999971
10522,105.22000000001692,0.9999999999999711
10523,105.23000000001693,0.9999999999999712
10524,105.24000000001693,0.9999999999999712
10525,105.25000000001694,0.9999999999999714
10526,105.26000000001694,0.9999999999999715
10527,105.27000000001695,0.9999999999999715
10528,105.28000000001695,0.9999999999999716
10529,105.29000000001696,0.9999999999999717
10530,105.30000000001696,0.9999999999999717
10531,105.31000000001697,0.9999999999999718
10532,105.32000000001698,0.9999999999999719
10533,105.33000000001698,0.9999999999999719
10534,105.34000000001699,0.999999999999972
10535,105.35000000001699,0.999999999999972
10536,105.360000000017,0.9999999999999721
10537,105.370000000017,0.9999999999999722
10538,105.380000000017,0.9999999999999722
10539,105.39000000001701,0.9999999999999724
10540,105.40000000001702,0.9999999999999725
10541,105.41000000001702,0.9999999999999725
10542,105.42000000001703,0.9999999999999726
10543,105.43000000001703,0.9999999999999726
10544,105.44000000001704,0.9999999999999727
10545,105.45000000001704,0.9999999999999728
10546,105.46000000001705,0.9999999999999728
10547,105.47000000001705,0.9999999999999729
10548,105.48000000001706,0.9999999999999729
10549,105.49000000001706,0.999999999999973
10550,105.50000000001707,0.9999999999999731
10551,105.51000000001707,0.9999999999999731
10552,105.52000000001708,0.9999999999999732
10553,105.53000000001708,0.9999999999999732
10554,105.54000000001709,0.9999999999999734
10555,105.55000000001709,0.9999999999999735
10556,105.5600000000171,0.9999999999999735
10557,105.5700000000171,0.9999999999999736
10558,105.58000000001711,0.9999999999999736
10559,105.59000000001711,0.9999999999999737
10560,105.60000000001712,0.9999999999999738
10561,105.61000000001712,0.9999999999999738
10562,105.62000000001713,0.9999999999999739
10563,105.63000000001713,0.9999999999999739
10564,105.64000000001714,0.999999999999974
10565,105.65000000001714,0.9999999999999741
10566,105.66000000001715,0.9999999999999741
10567,105.67000000001715,0.9999999999999742
10568,105.68000000001716,0.9999999999999742
10569,105.69000000001716,0.9999999999999744
10570,105.70000000001717,0.9999999999999744
10571,105.71000000001717,0.9999999999999745
10572,105.72000000001718,0.9999999999999746
10573,105.73000000001718,0.9999999999999746
10574,105.74000000001719,0.9999999999999747
10575,105.7500000000172,0.9999999999999747
10576,105.7600000000172,0.9999999999999748
10577,105.7700000000172,0.9999999999999748
10578,105.78000000001721,0.9999999999999749
10579,105.79000000001722,0.999999999999975
10580,105.80000000001722,0.999999999999975
10581,105.81000000001723,0.9999999999999751
10582,105.82000000001723,0.9999999999999751
10583,105.83000000001724,0.9999999999999752
10584,105.84000000001724,0.9999999999999752
10585,105.85000000001725,0.9999999999999754
10586,105.86000000001725,0.9999999999999755
10587,105.87000000001726,0.9999999999999755
10588,105.88000000001726,0.9999999999999756
10589,105.89000000001727,0.9999999999999756
10590,105.90000000001727,0.9999999999999757
10591,105.91000000001728,0.9999999999999757
10592,105.92000000001728,0.9999999999999758
10593,105.93000000001729,0.9999999999999758
10594,105.94000000001729,0.9999999999999759
10595,105.9500000000173,0.9999999999999759
10596,105.9600000000173,0.999999999999976
10597,105.97000000001731,0.9999999999999761
10598,105.98000000001731,0.9999999999999761
10599,105.99000000001732,0.9999999999999762
10600,106.00000000001732,0.9999999999999762
10601,106.01000000001733,0.9999999999999764
10602,106.02000000001733,0.9999999999999764
10603,106.03000000001734,0.9999999999999765
10604,106.04000000001734,0.9999999999999765
10605,106.05000000001735,0.9999999999999766
10606,106.06000000001735,0.9999999999999766
10607,106.07000000001736,0.9999999999999767
10608,106.08000000001736,0.9999999999999767
10609,106.09000000001737,0.9999999999999768
10610,106.10000000001737,0.9999999999999768
10611,106.11000000001738,0.9999999999999769
10612,106.12000000001738,0.9999999999999769
10613,106.13000000001739,0.999999999999977
10614,106.1400000000174,0.999999999999977
10615,106.1500000000174,0.9999999999999771
10616,106.1600000000174,0.9999999999999771
10617,106.17000000001741,0.9999999999999772
10618,106.18000000001742,0.9999999999999774
10619,106.19000000001742,0.9999999999999774
10620,106.20000000001743,0.9999999999999775
10621,106.21000000001743,0.9999999999999775
10622,106.22000000001744,0.9999999999999776
10623,106.23000000001744,0.9999999999999776
10624,106.24000000001745,0.9999999999999777
10625,106.25000000001745,0.9999999999999777
10626,106.26000000001746,0.9999999999999778
10627,106.27000000001746,0.9999999999999778
10628,106.28000000001747,0.9999999999999779
10629,106.29000000001747,0.9999999999999779
10630,106.30000000001748,0.999999999999978
10631,106.31000000001748,0.999999999999978
10632,106.32000000001749,0.9999999999999781
10633,106.33000000001749,0.9999999999999781
10634,106.3400000000175,0.9999999999999782
10635,106.3500000000175,0.9999999999999782
10636,106.36000000001751,0.9999999999999782
10637,106.37000000001751,0.9999999999999784
10638,106.38000000001752,0.9999999999999784
10639,106.39000000001752,0.9999999999999785
10640,106.40000000001753,0.9999999999999785
10641,106.41000000001753,0.9999999999999786
10642,106.42000000001754,0.9999999999999786
10643,106.43000000001754,0.9999999999999787
10644,106.44000000001755,0.9999999999999787
10645,106.45000000001755,0.9999999999999788
10646,106.46000000001756,0.9999999999999788
10647,106.47000000001756,0.9999999999999789
10648,106.48000000001757,0.9999999999999789
10649,106.49000000001757,0.999999999999979
10650,106.50000000001758,0.999999999999979
10651,106.51000000001758,0.9999999999999791
10652,106.52000000001759,0.9999999999999791
10653,106.5300000000176,0.9999999999999792
10654,106.5400000000176,0.9999999999999792
10655,106.5500000000176,0.9999999999999793
10656,106.56000000001761,0.9999999999999793
10657,106.57000000001761,0.9999999999999793
10658,106.58000000001762,0.9999999999999795
10659,106.59000000001762,0.9999999999999795
10660,106.60000000001763,0.9999999999999796
10661,106.61000000001764,0.9999999999999796
10662,106.62000000001764,0.9999999999999797
10663,106.63000000001765,0.9999999999999797
10664,106.64000000001765,0.9999999999999798
10665,106.65000000001766,0.9999999999999798
10666,106.66000000001766,0.9999999999999799
10667,106.67000000001767,0.9999999999999799
10668,106.68000000001767,0.9999999999999799
10669,106.69000000001768,0.99999999999998
10670,106.70000000001768,0.99999999999998
10671,106.71000000001769,0.9999999999999801
10672,106.72000000001769,0.9999999999999801
10673,106.7300000000177,0.9999999999999802
10674,106.7400000000177,0.9999999999999802
10675,106.7500000000177,0.9999999999999803
10676,106.76000000001771,0.9999999999999803
10677,106.77000000001772,0.9999999999999803
10678,106.78000000001772,0.9999999999999805
10679,106.79000000001773,0.9999999999999805
10680,106.80000000001773,0.9999999999999806
10681,106.81000000001774,0.9999999999999806
10682,106.82000000001774,0.9999999999999807
10683,106.83000000001775,0.9999999999999807
10684,106.84000000001775,0.9999999999999808
10685,106.85000000001776,0.9999999999999808
10686,106.86000000001776,0.9999999999999808
10687,106.87000000001777,0.9999999999999809
10688,106.88000000001777,0.9999999999999809
10689,106.89000000001778,0.999999999999981
10690,106.90000000001778,0.999999999999981
10691,106.91000000001779,0.9999999999999811
10692,106.9200000000178,0.9999999999999811
10693,106.9300000000178,0.9999999999999811
10694,106.9400000000178,0.9999999999999812
10695,106.95000000001781,0.9999999999999812
10696,106.96000000001781,0.9999999999999813
10697,106.97000000001782,0.9999999999999813
10698,106.98000000001782,0.9999999999999813
10699,106.99000000001783,0.9999999999999815
10700,107.00000000001783,0.9999999999999815
10701,107.01000000001784,0.9999999999999816
10702,107.02000000001784,0.9999999999999816
10703,107.03000000001785,0.9999999999999817
10704,107.04000000001786,0.9999999999999817
10705,107.05000000001786,0.9999999999999817
10706,107.06000000001787,0.9999999999999818
10707,107.07000000001787,0.9999999999999818
10708,107.08000000001788,0.9999999999999819
10709,107.09000000001788,0.9999999999999819
10710,107.10000000001789,0.9999999999999819
10711,107.11000000001789,0.999999999999982
10712,107.1200000000179,0.999999999999982
10713,107.1300000000179,0.9999999999999821
10714,107.1400000000179,0.9999999999999821
10715,107.15000000001791,0.9999999999999821
10716,107.16000000001792,0.9999999999999822
10717,107.17000000001792,0.9999999999999822
10718,107.18000000001793,0.9999999999999823
10719,107.19000000001793,0.9999999999999823
10720,107.20000000001794,0.9999999999999823
10721,107.21000000001794,0.9999999999999825
10722,107.22000000001795,0.9999999999999825
10723,107.23000000001795,0.9999999999999826
10724,107.24000000001796,0.9999999999999826
10725,107.25000000001796,0.9999999999999826
10726,107.26000000001797,0.9999999999999827
10727,107.27000000001797,0.9999999999999827
10728,107.28000000001798,0.9999999999999827
10729,107.29000000001798,0.9999999999999828
10730,107.30000000001799,0.9999999999999828
10731,107.310000000018,0.9999999999999829
10732,107.320000000018,0.9999999999999829
10733,107.330000000018,0.9999999999999829
10734,107.34000000001801,0.999999999999983
10735,107.35000000001801,0.999999999999983
10736,107.36000000001802,0.9999999999999831
10737,107.37000000001802,0.9999999999999831
10738,107.38000000001803,0.9999999999999831
10739,107.39000000001803,0.9999999999999832
10740,107.40000000001804,0.9999999999999832
10741,107.41000000001804,0.9999999999999832
10742,107.42000000001805,0.9999999999999833
10743,107.43000000001805,0.9999999999999833
10744,107.44000000001806,0.9999999999999835
10745,107.45000000001806,0.9999999999999835
10746,107.46000000001807,0.9999999999999835
10747,107.47000000001808,0.9999999999999836
10748,107.48000000001808,0.9999999999999836
10749,107.49000000001809,0.9999999999999836
10750,107.50000000001809,0.9999999999999837
10751,107.5100000000181,0.9999999999999837
10752,107.5200000000181,0.9999999999999837
10753,107.5300000000181,0.9999999999999838
10754,107.54000000001811,0.9999999999999838
10755,107.55000000001812,0.9999999999999839
10756,107.56000000001812,0.9999999999999839
10757,107.57000000001813,0.9999999999999839
10758,107.58000000001813,0.999999999999984
10759,107.59000000001814,0.999999999999984
10760,107.60000000001814,0.999999999999984
10761,107.61000000001815,0.9999999999999841
10762,107.62000000001815,0.9999999999999841
10763,107.63000000001816,0.9999999999999841
10764,107.64000000001816,0.9999999999999842
10765,107.65000000001817,0.9999999999999842
10766,107.66000000001817,0.9999999999999842
10767,107.67000000001818,0.9999999999999843
10768,107.68000000001818,0.9999999999999843
10769,107.69000000001819,0.9999999999999845
10770,107.70000000001819,0.9999999999999845
10771,107.7100000000182,0.9999999999999845
10772,107.7200000000182,0.9999999999999846
10773,107.73000000001821,0.9999999999999846
10774,107.74000000001821,0.9999999999999846
10775,107.75000000001822,0.9999999999999847
10776,107.76000000001822,0.9999999999999847
10777,107.77000000001823,0.9999999999999847
10778,107.78000000001823,0.9999999999999848
10779,107.79000000001824,0.9999999999999848
10780,107.80000000001824,0.9999999999999848
10781,107.81000000001825,0.9999999999999849
10782,107.82000000001825,0.9999999999999849
10783,107.83000000001826,0.9999999999999849
10784,107.84000000001826,0.999999999999985
10785,107.85000000001827,0.999999999999985
10786,107.86000000001827,0.999999999999985
10787,107.87000000001828,0.9999999999999851
10788,107.88000000001828,0.9999999999999851
10789,107.89000000001829,0.9999999999999851
10790,107.9000000000183,0.9999999999999852
10791,107.9100000000183,0.9999999999999852
10792,107.9200000000183,0.9999999999999852
10793,107.93000000001831,0.9999999999999853
10794,107.94000000001832,0.9999999999999853
10795,107.95000000001832,0.9999999999999853
10796,107.96000000001833,0.9999999999999855
10797,107.97000000001833,0.9999999999999855
10798,107.98000000001834,0.9999999999999855
10799,107.99000000001834,0.9999999999999856
10800,108.00000000001835,0.9999999999999856
10801,108.01000000001835,0.9999999999999856
10802,108.02000000001836,0.9999999999999857
10803,108.03000000001836,0.9999999999999857
10804,108.04000000001837,0.9999999999999857
10805,108.05000000001837,0.9999999999999858
10806,108.06000000001838,0.9999999999999858
10807,108.07000000001838,0.9999999999999858
10808,108.08000000001839,0.9999999999999858
10809,108.09000000001839,0.9999999999999859
10810,108.1000000000184,0.9999999999999859
10811,108.1100000000184,0.9999999999999859
10812,108.12000000001841,0.999999999999986
10813,108.13000000001841,0.999999999999986
10814,108.14000000001842,0.999999999999986
10815,108.15000000001842,0.9999999999999861
10816,108.16000000001843,0.9999999999999861
10817,108.17000000001843,0.9999999999999861
10818,108.18000000001844,0.9999999999999862
10819,108.19000000001844,0.9999999999999862
10820,108.20000000001845,0.9999999999999862
10821,108.21000000001845,0.9999999999999862
10822,108.22000000001846,0.9999999999999863
10823,108.23000000001846,0.9999999999999863
10824,108.24000000001847,0.9999999999999863
10825,108.25000000001847,0.9999999999999865
10826,108.26000000001848,0.9999999999999865
10827,108.27000000001848,0.9999999999999865
10828,108.28000000001849,0.9999999999999866
10829,108.2900000000185,0.9999999999999866
10830,108.3000000000185,0.9999999999999866
10831,108.3100000000185,0.9999999999999867
10832,108.32000000001851,0.9999999999999867
10833,108.33000000001852,0.9999999999999867
10834,108.34000000001852,0.9999999999999867
10835,108.35000000001853,0.9999999999999868
10836,108.36000000001853,0.9999999999999868
10837,108.37000000001854,0.9999999999999868
10838,108.38000000001854,0.9999999999999869
10839,108.39000000001855,0.9999999999999869
10840,108.40000000001855,0.9999999999999869
10841,108.41000000001856,0.9999999999999869
10842,108.42000000001856,0.999999999999987
10843,108.43000000001857,0.999999999999987
10844,108.44000000001857,0.999999999999987
10845,108.45000000001858,0.9999999999999871
10846,108.46000000001858,0.9999999999999871
10847,108.47000000001859,0.9999999999999871
10848,108.48000000001859,0.9999999999999871
10849,108.4900000000186,0.9999999999999872
10850,108.5000000000186,0.9999999999999872
10851,108.51000000001861,0.9999999999999872
10852,108.52000000001861,0.9999999999999873
10853,108.53000000001862,0.9999999999999873
10854,108.54000000001862,0.9999999999999873
10855,108.55000000001863,0.9999999999999873
10856,108.56000000001863,0.9999999999999875
10857,108.57000000001864,0.9999999999999875
10858,108.58000000001864,0.9999999999999875
10859,108.59000000001865,0.9999999999999876
10860,108.60000000001865,0.9999999999999876
10861,108.61000000001866,0.9999999999999876
10862,108.62000000001866,0.9999999999999876
10863,108.63000000001867,0.9999999999999877
10864,108.64000000001867,0.9999999999999877
10865,108.65000000001868,0.9999999999999877
10866,108.66000000001868,0.9999999999999877
10867,108.67000000001869,0.9999999999999878
10868,108.6800000000187,0.9999999999999878
10869,108.6900000000187,0.9999999999999878
10870,108.7000000000187,0.9999999999999879
10871,108.71000000001871,0.9999999999999879
10872,108.72000000001871,0.9999999999999879
10873,108.73000000001872,0.9999999999999879
10874,108.74000000001872,0.999999999999988
10875,108.75000000001873,0.999999999999988
10876,108.76000000001874,0.999999999999988
10877,108.77000000001874,0.999999999999988
10878,108.78000000001875,0.9999999999999881
10879,108.79000000001875,0.9999999999999881
10880,108.80000000001876,0.9999999999999881
10881,108.81000000001876,0.9999999999999882
10882,108.82000000001877,0.9999999999999882
10883,108.83000000001877,0.9999999999999882
10884,108.84000000001878,0.9999999999999882
10885,108.85000000001878,0.9999999999999883
10886,108.86000000001879,0.9999999999999883
10887,108.87000000001879,0.9999999999999883
10888,108.8800000000188,0.9999999999999883
10889,108.8900000000188,0.9999999999999885
10890,108.9000000000188,0.9999999999999885
10891,108.91000000001881,0.9999999999999885
10892,108.92000000001882,0.9999999999999885
10893,108.93000000001882,0.9999999999999886
10894,108.94000000001883,0.9999999999999886
10895,108.95000000001883,0.9999999999999886
10896,108.96000000001884,0.9999999999999886
10897,108.97000000001884,0.9999999999999887
10898,108.98000000001885,0.9999999999999887
10899,108.99000000001885,0.9999999999999887
10900,109.00000000001886,0.9999999999999887
10901,109.01000000001886,0.9999999999999888
10902,109.02000000001887,0.9999999999999888
10903,109.03000000001887,0.9999999999999888
10904,109.04000000001888,0.9999999999999888
10905,109.05000000001888,0.9999999999999889
10906,109.06000000001889,0.9999999999999889
10907,109.0700000000189,0.9999999999999889
10908,109.0800000000189,0.9999999999999889
10909,109.0900000000189,0.999999999999989
10910,109.10000000001891,0.999999999999989
10911,109.11000000001891,0.999999999999989
10912,109.12000000001892,0.999999999999989
10913,109.13000000001892,0.9999999999999891
10914,109.14000000001893,0.9999999999999891
10915,109.15000000001893,0.9999999999999891
10916,109.16000000001894,0.9999999999999891
10917,109.17000000001894,0.9999999999999892
10918,109.18000000001895,0.9999999999999892
10919,109.19000000001896,0.9999999999999892
10920,109.20000000001896,0.9999999999999892
10921,109.21000000001897,0.9999999999999893
10922,109.22000000001897,0.9999999999999893
10923,109.23000000001898,0.9999999999999893
10924,109.24000000001898,0.9999999999999893
10925,109.25000000001899,0.9999999999999893
10926,109.26000000001899,0.9999999999999895
10927,109.270000000019,0.9999999999999895
10928,109.280000000019,0.9999999999999895
10929,109.290000000019,0.9999999999999895
10930,109.30000000001901,0.9999999999999896
10931,109.31000000001902,0.9999999999999896
10932,109.32000000001902,0.9999999999999896
10933,109.33000000001903,0.9999999999999896
10934,109.34000000001903,0.9999999999999897
10935,109.35000000001904,0.9999999999999897
10936,109.36000000001904,0.9999999999999897
10937,109.37000000001905,0.9999999999999897
10938,109.38000000001905,0.9999999999999897
10939,109.39000000001906,0.9999999999999898
10940,109.40000000001906,0.9999999999999898
10941,109.41000000001907,0.9999999999999898
10942,109.42000000001907,0.9999999999999898
10943,109.43000000001908,0.9999999999999899
10944,109.44000000001908,0.9999999999999899
10945,109.45000000001909,0.9999999999999899
10946,109.4600000000191,0.9999999999999899
10947,109.4700000000191,0.9999999999999899
10948,109.4800000000191,0.99999999999999
10949,109.49000000001911,0.99999999999999
10950,109.50000000001911,0.99999999999999
10951,109.51000000001912,0.99999999999999
10952,109.52000000001912,0.9999999999999901
10953,109.53000000001913,0.9999999999999901
10954,109.54000000001913,0.9999999999999901
10955,109.55000000001914,0.9999999999999901
10956,109.56000000001914,0.9999999999999901
10957,109.57000000001915,0.9999999999999902
10958,109.58000000001915,0.9999999999999902
10959,109.59000000001916,0.9999999999999902
10960,109.60000000001916,0.9999999999999902
10961,109.61000000001917,0.9999999999999903
10962,109.62000000001917,0.9999999999999903
10963,109.63000000001918,0.9999999999999903
10964,109.64000000001919,0.9999999999999903
10965,109.65000000001919,0.9999999999999903
10966,109.6600000000192,0.9999999999999905
10967,109.6700000000192,0.9999999999999905
10968,109.6800000000192,0.9999999999999905
10969,109.69000000001921,0.9999999999999905
10970,109.70000000001922,0.9999999999999905
10971,109.71000000001922,0.9999999999999906
10972,109.72000000001923,0.9999999999999906
10973,109.73000000001923,0.9999999999999906
10974,109.74000000001924,0.9999999999999906
10975,109.75000000001924,0.9999999999999907
10976,109.76000000001925,0.9999999999999907
10977,109.77000000001925,0.9999999999999907
10978,109.78000000001926,0.9999999999999907
10979,109.79000000001926,0.9999999999999907
10980,109.80000000001927,0.9999999999999908
10981,109.81000000001927,0.9999999999999908
10982,109.82000000001928,0.9999999999999908
10983,109.83000000001928,0.9999999999999908
10984,109.84000000001929,0.9999999999999908
10985,109.85000000001929,0.9999999999999909
10986,109.8600000000193,0.9999999999999909
10987,109.8700000000193,0.9999999999999909
10988,109.88000000001931,0.9999999999999909
10989,109.89000000001931,0.9999999999999909
10990,109.90000000001932,0.999999999999991
10991,109.91000000001932,0.999999999999991
10992,109.92000000001933,0.999999999999991
10993,109.93000000001933,0.999999999999991
10994,109.94000000001934,0.999999999999991
10995,109.95000000001934,0.9999999999999911
10996,109.96000000001935,0.9999999999999911
10997,109.97000000001935,0.9999999999999911
10998,109.98000000001936,0.9999999999999911
10999,109.99000000001936,0.9999999999999911
11000,110.00000000001937,0.9999999999999912
11001,110.01000000001937,0.9999999999999912
11002,110.02000000001938,0.9999999999999912
11003,110.03000000001938,0.9999999999999912
11004,110.04000000001939,0.9999999999999912
11005,110.0500000000194,0.9999999999999913
11006,110.0600000000194,0.9999999999999913
11007,110.0700000000194,0.9999999999999913
11008,110.08000000001941,0.9999999999999913
11009,110.09000000001942,0.9999999999999913
11010,110.10000000001942,0.9999999999999913
11011,110.11000000001943,0.9999999999999915
11012,110.12000000001943,0.9999999999999915
11013,110.13000000001944,0.9999999999999915
11014,110.14000000001944,0.9999999999999915
11015,110.15000000001945,0.9999999999999915
11016,110.16000000001945,0.9999999999999916
11017,110.17000000001946,0.9999999999999916
11018,110.18000000001946,0.9999999999999916
11019,110.19000000001947,0.9999999999999916
11020,110.20000000001947,0.9999999999999916
11021,110.21000000001948,0.9999999999999917
11022,110.22000000001948,0.9999999999999917
11023,110.23000000001949,0.9999999999999917
11024,110.24000000001949,0.9999999999999917
11025,110.2500000000195,0.9999999999999917
11026,110.2600000000195,0.9999999999999917
11027,110.27000000001951,0.9999999999999918
11028,110.28000000001951,0.9999999999999918
11029,110.29000000001952,0.9999999999999918
11030,110.30000000001952,0.9999999999999918
11031,110.31000000001953,0.9999999999999918
11032,110.32000000001953,0.9999999999999919
11033,110.33000000001954,0.9999999999999919
11034,110.34000000001954,0.9999999999999919
11035,110.35000000001955,0.9999999999999919
11036,110.36000000001955,0.9999999999999919
11037,110.37000000001956,0.9999999999999919
11038,110.38000000001956,0.999999999999992
11039,110.39000000001957,0.999999999999992
11040,110.40000000001957,0.999999999999992
11041,110.41000000001958,0.999999999999992
11042,110.42000000001958,0.999999999999992
11043,110.43000000001959,0.9999999999999921
11044,110.4400000000196,0.9999999999999921
11045,110.4500000000196,0.9999999999999921
11046,110.4600000000196,0.9999999999999921
11047,110.47000000001961,0.9999999999999921
11048,110.48000000001961,0.9999999999999921
11049,110.49000000001962,0.9999999999999922
11050,110.50000000001963,0.9999999999999922
11051,110.51000000001963,0.9999999999999922
11052,110.52000000001964,0.9999999999999922
11053,110.53000000001964,0.9999999999999922
11054,110.54000000001965,0.9999999999999922
11055,110.55000000001965,0.9999999999999923
11056,110.56000000001966,0.9999999999999923
11057,110.57000000001966,0.9999999999999923
11058,110.58000000001967,0.9999999999999923
11059,110.59000000001967,0.9999999999999923
11060,110.60000000001968,0.9999999999999923
11061,110.61000000001968,0.9999999999999925
11062,110.62000000001969,0.9999999999999925
11063,110.63000000001969,0.9999999999999925
11064,110.6400000000197,0.9999999999999925
11065,110.6500000000197,0.9999999999999925
11066,110.6600000000197,0.9999999999999925
11067,110.67000000001971,0.9999999999999926
11068,110.68000000001972,0.9999999999999926
11069,110.69000000001972,0.9999999999999926
11070,110.70000000001973,0.9999999999999926
11071,110.71000000001973,0.9999999999999926
11072,110.72000000001974,0.9999999999999926
11073,110.73000000001974,0.9999999999999927
11074,110.74000000001975,0.9999999999999927
11075,110.75000000001975,0.9999999999999927
11076,110.76000000001976,0.9999999999999927
11077,110.77000000001976,0.9999999999999927
11078,110.78000000001977,0.9999999999999927
11079,110.79000000001977,0.9999999999999928
11080,110.80000000001978,0.9999999999999928
11081,110.81000000001978,0.9999999999999928
11082,110.82000000001979,0.9999999999999928
11083,110.8300000000198,0.9999999999999928
11084,110.8400000000198,0.9999999999999928
11085,110.8500000000198,0.9999999999999929
11086,110.86000000001981,0.9999999999999929
11087,110.87000000001981,0.9999999999999929
11088,110.88000000001982,0.9999999999999929
11089,110.89000000001982,0.9999999999999929
11090,110.90000000001983,0.9999999999999929
11091,110.91000000001983,0.9999999999999929
11092,110.92000000001984,0.999999999999993
11093,110.93000000001985,0.999999999999993
11094,110.94000000001985,0.999999999999993
11095,110.95000000001986,0.999999999999993
11096,110.96000000001986,0.999999999999993
11097,110.97000000001987,0.999999999999993
11098,110.98000000001987,0.9999999999999931
11099,110.99000000001988,0.9999999999999931
11100,111.00000000001988,0.9999999999999931
11101,111.01000000001989,0.9999999999999931
11102,111.02000000001989,0.9999999999999931
11103,111.0300000000199,0.9999999999999931
11104,111.0400000000199,0.9999999999999931
11105,111.0500000000199,0.9999999999999932
11106,111.06000000001991,0.9999999999999932
11107,111.07000000001992,0.9999999999999932
11108,111.08000000001992,0.9999999999999932
11109,111.09000000001993,0.9999999999999932
11110,111.10000000001993,0.9999999999999932
11111,111.11000000001994,0.9999999999999932
11112,111.12000000001994,0.9999999999999933
11113,111.13000000001995,0.9999999999999933
11114,111.14000000001995,0.9999999999999933
11115,111.15000000001996,0.9999999999999933
11116,111.16000000001996,0.9999999999999933
11117,111.17000000001997,0.9999999999999933
11118,111.18000000001997,0.9999999999999934
11119,111.19000000001998,0.9999999999999934
11120,111.20000000001998,0.9999999999999934
11121,111.21000000001999,0.9999999999999934
11122,111.22000000002,0.9999999999999934
11123,111.23000000002,0.9999999999999934
11124,111.24000000002,0.9999999999999934
11125,111.25000000002001,0.9999999999999936
11126,111.26000000002001,0.9999999999999936
11127,111.27000000002002,0.9999999999999936
11128,111.28000000002002,0.9999999999999936
11129,111.29000000002003,0.9999999999999936
11130,111.30000000002003,0.9999999999999936
11131,111.31000000002004,0.9999999999999936
11132,111.32000000002004,0.9999999999999937
11133,111.33000000002005,0.9999999999999937
11134,111.34000000002005,0.9999999999999937
11135,111.35000000002006,0.9999999999999937
11136,111.36000000002007,0.9999999999999937
11137,111.37000000002007,0.9999999999999937
11138,111.38000000002008,0.9999999999999937
11139,111.39000000002008,0.9999999999999937
11140,111.40000000002009,0.9999999999999938
11141,111.41000000002009,0.9999999999999938
11142,111.4200000000201,0.9999999999999938
11143,111.4300000000201,0.9999999999999938
11144,111.4400000000201,0.9999999999999938
11145,111.45000000002011,0.9999999999999938
11146,111.46000000002012,0.9999999999999938
11147,111.47000000002012,0.9999999999999939
11148,111.48000000002013,0.9999999999999939
11149,111.49000000002013,0.9999999999999939
11150,111.50000000002014,0.9999999999999939
11151,111.51000000002014,0.9999999999999939
11152,111.52000000002015,0.9999999999999939
11153,111.53000000002015,0.9999999999999939
11154,111.54000000002016,0.999999999999994
11155,111.55000000002016,0.999999999999994
11156,111.56000000002017,0.999999999999994
11157,111.57000000002017,0.999999999999994
11158,111.58000000002018,0.999999999999994
11159,111.59000000002018,0.999999999999994
11160,111.60000000002019,0.999999999999994
11161,111.6100000000202,0.999999999999994
11162,111.6200000000202,0.9999999999999941
11163,111.6300000000202,0.9999999999999941
11164,111.64000000002021,0.9999999999999941
11165,111.65000000002021,0.9999999999999941
11166,111.66000000002022,0.9999999999999941
11167,111.67000000002022,0.9999999999999941
11168,111.68000000002023,0.9999999999999941
11169,111.69000000002023,0.9999999999999941
11170,111.70000000002024,0.9999999999999942
11171,111.71000000002024,0.9999999999999942
11172,111.72000000002025,0.9999999999999942
11173,111.73000000002025,0.9999999999999942
11174,111.74000000002026,0.9999999999999942
11175,111.75000000002026,0.9999999999999942
11176,111.76000000002027,0.9999999999999942
11177,111.77000000002027,0.9999999999999943
11178,111.78000000002028,0.9999999999999943
11179,111.79000000002029,0.9999999999999943
11180,111.80000000002029,0.9999999999999943
11181,111.8100000000203,0.9999999999999943
11182,111.8200000000203,0.9999999999999943
11183,111.8300000000203,0.9999999999999943
11184,111.84000000002031,0.9999999999999943
11185,111.85000000002032,0.9999999999999944
11186,111.86000000002032,0.9999999999999944
11187,111.87000000002033,0.9999999999999944
11188,111.88000000002033,0.9999999999999944
11189,111.89000000002034,0.9999999999999944
11190,111.90000000002034,0.9999999999999944
11191,111.91000000002035,0.9999999999999944
11192,111.92000000002035,0.9999999999999944
11193,111.93000000002036,0.9999999999999944
11194,111.94000000002036,0.9999999999999946
11195,111.95000000002037,0.9999999999999946
11196,111.96000000002037,0.9999999999999946
11197,111.97000000002038,0.9999999999999946
11198,111.98000000002038,0.9999999999999946
11199,111.99000000002039,0.9999999999999946
11200,112.00000000002039,0.9999999999999946
11201,112.0100000000204,0.9999999999999946
11202,112.0200000000204,0.9999999999999947
11203,112.03000000002041,0.9999999999999947
11204,112.04000000002041,0.9999999999999947
11205,112.05000000002042,0.9999999999999947
11206,112.06000000002042,0.9999999999999947
11207,112.07000000002043,0.9999999999999947
11208,112.08000000002043,0.9999999999999947
11209,112.09000000002044,0.9999999999999947
11210,112.10000000002044,0.9999999999999947
11211,112.11000000002045,0.9999999999999948
11212,112.12000000002045,0.9999999999999948
11213,112.13000000002046,0.9999999999999948
11214,112.14000000002046,0.9999999999999948
11215,112.15000000002047,0.9999999999999948
11216,112.16000000002047,0.9999999999999948
11217,112.17000000002048,0.9999999999999948
11218,112.18000000002048,0.9999999999999948
11219,112.19000000002049,0.9999999999999949
11220,112.2000000000205,0.9999999999999949
11221,112.2100000000205,0.9999999999999949
11222,112.2200000000205,0.9999999999999949
11223,112.23000000002051,0.9999999999999949
11224,112.24000000002052,0.9999999999999949
11225,112.25000000002052,0.9999999999999949
11226,112.26000000002053,0.9999999999999949
11227,112.27000000002053,0.9999999999999949
11228,112.28000000002054,0.999999999999995
11229,112.29000000002054,0.999999999999995
11230,112.30000000002055,0.999999999999995
11231,112.31000000002055,0.999999999999995
11232,112.32000000002056,0.999999999999995
11233,112.33000000002056,0.999999999999995
11234,112.34000000002057,0.999999999999995
11235,112.35000000002057,0.999999999999995
11236,112.36000000002058,0.999999999999995
11237,112.37000000002058,0.9999999999999951
11238,112.38000000002059,0.9999999999999951
11239,112.39000000002059,0.9999999999999951
11240,112.4000000000206,0.9999999999999951
11241,112.4100000000206,0.9999999999999951
11242,112.42000000002061,0.9999999999999951
11243,112.43000000002061,0.9999999999999951
11244,112.44000000002062,0.9999999999999951
11245,112.45000000002062,0.9999999999999951
11246,112.46000000002063,0.9999999999999951
11247,112.47000000002063,0.9999999999999952
11248,112.48000000002064,0.9999999999999952
11249,112.49000000002064,0.9999999999999952
11250,112.50000000002065,0.9999999999999952
11251,112.51000000002065,0.9999999999999952
11252,112.52000000002066,0.9999999999999952
11253,112.53000000002066,0.9999999999999952
11254,112.54000000002067,0.9999999999999952
11255,112.55000000002067,0.9999999999999952
11256,112.56000000002068,0.9999999999999953
11257,112.57000000002068,0.9999999999999953
11258,112.58000000002069,0.9999999999999953
11259,112.5900000000207,0.9999999999999953
11260,112.6000000000207,0.9999999999999953
11261,112.6100000000207,0.9999999999999953
11262,112.62000000002071,0.9999999999999953
11263,112.63000000002071,0.9999999999999953
11264,112.64000000002072,0.9999999999999953
11265,112.65000000002073,0.9999999999999953
11266,112.66000000002073,0.9999999999999954
11267,112.67000000002074,0.9999999999999954
11268,112.68000000002074,0.9999999999999954
11269,112.69000000002075,0.9999999999999954
11270,112.70000000002075,0.9999999999999954
11271,112.71000000002076,0.9999999999999954
11272,112.72000000002076,0.9999999999999954
11273,112.73000000002077,0.9999999999999954
11274,112.74000000002077,0.9999999999999954
11275,112.75000000002078,0.9999999999999954
11276,112.76000000002078,0.9999999999999956
11277,112.77000000002079,0.9999999999999956
11278,112.78000000002079,0.9999999999999956
11279,112.7900000000208,0.9999999999999956
11280,112.8000000000208,0.9999999999999956
11281,112.8100000000208,0.9999999999999956
11282,112.82000000002081,0.9999999999999956
11283,112.83000000002082,0.9999999999999956
11284,112.84000000002082,0.9999999999999956
11285,112.85000000002083,0.9999999999999956
11286,112.86000000002083,0.9999999999999957
11287,112.87000000002084,0.9999999999999957
11288,112.88000000002084,0.9999999999999957
11289,112.89000000002085,0.9999999999999957
11290,112.90000000002085,0.9999999999999957
11291,112.91000000002086,0.9999999999999957
11292,112.92000000002086,0.9999999999999957
11293,112.93000000002087,0.9999999999999957
11294,112.94000000002087,0.9999999999999957
11295,112.95000000002088,0.9999999999999957
11296,112.96000000002088,0.9999999999999957
11297,112.97000000002089,0.9999999999999958
11298,112.9800000000209,0.9999999999999958
11299,112.9900000000209,0.9999999999999958
11300,113.0000000000209,0.9999999999999958
11301,113.01000000002091,0.9999999999999958
11302,113.02000000002091,0.9999999999999958
11303,113.03000000002092,0.9999999999999958
11304,113.04000000002092,0.9999999999999958
11305,113.05000000002093,0.9999999999999958
11306,113.06000000002093,0.9999999999999958
11307,113.07000000002094,0.9999999999999958
11308,113.08000000002095,0.9999999999999959
11309,113.09000000002095,0.9999999999999959
11310,113.10000000002096,0.9999999999999959
11311,113.11000000002096,0.9999999999999959
11312,113.12000000002097,0.9999999999999959
11313,113.13000000002097,0.9999999999999959
11314,113.14000000002098,0.9999999999999959
11315,113.15000000002098,0.9999999999999959
11316,113.16000000002099,0.9999999999999959
11317,113.17000000002099,0.9999999999999959
11318,113.180000000021,0.9999999999999959
11319,113.190000000021,0.999999999999996
11320,113.200000000021,0.999999999999996
11321,113.21000000002101,0.999999999999996
11322,113.22000000002102,0.999999999999996
11323,113.23000000002102,0.999999999999996
11324,113.24000000002103,0.999999999999996
11325,113.25000000002103,0.999999999999996
11326,113.26000000002104,0.999999999999996
11327,113.27000000002104,0.999999999999996
11328,113.28000000002105,0.999999999999996
11329,113.29000000002105,0.999999999999996
11330,113.30000000002106,0.9999999999999961
11331,113.31000000002106,0.9999999999999961
11332,113.32000000002107,0.9999999999999961
11333,113.33000000002107,0.9999999999999961
11334,113.34000000002108,0.9999999999999961
11335,113.35000000002108,0.9999999999999961
11336,113.36000000002109,0.9999999999999961
11337,113.3700000000211,0.9999999999999961
11338,113.3800000000211,0.9999999999999961
11339,113.3900000000211,0.9999999999999961
11340,113.40000000002111,0.9999999999999961
11341,113.41000000002111,0.9999999999999961
11342,113.42000000002112,0.9999999999999962
11343,113.43000000002112,0.9999999999999962
11344,113.44000000002113,0.9999999999999962
11345,113.45000000002113,0.9999999999999962
11346,113.46000000002114,0.9999999999999962
11347,113.47000000002114,0.9999999999999962
11348,113.48000000002115,0.9999999999999962
11349,113.49000000002115,0.9999999999999962
11350,113.50000000002116,0.9999999999999962
11351,113.51000000002117,0.9999999999999962
11352,113.52000000002117,0.9999999999999962
11353,113.53000000002118,0.9999999999999962
11354,113.54000000002118,0.9999999999999963
11355,113.55000000002119,0.9999999999999963
11356,113.56000000002119,0.9999999999999963
11357,113.5700000000212,0.9999999999999963
11358,113.5800000000212,0.9999999999999963
11359,113.5900000000212,0.9999999999999963
11360,113.60000000002121,0.9999999999999963
11361,113.61000000002122,0.9999999999999963
11362,113.62000000002122,0.9999999999999963
11363,113.63000000002123,0.9999999999999963
11364,113.64000000002123,0.9999999999999963
11365,113.65000000002124,0.9999999999999963
11366,113.66000000002124,0.9999999999999963
11367,113.67000000002125,0.9999999999999964
11368,113.68000000002125,0.9999999999999964
11369,113.69000000002126,0.9999999999999964
11370,113.70000000002126,0.9999999999999964
11371,113.71000000002127,0.9999999999999964
11372,113.72000000002127,0.9999999999999964
11373,113.73000000002128,0.9999999999999964
11374,113.74000000002128,0.9999999999999964
11375,113.75000000002129,0.9999999999999964
11376,113.7600000000213,0.9999999999999964
11377,113.7700000000213,0.9999999999999964
11378,113.7800000000213,0.9999999999999964
11379,113.79000000002131,0.9999999999999966
11380,113.80000000002131,0.9999999999999966
11381,113.81000000002132,0.9999999999999966
11382,113.82000000002132,0.9999999999999966
11383,113.83000000002133,0.9999999999999966
11384,113.84000000002133,0.9999999999999966
11385,113.85000000002134,0.9999999999999966
11386,113.86000000002134,0.9999999999999966
11387,113.87000000002135,0.9999999999999966
11388,113.88000000002135,0.9999999999999966
11389,113.89000000002136,0.9999999999999966
11390,113.90000000002136,0.9999999999999966
11391,113.91000000002137,0.9999999999999966
11392,113.92000000002137,0.9999999999999966
11393,113.93000000002138,0.9999999999999967
11394,113.94000000002139,0.9999999999999967
11395,113.95000000002139,0.9999999999999967
11396,113.9600000000214,0.9999999999999967
11397,113.9700000000214,0.9999999999999967
11398,113.9800000000214,0.9999999999999967
11399,113.99000000002141,0.9999999999999967
11400,114.00000000002142,0.9999999999999967
11401,114.01000000002142,0.9999999999999967
11402,114.02000000002143,0.9999999999999967
11403,114.03000000002143,0.9999999999999967
11404,114.04000000002144,0.9999999999999967
11405,114.05000000002144,0.9999999999999967
11406,114.06000000002145,0.9999999999999968
11407,114.07000000002145,0.9999999999999968
11408,114.08000000002146,0.9999999999999968
11409,114.09000000002146,0.9999999999999968
11410,114.10000000002147,0.9999999999999968
11411,114.11000000002147,0.9999999999999968
11412,114.12000000002148,0.9999999999999968
11413,114.13000000002148,0.9999999999999968
11414,114.14000000002149,0.9999999999999968
11415,114.15000000002149,0.9999999999999968
11416,114.1600000000215,0.9999999999999968
11417,114.1700000000215,0.9999999999999968
11418,114.18000000002151,0.9999999999999968
11419,114.19000000002151,0.9999999999999968
11420,114.20000000002152,0.9999999999999968
11421,114.21000000002152,0.9999999999999969
11422,114.22000000002153,0.9999999999999969
11423,114.23000000002153,0.9999999999999969
11424,114.24000000002154,0.9999999999999969
11425,114.25000000002154,0.9999999999999969
11426,114.26000000002155,0.9999999999999969
11427,114.27000000002155,0.9999999999999969
11428,114.28000000002156,0.9999999999999969
11429,114.29000000002156,0.9999999999999969
11430,114.30000000002157,0.9999999999999969
11431,114.31000000002157,0.9999999999999969
11432,114.32000000002158,0.9999999999999969
11433,114.33000000002158,0.9999999999999969
11434,114.34000000002159,0.9999999999999969
11435,114.3500000000216,0.999999999999997
11436,114.3600000000216,0.999999999999997
11437,114.3700000000216,0.999999999999997
11438,114.38000000002161,0.999999999999997
11439,114.39000000002162,0.999999999999997
11440,114.40000000002162,0.999999999999997
11441,114.41000000002163,0.999999999999997
11442,114.42000000002163,0.999999999999997
11443,114.43000000002164,0.999999999999997
11444,114.44000000002164,0.999999999999997
11445,114.45000000002165,0.999999999999997
11446,114.46000000002165,0.999999999999997
11447,114.47000000002166,0.999999999999997
11448,114.48000000002166,0.999999999999997
11449,114.49000000002167,0.999999999999997
11450,114.50000000002167,0.999999999999997
11451,114.51000000002168,0.9999999999999971
11452,114.52000000002168,0.9999999999999971
11453,114.53000000002169,0.9999999999999971
11454,114.54000000002169,0.9999999999999971
11455,114.5500000000217,0.9999999999999971
11456,114.5600000000217,0.9999999999999971
11457,114.57000000002171,0.9999999999999971
11458,114.58000000002171,0.9999999999999971
11459,114.59000000002172,0.9999999999999971
11460,114.60000000002172,0.9999999999999971
11461,114.61000000002173,0.9999999999999971
11462,114.62000000002173,0.9999999999999971
11463,114.63000000002174,0.9999999999999971
11464,114.64000000002174,0.9999999999999971
11465,114.65000000002175,0.9999999999999971
11466,114.66000000002175,0.9999999999999971
11467,114.67000000002176,0.9999999999999972
11468,114.68000000002176,0.9999999999999972
11469,114.69000000002177,0.9999999999999972
11470,114.70000000002177,0.9999999999999972
11471,114.71000000002178,0.9999999999999972
11472,114.72000000002178,0.9999999999999972
11473,114.73000000002179,0.9999999999999972
11474,114.7400000000218,0.9999999999999972
11475,114.7500000000218,0.9999999999999972
11476,114.7600000000218,0.9999999999999972
11477,114.77000000002181,0.9999999999999972
11478,114.78000000002181,0.9999999999999972
11479,114.79000000002182,0.9999999999999972
11480,114.80000000002183,0.9999999999999972
11481,114.81000000002183,0.9999999999999972
11482,114.82000000002184,0.9999999999999972
11483,114.83000000002184,0.9999999999999973
11484,114.84000000002185,0.9999999999999973
11485,114.85000000002185,0.9999999999999973
11486,114.86000000002186,0.9999999999999973
11487,114.87000000002186,0.9999999999999973
11488,114.88000000002187,0.9999999999999973
11489,114.89000000002187,0.9999999999999973
11490,114.90000000002188,0.9999999999999973
11491,114.91000000002188,0.9999999999999973
11492,114.92000000002189,0.9999999999999973
11493,114.93000000002189,0.9999999999999973
11494,114.9400000000219,0.9999999999999973
11495,114.9500000000219,0.9999999999999973
11496,114.9600000000219,0.9999999999999973
11497,114.97000000002191,0.9999999999999973
11498,114.98000000002192,0.9999999999999973
11499,114.99000000002192,0.9999999999999973
11500,115.00000000002193,0.9999999999999974
11501,115.01000000002193,0.9999999999999974
11502,115.02000000002194,0.9999999999999974
11503,115.03000000002194,0.9999999999999974
11504,115.04000000002195,0.9999999999999974
11505,115.05000000002195,0.9999999999999974
11506,115.06000000002196,0.9999999999999974
11507,115.07000000002196,0.9999999999999974
11508,115.08000000002197,0.9999999999999974
11509,115.09000000002197,0.9999999999999974
11510,115.10000000002198,0.9999999999999974
11511,115.11000000002198,0.9999999999999974
11512,115.12000000002199,0.9999999999999974
11513,115.130000000022,0.9999999999999974
11514,115.140000000022,0.9999999999999974
11515,115.150000000022,0.9999999999999974
11516,115.16000000002201,0.9999999999999974
11517,115.17000000002201,0.9999999999999974
11518,115.18000000002202,0.9999999999999976
11519,115.19000000002202,0.9999999999999976
11520,115.20000000002203,0.9999999999999976
11521,115.21000000002203,0.9999999999999976
11522,115.22000000002204,0.9999999999999976
11523,115.23000000002205,0.9999999999999976
11524,115.24000000002205,0.9999999999999976
11525,115.25000000002206,0.9999999999999976
11526,115.26000000002206,0.9999999999999976
11527,115.27000000002207,0.9999999999999976
11528,115.28000000002207,0.9999999999999976
11529,115.29000000002208,0.9999999999999976
11530,115.30000000002208,0.9999999999999976
11531,115.31000000002209,0.9999999999999976
11532,115.32000000002209,0.9999999999999976
11533,115.3300000000221,0.9999999999999976
11534,115.3400000000221,0.9999999999999976
11535,115.3500000000221,0.9999999999999976
11536,115.36000000002211,0.9999999999999976
11537,115.37000000002212,0.9999999999999977
11538,115.38000000002212,0.9999999999999977
11539,115.39000000002213,0.9999999999999977
11540,115.40000000002213,0.9999999999999977
11541,115.41000000002214,0.9999999999999977
11542,115.42000000002214,0.9999999999999977
11543,115.43000000002215,0.9999999999999977
11544,115.44000000002215,0.9999999999999977
11545,115.45000000002216,0.9999999999999977
11546,115.46000000002216,0.9999999999999977
11547,115.47000000002217,0.9999999999999977
11548,115.48000000002217,0.9999999999999977
11549,115.49000000002218,0.9999999999999977
11550,115.50000000002218,0.9999999999999977
11551,115.51000000002219,0.9999999999999977
11552,115.5200000000222,0.9999999999999977
11553,115.5300000000222,0.9999999999999977
11554,115.5400000000222,0.9999999999999977
11555,115.55000000002221,0.9999999999999977
11556,115.56000000002221,0.9999999999999977
11557,115.57000000002222,0.9999999999999978
11558,115.58000000002222,0.9999999999999978
11559,115.59000000002223,0.9999999999999978
11560,115.60000000002223,0.9999999999999978
11561,115.61000000002224,0.9999999999999978
11562,115.62000000002224,0.9999999999999978
11563,115.63000000002225,0.9999999999999978
11564,115.64000000002225,0.9999999999999978
11565,115.65000000002226,0.9999999999999978
11566,115.66000000002226,0.9999999999999978
11567,115.67000000002227,0.9999999999999978
11568,115.68000000002228,0.9999999999999978
11569,115.69000000002228,0.9999999999999978
11570,115.70000000002229,0.9999999999999978
11571,115.71000000002229,0.9999999999999978
11572,115.7200000000223,0.9999999999999978
11573,115.7300000000223,0.9999999999999978
11574,115.7400000000223,0.9999999999999978
11575,115.75000000002231,0.9999999999999978
11576,115.76000000002232,0.9999999999999978
11577,115.77000000002232,0.9999999999999978
11578,115.78000000002233,0.9999999999999979
11579,115.79000000002233,0.9999999999999979
11580,115.80000000002234,0.9999999999999979
11581,115.81000000002234,0.9999999999999979
11582,115.82000000002235,0.9999999999999979
11583,115.83000000002235,0.9999999999999979
11584,115.84000000002236,0.9999999999999979
11585,115.85000000002236,0.9999999999999979
11586,115.86000000002237,0.9999999999999979
11587,115.87000000002237,0.9999999999999979
11588,115.88000000002238,0.9999999999999979
11589,115.89000000002238,0.9999999999999979
11590,115.90000000002239,0.9999999999999979
11591,115.9100000000224,0.9999999999999979
11592,115.9200000000224,0.9999999999999979
11593,115.9300000000224,0.9999999999999979
11594,115.94000000002241,0.9999999999999979
11595,115.95000000002241,0.9999999999999979
11596,115.96000000002242,0.9999999999999979
11597,115.97000000002242,0.9999999999999979
11598,115.98000000002243,0.9999999999999979
11599,115.99000000002243,0.9999999999999979
11600,116.00000000002244,0.999999999999998
11601,116.01000000002244,0.999999999999998
11602,116.02000000002245,0.999999999999998
11603,116.03000000002245,0.999999999999998
11604,116.04000000002246,0.999999999999998
11605,116.05000000002246,0.999999999999998
11606,116.06000000002247,0.999999999999998
11607,116.07000000002247,0.999999999999998
11608,116.08000000002248,0.999999999999998
11609,116.09000000002248,0.999999999999998
11610,116.10000000002249,0.999999999999998
11611,116.1100000000225,0.999999999999998
11612,116.1200000000225,0.999999999999998
11613,116.1300000000225,0.999999999999998
11614,116.14000000002251,0.999999999999998
11615,116.15000000002252,0.999999999999998
11616,116.16000000002252,0.999999999999998
11617,116.17000000002253,0.999999999999998
11618,116.18000000002253,0.999999999999998
11619,116.19000000002254,0.999999999999998
11620,116.20000000002254,0.999999999999998
11621,116.21000000002255,0.999999999999998
11622,116.22000000002255,0.999999999999998
11623,116.23000000002256,0.9999999999999981
11624,116.24000000002256,0.9999999999999981
11625,116.25000000002257,0.9999999999999981
11626,116.26000000002257,0.9999999999999981
11627,116.27000000002258,0.9999999999999981
11628,116.28000000002258,0.9999999999999981
11629,116.29000000002259,0.9999999999999981
11630,116.30000000002259,0.9999999999999981
11631,116.3100000000226,0.9999999999999981
11632,116.3200000000226,0.9999999999999981
11633,116.33000000002261,0.9999999999999981
11634,116.34000000002261,0.9999999999999981
11635,116.35000000002262,0.9999999999999981
11636,116.36000000002262,0.9999999999999981
11637,116.37000000002263,0.9999999999999981
11638,116.38000000002263,0.9999999999999981
11639,116.39000000002264,0.9999999999999981
11640,116.40000000002264,0.9999999999999981
11641,116.41000000002265,0.9999999999999981
11642,116.42000000002265,0.9999999999999981
11643,116.43000000002266,0.9999999999999981
11644,116.44000000002266,0.9999999999999981
11645,116.45000000002267,0.9999999999999981
11646,116.46000000002267,0.9999999999999981
11647,116.47000000002268,0.9999999999999982
11648,116.48000000002268,0.9999999999999982
11649,116.49000000002269,0.9999999999999982
11650,116.5000000000227,0.9999999999999982
11651,116.5100000000227,0.9999999999999982
11652,116.5200000000227,0.9999999999999982
11653,116.53000000002271,0.9999999999999982
11654,116.54000000002272,0.9999999999999982
11655,116.55000000002272,0.9999999999999982
11656,116.56000000002273,0.9999999999999982
11657,116.57000000002273,0.9999999999999982
11658,116.58000000002274,0.9999999999999982
11659,116.59000000002274,0.9999999999999982
11660,116.60000000002275,0.9999999999999982
11661,116.61000000002275,0.9999999999999982
11662,116.62000000002276,0.9999999999999982
11663,116.63000000002276,0.9999999999999982
11664,116.64000000002277,0.9999999999999982
11665,116.65000000002277,0.9999999999999982
11666,116.66000000002278,0.9999999999999982
11667,116.67000000002278,0.9999999999999982
11668,116.68000000002279,0.9999999999999982
11669,116.69000000002279,0.9999999999999982
11670,116.7000000000228,0.9999999999999982
11671,116.7100000000228,0.9999999999999982
11672,116.72000000002281,0.9999999999999982
11673,116.73000000002281,0.9999999999999983
11674,116.74000000002282,0.9999999999999983
11675,116.75000000002282,0.9999999999999983
11676,116.76000000002283,0.9999999999999983
11677,116.77000000002283,0.9999999999999983
11678,116.78000000002284,0.9999999999999983
11679,116.79000000002284,0.9999999999999983
11680,116.80000000002285,0.9999999999999983
11681,116.81000000002285,0.9999999999999983
11682,116.82000000002286,0.9999999999999983
11683,116.83000000002286,0.9999999999999983
11684,116.84000000002287,0.9999999999999983
11685,116.85000000002287,0.9999999999999983
11686,116.86000000002288,0.9999999999999983
11687,116.87000000002288,0.9999999999999983
11688,116.88000000002289,0.9999999999999983
11689,116.8900000000229,0.9999999999999983
11690,116.9000000000229,0.9999999999999983
11691,116.9100000000229,0.9999999999999983
11692,116.92000000002291,0.9999999999999983
11693,116.93000000002291,0.9999999999999983
11694,116.94000000002292,0.9999999999999983
11695,116.95000000002292,0.9999999999999983
11696,116.96000000002293,0.9999999999999983
11697,116.97000000002294,0.9999999999999983
11698,116.98000000002294,0.9999999999999983
11699,116.99000000002295,0.9999999999999983
11700,117.00000000002295,0.9999999999999983
11701,117.01000000002296,0.9999999999999984
11702,117.02000000002296,0.9999999999999984
11703,117.03000000002297,0.9999999999999984
11704,117.04000000002297,0.9999999999999984
11705,117.05000000002298,0.9999999999999984
11706,117.06000000002298,0.9999999999999984
11707,117.07000000002299,0.9999999999999984
11708,117.08000000002299,0.9999999999999984
11709,117.090000000023,0.9999999999999984
11710,117.100000000023,0.9999999999999984
11711,117.110000000023,0.9999999999999984
11712,117.12000000002301,0.9999999999999984
11713,117.13000000002302,0.9999999999999984
11714,117.14000000002302,0.9999999999999984
11715,117.15000000002303,0.9999999999999984
11716,117.16000000002303,0.9999999999999984
11717,117.17000000002304,0.9999999999999984
11718,117.18000000002304,0.9999999999999984
11719,117.19000000002305,0.9999999999999984
11720,117.20000000002305,0.9999999999999984
11721,117.21000000002306,0.9999999999999984
11722,117.22000000002306,0.9999999999999984
11723,117.23000000002307,0.9999999999999984
11724,117.24000000002307,0.9999999999999984
11725,117.25000000002308,0.9999999999999984
11726,117.26000000002308,0.9999999999999984
11727,117.27000000002309,0.9999999999999984
11728,117.2800000000231,0.9999999999999984
11729,117.2900000000231,0.9999999999999984
11730,117.3000000000231,0.9999999999999984
11731,117.31000000002311,0.9999999999999986
11732,117.32000000002311,0.9999999999999986
11733,117.33000000002312,0.9999999999999986
11734,117.34000000002312,0.9999999999999986
11735,117.35000000002313,0.9999999999999986
11736,117.36000000002313,0.9999999999999986
11737,117.37000000002314,0.9999999999999986
11738,117.38000000002314,0.9999999999999986
11739,117.39000000002315,0.9999999999999986
11740,117.40000000002316,0.9999999999999986
11741,117.41000000002316,0.9999999999999986
11742,117.42000000002317,0.9999999999999986
11743,117.43000000002317,0.9999999999999986
11744,117.44000000002318,0.9999999999999986
11745,117.45000000002318,0.9999999999999986
11746,117.46000000002319,0.9999999999999986
11747,117.47000000002319,0.9999999999999986
11748,117.4800000000232,0.9999999999999986
11749,117.4900000000232,0.9999999999999986
11750,117.5000000000232,0.9999999999999986
11751,117.51000000002321,0.9999999999999986
11752,117.52000000002322,0.9999999999999986
11753,117.53000000002322,0.9999999999999986
11754,117.54000000002323,0.9999999999999986
11755,117.55000000002323,0.9999999999999986
11756,117.56000000002324,0.9999999999999986
11757,117.57000000002324,0.9999999999999986
11758,117.58000000002325,0.9999999999999986
11759,117.59000000002325,0.9999999999999986
11760,117.60000000002326,0.9999999999999986
11761,117.61000000002326,0.9999999999999986
11762,117.62000000002327,0.9999999999999986
11763,117.63000000002327,0.9999999999999987
11764,117.64000000002328,0.9999999999999987
11765,117.65000000002328,0.9999999999999987
11766,117.66000000002329,0.9999999999999987
11767,117.6700000000233,0.9999999999999987
11768,117.6800000000233,0.9999999999999987
11769,117.6900000000233,0.9999999999999987
11770,117.70000000002331,0.9999999999999987
11771,117.71000000002331,0.9999999999999987
11772,117.72000000002332,0.9999999999999987
11773,117.73000000002332,0.9999999999999987
11774,117.74000000002333,0.9999999999999987
11775,117.75000000002333,0.9999999999999987
11776,117.76000000002334,0.9999999999999987
11777,117.77000000002334,0.9999999999999987
11778,117.78000000002335,0.9999999999999987
11779,117.79000000002335,0.9999999999999987
11780,117.80000000002336,0.9999999999999987
11781,117.81000000002336,0.9999999999999987
11782,117.82000000002337,0.9999999999999987
11783,117.83000000002338,0.9999999999999987
11784,117.84000000002338,0.9999999999999987
11785,117.85000000002339,0.9999999999999987
11786,117.86000000002339,0.9999999999999987
11787,117.8700000000234,0.9999999999999987
11788,117.8800000000234,0.9999999999999987
11789,117.8900000000234,0.9999999999999987
11790,117.90000000002341,0.9999999999999987
11791,117.91000000002342,0.9999999999999987
11792,117.92000000002342,0.9999999999999987
11793,117.93000000002343,0.9999999999999987
11794,117.94000000002343,0.9999999999999987
11795,117.95000000002344,0.9999999999999987
11796,117.96000000002344,0.9999999999999987
11797,117.97000000002345,0.9999999999999988
11798,117.98000000002345,0.9999999999999988
11799,117.99000000002346,0.9999999999999988
11800,118.00000000002346,0.9999999999999988
11801,118.01000000002347,0.9999999999999988
11802,118.02000000002347,0.9999999999999988
11803,118.03000000002348,0.9999999999999988
11804,118.04000000002348,0.9999999999999988
11805,118.05000000002349,0.9999999999999988
11806,118.06000000002349,0.9999999999999988
11807,118.0700000000235,0.9999999999999988
11808,118.0800000000235,0.9999999999999988
11809,118.09000000002351,0.9999999999999988
11810,118.10000000002351,0.9999999999999988
11811,118.11000000002352,0.9999999999999988
11812,118.12000000002352,0.9999999999999988
11813,118.13000000002353,0.9999999999999988
11814,118.14000000002353,0.9999999999999988
11815,118.15000000002354,0.9999999999999988
11816,118.16000000002354,0.9999999999999988
11817,118.17000000002355,0.9999999999999988
11818,118.18000000002355,0.9999999999999988
11819,118.19000000002356,0.9999999999999988
11820,118.20000000002356,0.9999999999999988
11821,118.21000000002357,0.9999999999999988
11822,118.22000000002357,0.9999999999999988
11823,118.23000000002358,0.9999999999999988
11824,118.24000000002358,0.9999999999999988
11825,118.25000000002359,0.9999999999999988
11826,118.2600000000236,0.9999999999999988
11827,118.2700000000236,0.9999999999999988
11828,118.2800000000236,0.9999999999999988
11829,118.29000000002361,0.9999999999999988
11830,118.30000000002362,0.9999999999999988
11831,118.31000000002362,0.9999999999999988
11832,118.32000000002363,0.9999999999999988
11833,118.33000000002363,0.9999999999999988
11834,118.34000000002364,0.9999999999999988
11835,118.35000000002364,0.9999999999999989
11836,118.36000000002365,0.9999999999999989
11837,118.37000000002365,0.9999999999999989
11838,118.38000000002366,0.9999999999999989
11839,118.39000000002366,0.9999999999999989
11840,118.40000000002367,0.9999999999999989
11841,118.41000000002367,0.9999999999999989
11842,118.42000000002368,0.9999999999999989
11843,118.43000000002368,0.9999999999999989
11844,118.44000000002369,0.9999999999999989
11845,118.45000000002369,0.9999999999999989
11846,118.4600000000237,0.9999999999999989
11847,118.4700000000237,0.9999999999999989
11848,118.48000000002371,0.9999999999999989
11849,118.49000000002371,0.9999999999999989
11850,118.50000000002372,0.9999999999999989
11851,118.51000000002372,0.9999999999999989
11852,118.52000000002373,0.9999999999999989
11853,118.53000000002373,0.9999999999999989
11854,118.54000000002374,0.9999999999999989
11855,118.55000000002374,0.9999999999999989
11856,118.56000000002375,0.9999999999999989
11857,118.57000000002375,0.9999999999999989
11858,118.58000000002376,0.9999999999999989
11859,118.59000000002376,0.9999999999999989
11860,118.60000000002377,0.9999999999999989
11861,118.61000000002377,0.9999999999999989
11862,118.62000000002378,0.9999999999999989
11863,118.63000000002378,0.9999999999999989
11864,118.64000000002379,0.9999999999999989
11865,118.6500000000238,0.9999999999999989
11866,118.6600000000238,0.9999999999999989
11867,118.6700000000238,0.9999999999999989
11868,118.68000000002381,0.9999999999999989
11869,118.69000000002382,0.9999999999999989
11870,118.70000000002382,0.9999999999999989
11871,118.71000000002383,0.9999999999999989
11872,118.72000000002383,0.9999999999999989
11873,118.73000000002384,0.9999999999999989
11874,118.74000000002384,0.9999999999999989
11875,118.75000000002385,0.9999999999999989
11876,118.76000000002385,0.9999999999999989
11877,118.77000000002386,0.999999999999999
11878,118.78000000002386,0.999999999999999
11879,118.79000000002387,0.999999999999999
11880,118.80000000002387,0.999999999999999
11881,118.81000000002388,0.999999999999999
11882,118.82000000002388,0.999999999999999
11883,118.83000000002389,0.999999999999999
11884,118.84000000002389,0.999999999999999
11885,118.8500000000239,0.999999999999999
11886,118.8600000000239,0.999999999999999
11887,118.87000000002391,0.999999999999999
11888,118.88000000002391,0.999999999999999
11889,118.89000000002392,0.999999999999999
11890,118.90000000002392,0.999999999999999
11891,118.91000000002393,0.999999999999999
11892,118.92000000002393,0.999999999999999
11893,118.93000000002394,0.999999999999999
11894,118.94000000002394,0.999999999999999
11895,118.95000000002395,0.999999999999999
11896,118.96000000002395,0.999999999999999
11897,118.97000000002396,0.999999999999999
11898,118.98000000002396,0.999999999999999
11899,118.99000000002397,0.999999999999999
11900,119.00000000002397,0.999999999999999
11901,119.01000000002398,0.999999999999999
11902,119.02000000002398,0.999999999999999
11903,119.03000000002399,0.999999999999999
11904,119.040000000024,0.999999999999999
11905,119.050000000024,0.999999999999999
11906,119.060000000024,0.999999999999999
11907,119.07000000002401,0.999999999999999
11908,119.08000000002401,0.999999999999999
11909,119.09000000002402,0.999999999999999
11910,119.10000000002402,0.999999999999999
11911,119.11000000002403,0.999999999999999
11912,119.12000000002404,0.999999999999999
11913,119.13000000002404,0.999999999999999
11914,119.14000000002405,0.999999999999999
11915,119.15000000002405,0.999999999999999
11916,119.16000000002406,0.999999999999999
11917,119.17000000002406,0.999999999999999
11918,119.18000000002407,0.999999999999999
11919,119.19000000002407,0.999999999999999
11920,119.20000000002408,0.999999999999999
11921,119.21000000002408,0.999999999999999
11922,119.22000000002409,0.999999999999999
11923,119.23000000002409,0.999999999999999
11924,119.2400000000241,0.9999999999999991
11925,119.2500000000241,0.9999999999999991
11926,119.2600000000241,0.9999999999999991
11927,119.27000000002411,0.9999999999999991
11928,119.28000000002412,0.9999999999999991
11929,119.29000000002412,0.9999999999999991
11930,119.30000000002413,0.9999999999999991
11931,119.31000000002413,0.9999999999999991
11932,119.32000000002414,0.9999999999999991
11933,119.33000000002414,0.9999999999999991
11934,119.34000000002415,0.9999999999999991
11935,119.35000000002415,0.9999999999999991
11936,119.36000000002416,0.9999999999999991
11937,119.37000000002416,0.9999999999999991
11938,119.38000000002417,0.9999999999999991
11939,119.39000000002417,0.9999999999999991
11940,119.40000000002418,0.9999999999999991
11941,119.41000000002418,0.9999999999999991
11942,119.42000000002419,0.9999999999999991
11943,119.4300000000242,0.9999999999999991
11944,119.4400000000242,0.9999999999999991
11945,119.4500000000242,0.9999999999999991
11946,119.46000000002421,0.9999999999999991
11947,119.47000000002421,0.9999999999999991
11948,119.48000000002422,0.9999999999999991
11949,119.49000000002422,0.9999999999999991
11950,119.50000000002423,0.9999999999999991
11951,119.51000000002423,0.9999999999999991
11952,119.52000000002424,0.9999999999999991
11953,119.53000000002424,0.9999999999999991
11954,119.54000000002425,0.9999999999999991
11955,119.55000000002426,0.9999999999999991
11956,119.56000000002426,0.9999999999999991
11957,119.57000000002427,0.9999999999999991
11958,119.58000000002427,0.9999999999999991
11959,119.59000000002428,0.9999999999999991
11960,119.60000000002428,0.9999999999999991
11961,119.61000000002429,0.9999999999999991
11962,119.62000000002429,0.9999999999999991
11963,119.6300000000243,0.9999999999999991
11964,119.6400000000243,0.9999999999999991
11965,119.6500000000243,0.9999999999999991
11966,119.66000000002431,0.9999999999999991
11967,119.67000000002432,0.9999999999999991
11968,119.68000000002432,0.9999999999999991
11969,119.69000000002433,0.9999999999999991
11970,119.70000000002433,0.9999999999999991
11971,119.71000000002434,0.9999999999999991
11972,119.72000000002434,0.9999999999999991
11973,119.73000000002435,0.9999999999999991
11974,119.74000000002435,0.9999999999999991
11975,119.75000000002436,0.9999999999999991
11976,119.76000000002436,0.9999999999999992
11977,119.77000000002437,0.9999999999999992
11978,119.78000000002437,0.9999999999999992
11979,119.79000000002438,0.9999999999999992
11980,119.80000000002438,0.9999999999999992
11981,119.81000000002439,0.9999999999999992
11982,119.8200000000244,0.9999999999999992
11983,119.8300000000244,0.9999999999999992
11984,119.8400000000244,0.9999999999999992
11985,119.85000000002441,0.9999999999999992
11986,119.86000000002441,0.9999999999999992
11987,119.87000000002442,0.9999999999999992
11988,119.88000000002442,0.9999999999999992
11989,119.89000000002443,0.9999999999999992
11990,119.90000000002443,0.9999999999999992
11991,119.91000000002444,0.9999999999999992
11992,119.92000000002444,0.9999999999999992
11993,119.93000000002445,0.9999999999999992
11994,119.94000000002445,0.9999999999999992
11995,119.95000000002446,0.9999999999999992
11996,119.96000000002446,0.9999999999999992
11997,119.97000000002447,0.9999999999999992
11998,119.98000000002448,0.9999999999999992
11999,119.99000000002448,0.9999999999999992
12000,120.00000000002449,0.9999999999999992
12001,120.01000000002449,0.9999999999999992
12002,120.0200000000245,0.9999999999999992
12003,120.0300000000245,0.9999999999999992
12004,120.0400000000245,0.9999999999999992
12005,120.05000000002451,0.9999999999999992
12006,120.06000000002452,0.9999999999999992
12007,120.07000000002452,0.9999999999999992
12008,120.08000000002453,0.9999999999999992
12009,120.09000000002453,0.9999999999999992
12010,120.10000000002454,0.9999999999999992
12011,120.11000000002454,0.9999999999999992
12012,120.12000000002455,0.9999999999999992
12013,120.13000000002455,0.9999999999999992
12014,120.14000000002456,0.9999999999999992
12015,120.15000000002456,0.9999999999999992
12016,120.16000000002457,0.9999999999999992
12017,120.17000000002457,0.9999999999999992
12018,120.18000000002458,0.9999999999999992
12019,120.19000000002458,0.9999999999999992
12020,120.20000000002459,0.9999999999999992
12021,120.21000000002459,0.9999999999999992
12022,120.2200000000246,0.9999999999999992
12023,120.2300000000246,0.9999999999999992
12024,120.24000000002461,0.9999999999999992
12025,120.25000000002461,0.9999999999999992
12026,120.26000000002462,0.9999999999999992
12027,120.27000000002462,0.9999999999999992
12028,120.28000000002463,0.9999999999999992
12029,120.29000000002463,0.9999999999999992
12030,120.30000000002464,0.9999999999999992
12031,120.31000000002464,0.9999999999999992
12032,120.32000000002465,0.9999999999999992
12033,120.33000000002465,0.9999999999999992
12034,120.34000000002466,0.9999999999999992
12035,120.35000000002466,0.9999999999999992
12036,120.36000000002467,0.9999999999999993
12037,120.37000000002467,0.9999999999999993
12038,120.38000000002468,0.9999999999999993
12039,120.39000000002468,0.9999999999999993
12040,120.40000000002469,0.9999999999999993
12041,120.4100000000247,0.9999999999999993
12042,120.4200000000247,0.9999999999999993
12043,120.4300000000247,0.9999999999999993
12044,120.44000000002471,0.9999999999999993
12045,120.45000000002472,0.9999999999999993
12046,120.46000000002472,0.9999999999999993
12047,120.47000000002473,0.9999999999999993
12048,120.48000000002473,0.9999999999999993
12049,120.49000000002474,0.9999999999999993
12050,120.50000000002474,0.9999999999999993
12051,120.51000000002475,0.9999999999999993
12052,120.52000000002475,0.9999999999999993
12053,120.53000000002476,0.9999999999999993
12054,120.54000000002476,0.9999999999999993
12055,120.55000000002477,0.9999999999999993
12056,120.56000000002477,0.9999999999999993
12057,120.57000000002478,0.9999999999999993
12058,120.58000000002478,0.9999999999999993
12059,120.59000000002479,0.9999999999999993
12060,120.60000000002479,0.9999999999999993
12061,120.6100000000248,0.9999999999999993
12062,120.6200000000248,0.9999999999999993
12063,120.63000000002481,0.9999999999999993
12064,120.64000000002481,0.9999999999999993
12065,120.65000000002482,0.9999999999999993
12066,120.66000000002482,0.9999999999999993
12067,120.67000000002483,0.9999999999999993
12068,120.68000000002483,0.9999999999999993
12069,120.69000000002484,0.9999999999999993
12070,120.70000000002484,0.9999999999999993
12071,120.71000000002485,0.9999999999999993
12072,120.72000000002485,0.9999999999999993
12073,120.73000000002486,0.9999999999999993
12074,120.74000000002486,0.9999999999999993
12075,120.75000000002487,0.9999999999999993
12076,120.76000000002487,0.9999999999999993
12077,120.77000000002488,0.9999999999999993
12078,120.78000000002488,0.9999999999999993
12079,120.79000000002489,0.9999999999999993
12080,120.8000000000249,0.9999999999999993
12081,120.8100000000249,0.9999999999999993
12082,120.8200000000249,0.9999999999999993
12083,120.83000000002491,0.9999999999999993
12084,120.84000000002492,0.9999999999999993
12085,120.85000000002492,0.9999999999999993
12086,120.86000000002493,0.9999999999999993
12087,120.87000000002493,0.9999999999999993
12088,120.88000000002494,0.9999999999999993
12089,120.89000000002494,0.9999999999999993
12090,120.90000000002495,0.9999999999999993
12091,120.91000000002495,0.9999999999999993
12092,120.92000000002496,0.9999999999999993
12093,120.93000000002496,0.9999999999999993
12094,120.94000000002497,0.9999999999999993
12095,120.95000000002497,0.9999999999999993
12096,120.96000000002498,0.9999999999999993
12097,120.97000000002498,0.9999999999999993
12098,120.98000000002499,0.9999999999999993
12099,120.99000000002499,0.9999999999999993
12100,121.000000000025,0.9999999999999993
12101,121.010000000025,0.9999999999999993
12102,121.02000000002501,0.9999999999999993
12103,121.03000000002501,0.9999999999999993
12104,121.04000000002502,0.9999999999999993
12105,121.05000000002502,0.9999999999999993
12106,121.06000000002503,0.9999999999999993
12107,121.07000000002503,0.9999999999999994
12108,121.08000000002504,0.9999999999999994
12109,121.09000000002504,0.9999999999999994
12110,121.10000000002505,0.9999999999999994
12111,121.11000000002505,0.9999999999999994
12112,121.12000000002506,0.9999999999999994
12113,121.13000000002506,0.9999999999999994
12114,121.14000000002507,0.9999999999999994
12115,121.15000000002507,0.9999999999999994
12116,121.16000000002508,0.9999999999999994
12117,121.17000000002508,0.9999999999999994
12118,121.18000000002509,0.9999999999999994
12119,121.1900000000251,0.9999999999999994
12120,121.2000000000251,0.9999999999999994
12121,121.2100000000251,0.9999999999999994
12122,121.22000000002511,0.9999999999999994
12123,121.23000000002511,0.9999999999999994
12124,121.24000000002512,0.9999999999999994
12125,121.25000000002512,0.9999999999999994
12126,121.26000000002513,0.9999999999999994
12127,121.27000000002514,0.9999999999999994
12128,121.28000000002514,0.9999999999999994
12129,121.29000000002515,0.9999999999999994
12130,121.30000000002515,0.9999999999999994
12131,121.31000000002516,0.9999999999999994
12132,121.32000000002516,0.9999999999999994
12133,121.33000000002517,0.9999999999999994
12134,121.34000000002517,0.9999999999999994
12135,121.35000000002518,0.9999999999999994
12136,121.36000000002518,0.9999999999999994
12137,121.37000000002519,0.9999999999999994
12138,121.38000000002519,0.9999999999999994
12139,121.3900000000252,0.9999999999999994
12140,121.4000000000252,0.9999999999999994
12141,121.4100000000252,0.9999999999999994
12142,121.42000000002521,0.9999999999999994
12143,121.43000000002522,0.9999999999999994
12144,121.44000000002522,0.9999999999999994
12145,121.45000000002523,0.9999999999999994
12146,121.46000000002523,0.9999999999999994
12147,121.47000000002524,0.9999999999999994
12148,121.48000000002524,0.9999999999999994
12149,121.49000000002525,0.9999999999999994
12150,121.50000000002525,0.9999999999999994
12151,121.51000000002526,0.9999999999999994
12152,121.52000000002526,0.9999999999999994
12153,121.53000000002527,0.9999999999999994
12154,121.54000000002527,0.9999999999999994
12155,121.55000000002528,0.9999999999999994
12156,121.56000000002528,0.9999999999999994
12157,121.57000000002529,0.9999999999999994
12158,121.5800000000253,0.9999999999999994
12159,121.5900000000253,0.9999999999999994
12160,121.6000000000253,0.9999999999999994
12161,121.61000000002531,0.9999999999999994
12162,121.62000000002531,0.9999999999999994
12163,121.63000000002532,0.9999999999999994
12164,121.64000000002532,0.9999999999999994
12165,121.65000000002533,0.9999999999999994
12166,121.66000000002533,0.9999999999999994
12167,121.67000000002534,0.9999999999999994
12168,121.68000000002534,0.9999999999999994
12169,121.69000000002535,0.9999999999999994
12170,121.70000000002536,0.9999999999999994
12171,121.71000000002536,0.9999999999999994
12172,121.72000000002537,0.9999999999999994
12173,121.73000000002537,0.9999999999999994
12174,121.74000000002538,0.9999999999999994
12175,121.75000000002538,0.9999999999999994
12176,121.76000000002539,0.9999999999999994
12177,121.77000000002539,0.9999999999999994
12178,121.7800000000254,0.9999999999999994
12179,121.7900000000254,0.9999999999999994
12180,121.8000000000254,0.9999999999999994
12181,121.81000000002541,0.9999999999999994
12182,121.82000000002542,0.9999999999999994
12183,121.83000000002542,0.9999999999999994
12184,121.84000000002543,0.9999999999999994
12185,121.85000000002543,0.9999999999999994
12186,121.86000000002544,0.9999999999999994
12187,121.87000000002544,0.9999999999999994
12188,121.88000000002545,0.9999999999999994
12189,121.89000000002545,0.9999999999999994
12190,121.90000000002546,0.9999999999999994
12191,121.91000000002546,0.9999999999999996
12192,121.92000000002547,0.9999999999999996
12193,121.93000000002547,0.9999999999999996
12194,121.94000000002548,0.9999999999999996
12195,121.95000000002548,0.9999999999999996
12196,121.96000000002549,0.9999999999999996
12197,121.9700000000255,0.9999999999999996
12198,121.9800000000255,0.9999999999999996
12199,121.9900000000255,0.9999999999999996
12200,122.00000000002551,0.9999999999999996
12201,122.01000000002551,0.9999999999999996
12202,122.02000000002552,0.9999999999999996
12203,122.03000000002552,0.9999999999999996
12204,122.04000000002553,0.9999999999999996
12205,122.05000000002553,0.9999999999999996
12206,122.06000000002554,0.9999999999999996
12207,122.07000000002554,0.9999999999999996
12208,122.08000000002555,0.9999999999999996
12209,122.09000000002555,0.9999999999999996
12210,122.10000000002556,0.9999999999999996
12211,122.11000000002556,0.9999999999999996
12212,122.12000000002557,0.9999999999999996
12213,122.13000000002557,0.9999999999999996
12214,122.14000000002558,0.9999999999999996
12215,122.15000000002559,0.9999999999999996
12216,122.16000000002559,0.9999999999999996
12217,122.1700000000256,0.9999999999999996
12218,122.1800000000256,0.9999999999999996
12219,122.1900000000256,0.9999999999999996
12220,122.20000000002561,0.9999999999999996
12221,122.21000000002562,0.9999999999999996
12222,122.22000000002562,0.9999999999999996
12223,122.23000000002563,0.9999999999999996
12224,122.24000000002563,0.9999999999999996
12225,122.25000000002564,0.9999999999999996
12226,122.26000000002564,0.9999999999999996
12227,122.27000000002565,0.9999999999999996
12228,122.28000000002565,0.9999999999999996
12229,122.29000000002566,0.9999999999999996
12230,122.30000000002566,0.9999999999999996
12231,122.31000000002567,0.9999999999999996
12232,122.32000000002567,0.9999999999999996
12233,122.33000000002568,0.9999999999999996
12234,122.34000000002568,0.9999999999999996
12235,122.35000000002569,0.9999999999999996
12236,122.36000000002569,0.9999999999999996
12237,122.3700000000257,0.9999999999999996
12238,122.3800000000257,0.9999999999999996
12239,122.39000000002571,0.9999999999999996
12240,122.40000000002571,0.9999999999999996
12241,122.41000000002572,0.9999999999999996
12242,122.42000000002572,0.9999999999999996
12243,122.43000000002573,0.9999999999999996
12244,122.44000000002573,0.9999999999999996
12245,122.45000000002574,0.9999999999999996
12246,122.46000000002574,0.9999999999999996
12247,122.47000000002575,0.9999999999999996
12248,122.48000000002575,0.9999999999999996
12249,122.49000000002576,0.9999999999999996
12250,122.50000000002576,0.9999999999999996
12251,122.51000000002577,0.9999999999999996
12252,122.52000000002577,0.9999999999999996
12253,122.53000000002578,0.9999999999999996
12254,122.54000000002578,0.9999999999999996
12255,122.55000000002579,0.9999999999999996
12256,122.5600000000258,0.9999999999999996
12257,122.5700000000258,0.9999999999999996
12258,122.5800000000258,0.9999999999999996
12259,122.59000000002581,0.9999999999999996
12260,122.60000000002582,0.9999999999999996
12261,122.61000000002582,0.9999999999999996
12262,122.62000000002583,0.9999999999999996
12263,122.63000000002583,0.9999999999999996
12264,122.64000000002584,0.9999999999999996
12265,122.65000000002584,0.9999999999999996
12266,122.66000000002585,0.9999999999999996
12267,122.67000000002585,0.9999999999999996
12268,122.68000000002586,0.9999999999999996
12269,122.69000000002586,0.9999999999999996
12270,122.70000000002587,0.9999999999999996
12271,122.71000000002587,0.9999999999999996
12272,122.72000000002588,0.9999999999999996
12273,122.73000000002588,0.9999999999999996
12274,122.74000000002589,0.9999999999999996
12275,122.75000000002589,0.9999999999999996
12276,122.7600000000259,0.9999999999999996
12277,122.7700000000259,0.9999999999999996
12278,122.78000000002591,0.9999999999999996
12279,122.79000000002591,0.9999999999999996
12280,122.80000000002592,0.9999999999999996
12281,122.81000000002592,0.9999999999999996
12282,122.82000000002593,0.9999999999999996
12283,122.83000000002593,0.9999999999999996
12284,122.84000000002594,0.9999999999999996
12285,122.85000000002594,0.9999999999999996
12286,122.86000000002595,0.9999999999999996
12287,122.87000000002595,0.9999999999999996
12288,122.88000000002596,0.9999999999999996
12289,122.89000000002596,0.9999999999999996
12290,122.90000000002597,0.9999999999999996
12291,122.91000000002597,0.9999999999999996
12292,122.92000000002598,0.9999999999999996
12293,122.93000000002598,0.9999999999999996
12294,122.94000000002599,0.9999999999999996
12295,122.950000000026,0.9999999999999996
12296,122.960000000026,0.9999999999999996
12297,122.970000000026,0.9999999999999997
12298,122.98000000002601,0.9999999999999997
12299,122.99000000002601,0.9999999999999997
12300,123.00000000002602,0.9999999999999997
12301,123.01000000002603,0.9999999999999997
12302,123.02000000002603,0.9999999999999997
12303,123.03000000002604,0.9999999999999997
12304,123.04000000002604,0.9999999999999997
12305,123.05000000002605,0.9999999999999997
12306,123.06000000002605,0.9999999999999997
12307,123.07000000002606,0.9999999999999997
12308,123.08000000002606,0.9999999999999997
12309,123.09000000002607,0.9999999999999997
12310,123.10000000002607,0.9999999999999997
12311,123.11000000002608,0.9999999999999997
12312,123.12000000002608,0.9999999999999997
12313,123.13000000002609,0.9999999999999997
12314,123.14000000002609,0.9999999999999997
12315,123.1500000000261,0.9999999999999997
12316,123.1600000000261,0.9999999999999997
12317,123.1700000000261,0.9999999999999997
12318,123.18000000002611,0.9999999999999997
12319,123.19000000002612,0.9999999999999997
12320,123.20000000002612,0.9999999999999997
12321,123.21000000002613,0.9999999999999997
12322,123.22000000002613,0.9999999999999997
12323,123.23000000002614,0.9999999999999997
12324,123.24000000002614,0.9999999999999997
12325,123.25000000002615,0.9999999999999997
12326,123.26000000002615,0.9999999999999997
12327,123.27000000002616,0.9999999999999997
12328,123.28000000002616,0.9999999999999997
12329,123.29000000002617,0.9999999999999997
12330,123.30000000002617,0.9999999999999997
12331,123.31000000002618,0.9999999999999997
12332,123.32000000002618,0.9999999999999997
12333,123.33000000002619,0.9999999999999997
12334,123.3400000000262,0.9999999999999997
12335,123.3500000000262,0.9999999999999997
12336,123.3600000000262,0.9999999999999997
12337,123.37000000002621,0.9999999999999997
12338,123.38000000002621,0.9999999999999997
12339,123.39000000002622,0.9999999999999997
12340,123.40000000002622,0.9999999999999997
12341,123.41000000002623,0.9999999999999997
12342,123.42000000002623,0.9999999999999997
12343,123.43000000002624,0.9999999999999997
12344,123.44000000002625,0.9999999999999997
12345,123.45000000002625,0.9999999999999997
12346,123.46000000002626,0.9999999999999997
12347,123.47000000002626,0.9999999999999997
12348,123.48000000002627,0.9999999999999997
12349,123.49000000002627,0.9999999999999997
12350,123.50000000002628,0.9999999999999997
12351,123.51000000002628,0.9999999999999997
12352,123.52000000002629,0.9999999999999997
12353,123.53000000002629,0.9999999999999997
12354,123.5400000000263,0.9999999999999997
12355,123.5500000000263,0.9999999999999997
12356,123.5600000000263,0.9999999999999997
12357,123.57000000002631,0.9999999999999997
12358,123.58000000002632,0.9999999999999997
12359,123.59000000002632,0.9999999999999997
12360,123.60000000002633,0.9999999999999997
12361,123.61000000002633,0.9999999999999997
12362,123.62000000002634,0.9999999999999997
12363,123.63000000002634,0.9999999999999997
12364,123.64000000002635,0.9999999999999997
12365,123.65000000002635,0.9999999999999997
12366,123.66000000002636,0.9999999999999997
12367,123.67000000002636,0.9999999999999997
12368,123.68000000002637,0.9999999999999997
12369,123.69000000002637,0.9999999999999997
12370,123.70000000002638,0.9999999999999997
12371,123.71000000002638,0.9999999999999997
12372,123.72000000002639,0.9999999999999997
12373,123.7300000000264,0.9999999999999997
12374,123.7400000000264,0.9999999999999997
12375,123.7500000000264,0.9999999999999997
12376,123.76000000002641,0.9999999999999997
12377,123.77000000002641,0.9999999999999997
12378,123.78000000002642,0.9999999999999997
12379,123.79000000002642,0.9999999999999997
12380,123.80000000002643,0.9999999999999997
12381,123.81000000002643,0.9999999999999997
12382,123.82000000002644,0.9999999999999997
12383,123.83000000002644,0.9999999999999997
12384,123.84000000002645,0.9999999999999997
12385,123.85000000002645,0.9999999999999997
12386,123.86000000002646,0.9999999999999997
12387,123.87000000002647,0.9999999999999997
12388,123.88000000002647,0.9999999999999997
12389,123.89000000002648,0.9999999999999997
12390,123.90000000002648,0.9999999999999997
12391,123.91000000002649,0.9999999999999997
12392,123.92000000002649,0.9999999999999997
12393,123.9300000000265,0.9999999999999997
12394,123.9400000000265,0.9999999999999997
12395,123.9500000000265,0.9999999999999997
12396,123.96000000002651,0.9999999999999997
12397,123.97000000002652,0.9999999999999997
12398,123.98000000002652,0.9999999999999997
12399,123.99000000002653,0.9999999999999997
12400,124.00000000002653,0.9999999999999997
12401,124.01000000002654,0.9999999999999997
12402,124.02000000002654,0.9999999999999997
12403,124.03000000002655,0.9999999999999997
12404,124.04000000002655,0.9999999999999997
12405,124.05000000002656,0.9999999999999997
12406,124.06000000002656,0.9999999999999997
12407,124.07000000002657,0.9999999999999997
12408,124.08000000002657,0.9999999999999997
12409,124.09000000002658,0.9999999999999997
12410,124.10000000002658,0.9999999999999997
12411,124.11000000002659,0.9999999999999997
12412,124.1200000000266,0.9999999999999997
12413,124.1300000000266,0.9999999999999997
12414,124.1400000000266,0.9999999999999997
12415,124.15000000002661,0.9999999999999997
12416,124.16000000002661,0.9999999999999997
12417,124.17000000002662,0.9999999999999997
12418,124.18000000002662,0.9999999999999997
12419,124.19000000002663,0.9999999999999997
12420,124.20000000002663,0.9999999999999997
12421,124.21000000002664,0.9999999999999997
12422,124.22000000002664,0.9999999999999997
12423,124.23000000002665,0.9999999999999997
12424,124.24000000002665,0.9999999999999997
12425,124.25000000002666,0.9999999999999997
12426,124.26000000002666,0.9999999999999997
12427,124.27000000002667,0.9999999999999997
12428,124.28000000002667,0.9999999999999997
12429,124.29000000002668,0.9999999999999997
12430,124.30000000002669,0.9999999999999997
12431,124.31000000002669,0.9999999999999997
12432,124.3200000000267,0.9999999999999997
12433,124.3300000000267,0.9999999999999997
12434,124.3400000000267,0.9999999999999997
12435,124.35000000002671,0.9999999999999997
12436,124.36000000002672,0.9999999999999997
12437,124.37000000002672,0.9999999999999997
12438,124.38000000002673,0.9999999999999997
12439,124.39000000002673,0.9999999999999997
12440,124.40000000002674,0.9999999999999998
12441,124.41000000002674,0.9999999999999998
12442,124.42000000002675,0.9999999999999998
12443,124.43000000002675,0.9999999999999998
12444,124.44000000002676,0.9999999999999998
12445,124.45000000002676,0.9999999999999998
12446,124.46000000002677,0.9999999999999998
12447,124.47000000002677,0.9999999999999998
12448,124.48000000002678,0.9999999999999998
12449,124.49000000002678,0.9999999999999998
12450,124.50000000002679,0.9999999999999998
12451,124.51000000002679,0.9999999999999998
12452,124.5200000000268,0.9999999999999998
12453,124.5300000000268,0.9999999999999998
12454,124.54000000002681,0.9999999999999998
12455,124.55000000002681,0.9999999999999998
12456,124.56000000002682,0.9999999999999998
12457,124.57000000002682,0.9999999999999998
12458,124.58000000002683,0.9999999999999998
12459,124.59000000002683,0.9999999999999998
12460,124.60000000002684,0.9999999999999998
12461,124.61000000002684,0.9999999999999998
12462,124.62000000002685,0.9999999999999998
12463,124.63000000002685,0.9999999999999998
12464,124.64000000002686,0.9999999999999998
12465,124.65000000002686,0.9999999999999998
12466,124.66000000002687,0.9999999999999998
12467,124.67000000002687,0.9999999999999998
12468,124.68000000002688,0.9999999999999998
12469,124.69000000002688,0.9999999999999998
12470,124.70000000002689,0.9999999999999998
12471,124.7100000000269,0.9999999999999998
12472,124.7200000000269,0.9999999999999998
12473,124.7300000000269,0.9999999999999998
12474,124.74000000002691,0.9999999999999998
12475,124.75000000002692,0.9999999999999998
12476,124.76000000002692,0.9999999999999998
12477,124.77000000002693,0.9999999999999998
12478,124.78000000002693,0.9999999999999998
12479,124.79000000002694,0.9999999999999998
12480,124.80000000002694,0.9999999999999998
12481,124.81000000002695,0.9999999999999998
12482,124.82000000002695,0.9999999999999998
12483,124.83000000002696,0.9999999999999998
12484,124.84000000002696,0.9999999999999998
12485,124.85000000002697,0.9999999999999998
12486,124.86000000002697,0.9999999999999998
12487,124.87000000002698,0.9999999999999998
12488,124.88000000002698,0.9999999999999998
12489,124.89000000002699,0.9999999999999998
12490,124.90000000002699,0.9999999999999998
12491,124.910000000027,0.9999999999999998
12492,124.920000000027,0.9999999999999998
12493,124.93000000002701,0.9999999999999998
12494,124.94000000002701,0.9999999999999998
12495,124.95000000002702,0.9999999999999998
12496,124.96000000002702,0.9999999999999998
12497,124.97000000002703,0.9999999999999998
12498,124.98000000002703,0.9999999999999998
12499,124.99000000002704,0.9999999999999998
12500,125.00000000002704,0.9999999999999998
12501,125.01000000002705,0.9999999999999998
12502,125.02000000002705,0.9999999999999998
12503,125.03000000002706,0.9999999999999998
12504,125.04000000002706,0.9999999999999998
12505,125.05000000002707,0.9999999999999998
12506,125.06000000002707,0.9999999999999998
12507,125.07000000002708,0.9999999999999998
12508,125.08000000002708,0.9999999999999998
12509,125.09000000002709,0.9999999999999998
12510,125.1000000000271,0.9999999999999998
12511,125.1100000000271,0.9999999999999998
12512,125.1200000000271,0.9999999999999998
12513,125.13000000002711,0.9999999999999998
12514,125.14000000002711,0.9999999999999998
12515,125.15000000002712,0.9999999999999998
12516,125.16000000002713,0.9999999999999998
12517,125.17000000002713,0.9999999999999998
12518,125.18000000002714,0.9999999999999998
12519,125.19000000002714,0.9999999999999998
12520,125.20000000002715,0.9999999999999998
12521,125.21000000002715,0.9999999999999998
12522,125.22000000002716,0.9999999999999998
12523,125.23000000002716,0.9999999999999998
12524,125.24000000002717,0.9999999999999998
12525,125.25000000002717,0.9999999999999998
12526,125.26000000002718,0.9999999999999998
12527,125.27000000002718,0.9999999999999998
12528,125.28000000002719,0.9999999999999998
12529,125.29000000002719,0.9999999999999998
12530,125.3000000000272,0.9999999999999998
12531,125.3100000000272,0.9999999999999998
12532,125.3200000000272,0.9999999999999998
12533,125.33000000002721,0.9999999999999998
12534,125.34000000002722,0.9999999999999998
12535,125.35000000002722,0.9999999999999998
12536,125.36000000002723,0.9999999999999998
12537,125.37000000002723,0.9999999999999998
12538,125.38000000002724,0.9999999999999998
12539,125.39000000002724,0.9999999999999998
12540,125.40000000002725,0.9999999999999998
12541,125.41000000002725,0.9999999999999998
12542,125.42000000002726,0.9999999999999998
12543,125.43000000002726,0.9999999999999998
12544,125.44000000002727,0.9999999999999998
12545,125.45000000002727,0.9999999999999998
12546,125.46000000002728,0.9999999999999998
12547,125.47000000002728,0.9999999999999998
12548,125.48000000002729,0.9999999999999998
12549,125.4900000000273,0.9999999999999998
12550,125.5000000000273,0.9999999999999998
12551,125.5100000000273,0.9999999999999998
12552,125.52000000002731,0.9999999999999998
12553,125.53000000002731,0.9999999999999998
12554,125.54000000002732,0.9999999999999998
12555,125.55000000002732,0.9999999999999998
12556,125.56000000002733,0.9999999999999998
12557,125.57000000002733,0.9999999999999998
12558,125.58000000002734,0.9999999999999998
12559,125.59000000002735,0.9999999999999998
12560,125.60000000002735,0.9999999999999998
12561,125.61000000002736,0.9999999999999998
12562,125.62000000002736,0.9999999999999998
12563,125.63000000002737,0.9999999999999998
12564,125.64000000002737,0.9999999999999998
12565,125.65000000002738,0.9999999999999998
12566,125.66000000002738,0.9999999999999998
12567,125.67000000002739,0.9999999999999998
12568,125.68000000002739,0.9999999999999998
12569,125.6900000000274,0.9999999999999998
12570,125.7000000000274,0.9999999999999998
12571,125.7100000000274,0.9999999999999998
12572,125.72000000002741,0.9999999999999998
12573,125.73000000002742,0.9999999999999998
12574,125.74000000002742,0.9999999999999998
12575,125.75000000002743,0.9999999999999998
12576,125.76000000002743,0.9999999999999998
12577,125.77000000002744,0.9999999999999998
12578,125.78000000002744,0.9999999999999998
12579,125.79000000002745,0.9999999999999998
12580,125.80000000002745,0.9999999999999998
12581,125.81000000002746,0.9999999999999998
12582,125.82000000002746,0.9999999999999998
12583,125.83000000002747,0.9999999999999998
12584,125.84000000002747,0.9999999999999998
12585,125.85000000002748,0.9999999999999998
12586,125.86000000002748,0.9999999999999998
12587,125.87000000002749,0.9999999999999998
12588,125.8800000000275,0.9999999999999998
12589,125.8900000000275,0.9999999999999998
12590,125.9000000000275,0.9999999999999998
12591,125.91000000002751,0.9999999999999998
12592,125.92000000002751,0.9999999999999998
12593,125.93000000002752,0.9999999999999998
12594,125.94000000002752,0.9999999999999998
12595,125.95000000002753,0.9999999999999998
12596,125.96000000002753,0.9999999999999998
12597,125.97000000002754,0.9999999999999998
12598,125.98000000002754,0.9999999999999998
12599,125.99000000002755,0.9999999999999998
12600,126.00000000002755,0.9999999999999998
12601,126.01000000002756,0.9999999999999998
12602,126.02000000002757,0.9999999999999998
12603,126.03000000002757,0.9999999999999998
12604,126.04000000002758,0.9999999999999998
12605,126.05000000002758,0.9999999999999998
12606,126.06000000002759,0.9999999999999998
12607,126.07000000002759,0.9999999999999998
12608,126.0800000000276,0.9999999999999998
12609,126.0900000000276,0.9999999999999998
12610,126.1000000000276,0.9999999999999998
12611,126.11000000002761,0.9999999999999998
12612,126.12000000002762,0.9999999999999998
12613,126.13000000002762,0.9999999999999998
12614,126.14000000002763,0.9999999999999998
12615,126.15000000002763,0.9999999999999998
12616,126.16000000002764,0.9999999999999998
12617,126.17000000002764,0.9999999999999998
12618,126.18000000002765,0.9999999999999998
12619,126.19000000002765,0.9999999999999998
12620,126.20000000002766,0.9999999999999998
12621,126.21000000002766,0.9999999999999998
12622,126.22000000002767,0.9999999999999998
12623,126.23000000002767,0.9999999999999998
12624,126.24000000002768,0.9999999999999998
12625,126.25000000002768,0.9999999999999998
12626,126.26000000002769,0.9999999999999998
12627,126.2700000000277,0.9999999999999998
12628,126.2800000000277,0.9999999999999998
12629,126.2900000000277,0.9999999999999998
12630,126.30000000002771,0.9999999999999998
12631,126.31000000002771,0.9999999999999998
12632,126.32000000002772,0.9999999999999998
12633,126.33000000002772,0.9999999999999998
12634,126.34000000002773,0.9999999999999998
12635,126.35000000002773,0.9999999999999998
12636,126.36000000002774,0.9999999999999998
12637,126.37000000002774,0.9999999999999998
12638,126.38000000002775,0.9999999999999998
12639,126.39000000002775,0.9999999999999998
12640,126.40000000002776,0.9999999999999998
12641,126.41000000002776,0.9999999999999998
12642,126.42000000002777,0.9999999999999998
12643,126.43000000002777,0.9999999999999998
12644,126.44000000002778,0.9999999999999998
12645,126.45000000002779,0.9999999999999998
12646,126.46000000002779,0.9999999999999998
12647,126.4700000000278,0.9999999999999998
12648,126.4800000000278,0.9999999999999998
12649,126.4900000000278,0.9999999999999998
12650,126.50000000002781,0.9999999999999998
12651,126.51000000002782,0.9999999999999998
12652,126.52000000002782,0.9999999999999998
12653,126.53000000002783,0.9999999999999998
12654,126.54000000002783,0.9999999999999998
12655,126.55000000002784,0.9999999999999998
12656,126.56000000002784,0.9999999999999998
12657,126.57000000002785,0.9999999999999999
12658,126.58000000002785,0.9999999999999999
12659,126.59000000002786,0.9999999999999999
12660,126.60000000002786,0.9999999999999999
12661,126.61000000002787,0.9999999999999999
12662,126.62000000002787,0.9999999999999999
12663,126.63000000002788,0.9999999999999999
12664,126.64000000002788,0.9999999999999999
12665,126.65000000002789,0.9999999999999999
12666,126.66000000002789,0.9999999999999999
12667,126.6700000000279,0.9999999999999999
12668,126.6800000000279,0.9999999999999999
12669,126.69000000002791,0.9999999999999999
12670,126.70000000002791,0.9999999999999999
12671,126.71000000002792,0.9999999999999999
12672,126.72000000002792,0.9999999999999999
12673,126.73000000002793,0.9999999999999999
12674,126.74000000002793,0.9999999999999999
12675,126.75000000002794,0.9999999999999999
12676,126.76000000002794,0.9999999999999999
12677,126.77000000002795,0.9999999999999999
12678,126.78000000002795,0.9999999999999999
12679,126.79000000002796,0.9999999999999999
12680,126.80000000002796,0.9999999999999999
12681,126.81000000002797,0.9999999999999999
12682,126.82000000002797,0.9999999999999999
12683,126.83000000002798,0.9999999999999999
12684,126.84000000002798,0.9999999999999999
12685,126.85000000002799,0.9999999999999999
12686,126.860000000028,0.9999999999999999
12687,126.870000000028,0.9999999999999999
12688,126.880000000028,0.9999999999999999
12689,126.89000000002801,0.9999999999999999
12690,126.90000000002802,0.9999999999999999
12691,126.91000000002802,0.9999999999999999
12692,126.92000000002803,0.9999999999999999
12693,126.93000000002803,0.9999999999999999
12694,126.94000000002804,0.9999999999999999
12695,126.95000000002804,0.9999999999999999
12696,126.96000000002805,0.9999999999999999
12697,126.97000000002805,0.9999999999999999
12698,126.98000000002806,0.9999999999999999
12699,126.99000000002806,0.9999999999999999
12700,127.00000000002807,0.9999999999999999
12701,127.01000000002807,0.9999999999999999
12702,127.02000000002808,0.9999999999999999
12703,127.03000000002808,0.9999999999999999
12704,127.04000000002809,0.9999999999999999
12705,127.05000000002809,0.9999999999999999
12706,127.0600000000281,0.9999999999999999
12707,127.0700000000281,0.9999999999999999
12708,127.08000000002811,0.9999999999999999
12709,127.09000000002811,0.9999999999999999
12710,127.10000000002812,0.9999999999999999
12711,127.11000000002812,0.9999999999999999
12712,127.12000000002813,0.9999999999999999
12713,127.13000000002813,0.9999999999999999
12714,127.14000000002814,0.9999999999999999
12715,127.15000000002814,0.9999999999999999
12716,127.16000000002815,0.9999999999999999
12717,127.17000000002815,0.9999999999999999
12718,127.18000000002816,0.9999999999999999
12719,127.19000000002816,0.9999999999999999
12720,127.20000000002817,0.9999999999999999
12721,127.21000000002817,0.9999999999999999
12722,127.22000000002818,0.9999999999999999
12723,127.23000000002818,0.9999999999999999
12724,127.24000000002819,0.9999999999999999
12725,127.2500000000282,0.9999999999999999
12726,127.2600000000282,0.9999999999999999
12727,127.2700000000282,0.9999999999999999
12728,127.28000000002821,0.9999999999999999
12729,127.29000000002821,0.9999999999999999
12730,127.30000000002822,0.9999999999999999
12731,127.31000000002823,0.9999999999999999
12732,127.32000000002823,0.9999999999999999
12733,127.33000000002824,0.9999999999999999
12734,127.34000000002824,0.9999999999999999
12735,127.35000000002825,0.9999999999999999
12736,127.36000000002825,0.9999999999999999
12737,127.37000000002826,0.9999999999999999
12738,127.38000000002826,0.9999999999999999
12739,127.39000000002827,0.9999999999999999
12740,127.40000000002827,0.9999999999999999
12741,127.41000000002828,0.9999999999999999
12742,127.42000000002828,0.9999999999999999
12743,127.43000000002829,0.9999999999999999
12744,127.44000000002829,0.9999999999999999
12745,127.4500000000283,0.9999999999999999
12746,127.4600000000283,0.9999999999999999
12747,127.4700000000283,0.9999999999999999
12748,127.48000000002831,0.9999999999999999
12749,127.49000000002832,0.9999999999999999
12750,127.50000000002832,0.9999999999999999
12751,127.51000000002833,0.9999999999999999
12752,127.52000000002833,0.9999999999999999
12753,127.53000000002834,0.9999999999999999
12754,127.54000000002834,0.9999999999999999
12755,127.55000000002835,0.9999999999999999
12756,127.56000000002835,0.9999999999999999
12757,127.57000000002836,0.9999999999999999
12758,127.58000000002836,0.9999999999999999
12759,127.59000000002837,0.9999999999999999
12760,127.60000000002837,0.9999999999999999
12761,127.61000000002838,0.9999999999999999
12762,127.62000000002838,0.9999999999999999
12763,127.63000000002839,0.9999999999999999
12764,127.6400000000284,0.9999999999999999
12765,127.6500000000284,0.9999999999999999
12766,127.6600000000284,0.9999999999999999
12767,127.67000000002841,0.9999999999999999
12768,127.68000000002841,0.9999999999999999
12769,127.69000000002842,0.9999999999999999
12770,127.70000000002842,0.9999999999999999
12771,127.71000000002843,0.9999999999999999
12772,127.72000000002843,0.9999999999999999
12773,127.73000000002844,0.9999999999999999
12774,127.74000000002845,0.9999999999999999
12775,127.75000000002845,0.9999999999999999
12776,127.76000000002846,0.9999999999999999
12777,127.77000000002846,0.9999999999999999
12778,127.78000000002847,0.9999999999999999
12779,127.79000000002847,0.9999999999999999
12780,127.80000000002848,0.9999999999999999
12781,127.81000000002848,0.9999999999999999
12782,127.82000000002849,0.9999999999999999
12783,127.83000000002849,0.9999999999999999
12784,127.8400000000285,0.9999999999999999
12785,127.8500000000285,0.9999999999999999
12786,127.8600000000285,0.9999999999999999
12787,127.87000000002851,0.9999999999999999
12788,127.88000000002852,0.9999999999999999
12789,127.89000000002852,0.9999999999999999
12790,127.90000000002853,0.9999999999999999
12791,127.91000000002853,0.9999999999999999
12792,127.92000000002854,0.9999999999999999
12793,127.93000000002854,0.9999999999999999
12794,127.94000000002855,0.9999999999999999
12795,127.95000000002855,0.9999999999999999
12796,127.96000000002856,0.9999999999999999
12797,127.97000000002856,0.9999999999999999
12798,127.98000000002857,0.9999999999999999
12799,127.99000000002857,0.9999999999999999
12800,128.00000000002856,0.9999999999999999
12801,128.01000000002855,0.9999999999999999
12802,128.02000000002855,0.9999999999999999
12803,128.03000000002854,0.9999999999999999
12804,128.04000000002853,0.9999999999999999
12805,128.05000000002852,0.9999999999999999
12806,128.0600000000285,0.9999999999999999
12807,128.0700000000285,0.9999999999999999
12808,128.0800000000285,0.9999999999999999
12809,128.09000000002848,0.9999999999999999
12810,128.10000000002847,0.9999999999999999
12811,128.11000000002846,0.9999999999999999
12812,128.12000000002845,0.9999999999999999
12813,128.13000000002845,0.9999999999999999
12814,128.14000000002844,0.9999999999999999
12815,128.15000000002843,0.9999999999999999
12816,128.16000000002842,0.9999999999999999
12817,128.1700000000284,0.9999999999999999
12818,128.1800000000284,0.9999999999999999
12819,128.1900000000284,0.9999999999999999
12820,128.20000000002838,0.9999999999999999
12821,128.21000000002837,0.9999999999999999
12822,128.22000000002836,0.9999999999999999
12823,128.23000000002835,0.9999999999999999
12824,128.24000000002835,0.9999999999999999
12825,128.25000000002834,0.9999999999999999
12826,128.26000000002833,0.9999999999999999
12827,128.27000000002832,0.9999999999999999
12828,128.2800000000283,0.9999999999999999
12829,128.2900000000283,0.9999999999999999
12830,128.3000000000283,0.9999999999999999
12831,128.31000000002828,0.9999999999999999
12832,128.32000000002827,0.9999999999999999
12833,128.33000000002826,0.9999999999999999
12834,128.34000000002825,0.9999999999999999
12835,128.35000000002825,0.9999999999999999
12836,128.36000000002824,0.9999999999999999
12837,128.37000000002823,0.9999999999999999
12838,128.38000000002822,0.9999999999999999
12839,128.3900000000282,0.9999999999999999
12840,128.4000000000282,0.9999999999999999
12841,128.4100000000282,0.9999999999999999
12842,128.42000000002818,0.9999999999999999
12843,128.43000000002817,0.9999999999999999
12844,128.44000000002816,0.9999999999999999
12845,128.45000000002815,0.9999999999999999
12846,128.46000000002815,0.9999999999999999
12847,128.47000000002814,0.9999999999999999
12848,128.48000000002813,0.9999999999999999
12849,128.49000000002812,0.9999999999999999
12850,128.5000000000281,0.9999999999999999
12851,128.5100000000281,0.9999999999999999
12852,128.5200000000281,0.9999999999999999
12853,128.53000000002808,0.9999999999999999
12854,128.54000000002807,0.9999999999999999
12855,128.55000000002806,0.9999999999999999
12856,128.56000000002805,0.9999999999999999
12857,128.57000000002805,0.9999999999999999
12858,128.58000000002804,0.9999999999999999
12859,128.59000000002803,0.9999999999999999
12860,128.60000000002802,0.9999999999999999
12861,128.610000000028,0.9999999999999999
12862,128.620000000028,0.9999999999999999
12863,128.630000000028,0.9999999999999999
12864,128.64000000002798,0.9999999999999999
12865,128.65000000002797,0.9999999999999999
12866,128.66000000002796,0.9999999999999999
12867,128.67000000002795,0.9999999999999999
12868,128.68000000002795,0.9999999999999999
12869,128.69000000002794,0.9999999999999999
12870,128.70000000002793,0.9999999999999999
12871,128.71000000002792,0.9999999999999999
12872,128.7200000000279,0.9999999999999999
12873,128.7300000000279,0.9999999999999999
12874,128.7400000000279,0.9999999999999999
12875,128.75000000002788,0.9999999999999999
12876,128.76000000002787,0.9999999999999999
12877,128.77000000002786,0.9999999999999999
12878,128.78000000002785,0.9999999999999999
12879,128.79000000002785,0.9999999999999999
12880,128.80000000002784,0.9999999999999999
12881,128.81000000002783,0.9999999999999999
12882,128.82000000002782,0.9999999999999999
12883,128.8300000000278,0.9999999999999999
12884,128.8400000000278,0.9999999999999999
12885,128.8500000000278,0.9999999999999999
12886,128.86000000002778,0.9999999999999999
12887,128.87000000002777,0.9999999999999999
12888,128.88000000002776,0.9999999999999999
12889,128.89000000002775,0.9999999999999999
12890,128.90000000002775,0.9999999999999999
12891,128.91000000002774,0.9999999999999999
12892,128.92000000002773,0.9999999999999999
12893,128.93000000002772,0.9999999999999999
12894,128.9400000000277,0.9999999999999999
12895,128.9500000000277,0.9999999999999999
12896,128.9600000000277,0.9999999999999999
12897,128.97000000002768,0.9999999999999999
12898,128.98000000002767,0.9999999999999999
12899,128.99000000002766,0.9999999999999999
12900,129.00000000002765,0.9999999999999999
12901,129.01000000002765,0.9999999999999999
12902,129.02000000002764,0.9999999999999999
12903,129.03000000002763,0.9999999999999999
12904,129.04000000002762,0.9999999999999999
12905,129.0500000000276,0.9999999999999999
12906,129.0600000000276,0.9999999999999999
12907,129.0700000000276,0.9999999999999999
12908,129.08000000002758,0.9999999999999999
12909,129.09000000002757,0.9999999999999999
12910,129.10000000002756,0.9999999999999999
12911,129.11000000002755,0.9999999999999999
12912,129.12000000002755,0.9999999999999999
12913,129.13000000002754,0.9999999999999999
12914,129.14000000002753,0.9999999999999999
12915,129.15000000002752,0.9999999999999999
12916,129.1600000000275,0.9999999999999999
12917,129.1700000000275,0.9999999999999999
12918,129.1800000000275,0.9999999999999999
12919,129.19000000002748,0.9999999999999999
12920,129.20000000002747,0.9999999999999999
12921,129.21000000002746,0.9999999999999999
12922,129.22000000002745,0.9999999999999999
12923,129.23000000002745,0.9999999999999999
12924,129.24000000002744,0.9999999999999999
12925,129.25000000002743,0.9999999999999999
12926,129.26000000002742,0.9999999999999999
12927,129.2700000000274,0.9999999999999999
12928,129.2800000000274,0.9999999999999999
12929,129.2900000000274,0.9999999999999999
12930,129.30000000002738,0.9999999999999999
12931,129.31000000002737,0.9999999999999999
12932,129.32000000002736,0.9999999999999999
12933,129.33000000002735,0.9999999999999999
12934,129.34000000002735,0.9999999999999999
12935,129.35000000002734,0.9999999999999999
12936,129.36000000002733,0.9999999999999999
12937,129.37000000002732,0.9999999999999999
12938,129.3800000000273,0.9999999999999999
12939,129.3900000000273,0.9999999999999999
12940,129.4000000000273,0.9999999999999999
12941,129.41000000002728,0.9999999999999999
12942,129.42000000002727,0.9999999999999999
12943,129.43000000002726,0.9999999999999999
12944,129.44000000002725,0.9999999999999999
12945,129.45000000002725,0.9999999999999999
12946,129.46000000002724,0.9999999999999999
12947,129.47000000002723,0.9999999999999999
12948,129.48000000002722,0.9999999999999999
12949,129.4900000000272,0.9999999999999999
12950,129.5000000000272,0.9999999999999999
12951,129.5100000000272,0.9999999999999999
12952,129.52000000002718,0.9999999999999999
12953,129.53000000002717,0.9999999999999999
12954,129.54000000002716,0.9999999999999999
12955,129.55000000002715,0.9999999999999999
12956,129.56000000002715,0.9999999999999999
12957,129.57000000002714,0.9999999999999999
12958,129.58000000002713,0.9999999999999999
12959,129.59000000002712,0.9999999999999999
12960,129.6000000000271,0.9999999999999999
12961,129.6100000000271,0.9999999999999999
12962,129.6200000000271,0.9999999999999999
12963,129.63000000002708,0.9999999999999999
12964,129.64000000002707,0.9999999999999999
12965,129.65000000002706,0.9999999999999999
12966,129.66000000002705,0.9999999999999999
12967,129.67000000002704,0.9999999999999999
12968,129.68000000002704,0.9999999999999999
12969,129.69000000002703,0.9999999999999999
12970,129.70000000002702,0.9999999999999999
12971,129.710000000027,0.9999999999999999
12972,129.720000000027,0.9999999999999999
12973,129.730000000027,0.9999999999999999
12974,129.74000000002698,0.9999999999999999
12975,129.75000000002697,0.9999999999999999
12976,129.76000000002696,0.9999999999999999
12977,129.77000000002695,0.9999999999999999
12978,129.78000000002694,0.9999999999999999
12979,129.79000000002694,0.9999999999999999
12980,129.80000000002693,0.9999999999999999
12981,129.81000000002692,0.9999999999999999
12982,129.8200000000269,0.9999999999999999
12983,129.8300000000269,0.9999999999999999
12984,129.8400000000269,0.9999999999999999
12985,129.85000000002688,0.9999999999999999
12986,129.86000000002687,0.9999999999999999
12987,129.87000000002686,0.9999999999999999
12988,129.88000000002685,0.9999999999999999
12989,129.89000000002684,0.9999999999999999
12990,129.90000000002684,0.9999999999999999
12991,129.91000000002683,0.9999999999999999
12992,129.92000000002682,0.9999999999999999
12993,129.9300000000268,0.9999999999999999
12994,129.9400000000268,0.9999999999999999
12995,129.9500000000268,0.9999999999999999
12996,129.96000000002678,0.9999999999999999
12997,129.97000000002677,0.9999999999999999
12998,129.98000000002676,0.9999999999999999
12999,129.99000000002675,0.9999999999999999
13000,130.00000000002674,0.9999999999999999
13001,130.01000000002674,0.9999999999999999
13002,130.02000000002673,0.9999999999999999
13003,130.03000000002672,0.9999999999999999
13004,130.0400000000267,0.9999999999999999
13005,130.0500000000267,0.9999999999999999
13006,130.0600000000267,0.9999999999999999
13007,130.07000000002668,0.9999999999999999
13008,130.08000000002667,0.9999999999999999
13009,130.09000000002666,0.9999999999999999
13010,130.10000000002665,0.9999999999999999
13011,130.11000000002664,0.9999999999999999
13012,130.12000000002664,0.9999999999999999
13013,130.13000000002663,0.9999999999999999
13014,130.14000000002662,0.9999999999999999
13015,130.1500000000266,0.9999999999999999
13016,130.1600000000266,0.9999999999999999
13017,130.1700000000266,0.9999999999999999
13018,130.18000000002658,0.9999999999999999
13019,130.19000000002657,0.9999999999999999
13020,130.20000000002656,0.9999999999999999
13021,130.21000000002655,0.9999999999999999
13022,130.22000000002654,0.9999999999999999
13023,130.23000000002654,0.9999999999999999
13024,130.24000000002653,0.9999999999999999
13025,130.25000000002652,0.9999999999999999
13026,130.2600000000265,0.9999999999999999
13027,130.2700000000265,0.9999999999999999
13028,130.2800000000265,0.9999999999999999
13029,130.29000000002648,0.9999999999999999
13030,130.30000000002647,0.9999999999999999
13031,130.31000000002646,0.9999999999999999
13032,130.32000000002645,0.9999999999999999
13033,130.33000000002644,0.9999999999999999
13034,130.34000000002644,0.9999999999999999
13035,130.35000000002643,0.9999999999999999
13036,130.36000000002642,0.9999999999999999
13037,130.3700000000264,0.9999999999999999
13038,130.3800000000264,0.9999999999999999
13039,130.3900000000264,0.9999999999999999
13040,130.40000000002638,0.9999999999999999
13041,130.41000000002637,0.9999999999999999
13042,130.42000000002636,0.9999999999999999
13043,130.43000000002635,0.9999999999999999
13044,130.44000000002634,0.9999999999999999
13045,130.45000000002634,0.9999999999999999
13046,130.46000000002633,0.9999999999999999
13047,130.47000000002632,0.9999999999999999
13048,130.4800000000263,0.9999999999999999
13049,130.4900000000263,0.9999999999999999
13050,130.5000000000263,0.9999999999999999
13051,130.51000000002628,0.9999999999999999
13052,130.52000000002627,0.9999999999999999
13053,130.53000000002626,0.9999999999999999
13054,130.54000000002625,0.9999999999999999
13055,130.55000000002624,0.9999999999999999
13056,130.56000000002624,0.9999999999999999
13057,130.57000000002623,0.9999999999999999
13058,130.58000000002622,0.9999999999999999
13059,130.5900000000262,0.9999999999999999
13060,130.6000000000262,0.9999999999999999
13061,130.6100000000262,0.9999999999999999
13062,130.62000000002618,0.9999999999999999
13063,130.63000000002617,0.9999999999999999
13064,130.64000000002616,0.9999999999999999
13065,130.65000000002615,0.9999999999999999
13066,130.66000000002614,0.9999999999999999
13067,130.67000000002614,0.9999999999999999
13068,130.68000000002613,0.9999999999999999
13069,130.69000000002612,0.9999999999999999
13070,130.7000000000261,0.9999999999999999
13071,130.7100000000261,0.9999999999999999
13072,130.7200000000261,0.9999999999999999
13073,130.73000000002608,0.9999999999999999
13074,130.74000000002607,0.9999999999999999
13075,130.75000000002606,0.9999999999999999
13076,130.76000000002605,0.9999999999999999
13077,130.77000000002604,0.9999999999999999
13078,130.78000000002604,0.9999999999999999
13079,130.79000000002603,0.9999999999999999
13080,130.80000000002602,0.9999999999999999
13081,130.810000000026,0.9999999999999999
13082,130.820000000026,0.9999999999999999
13083,130.830000000026,0.9999999999999999
13084,130.84000000002598,0.9999999999999999
13085,130.85000000002597,0.9999999999999999
13086,130.86000000002596,0.9999999999999999
13087,130.87000000002595,0.9999999999999999
13088,130.88000000002594,0.9999999999999999
13089,130.89000000002594,0.9999999999999999
13090,130.90000000002593,0.9999999999999999
13091,130.91000000002592,0.9999999999999999
13092,130.9200000000259,0.9999999999999999
13093,130.9300000000259,0.9999999999999999
13094,130.9400000000259,0.9999999999999999
13095,130.95000000002588,0.9999999999999999
13096,130.96000000002587,0.9999999999999999
13097,130.97000000002586,0.9999999999999999
13098,130.98000000002585,0.9999999999999999
13099,130.99000000002584,0.9999999999999999
13100,131.00000000002584,0.9999999999999999
13101,131.01000000002583,0.9999999999999999
13102,131.02000000002582,0.9999999999999999
13103,131.0300000000258,0.9999999999999999
13104,131.0400000000258,0.9999999999999999
13105,131.0500000000258,0.9999999999999999
13106,131.06000000002578,0.9999999999999999
13107,131.07000000002577,0.9999999999999999
13108,131.08000000002576,0.9999999999999999
13109,131.09000000002575,0.9999999999999999
13110,131.10000000002574,0.9999999999999999
13111,131.11000000002574,0.9999999999999999
13112,131.12000000002573,0.9999999999999999
13113,131.13000000002572,0.9999999999999999
13114,131.1400000000257,0.9999999999999999
13115,131.1500000000257,0.9999999999999999
13116,131.1600000000257,0.9999999999999999
13117,131.17000000002568,0.9999999999999999
13118,131.18000000002567,0.9999999999999999
13119,131.19000000002566,0.9999999999999999
13120,131.20000000002565,0.9999999999999999
13121,131.21000000002564,0.9999999999999999
13122,131.22000000002564,0.9999999999999999
13123,131.23000000002563,0.9999999999999999
13124,131.24000000002562,0.9999999999999999
13125,131.2500000000256,0.9999999999999999
13126,131.2600000000256,0.9999999999999999
13127,131.2700000000256,1.0
13128,131.28000000002558,1.0
13129,131.29000000002557,1.0
13130,131.30000000002556,1.0
13131,131.31000000002555,1.0
13132,131.32000000002554,1.0
13133,131.33000000002554,1.0
13134,131.34000000002553,1.0
13135,131.35000000002552,1.0
13136,131.3600000000255,1.0
13137,131.3700000000255,1.0
13138,131.3800000000255,1.0
13139,131.39000000002548,1.0
13140,131.40000000002547,1.0
13141,131.41000000002546,1.0
13142,131.42000000002545,1.0
13143,131.43000000002544,1.0
13144,131.44000000002544,1.0
13145,131.45000000002543,1.0
13146,131.46000000002542,1.0
13147,131.4700000000254,1.0
13148,131.4800000000254,1.0
13149,131.4900000000254,1.0
13150,131.50000000002538,1.0
13151,131.51000000002537,1.0
13152,131.52000000002536,1.0
13153,131.53000000002535,1.0
13154,131.54000000002534,1.0
13155,131.55000000002534,1.0
13156,131.56000000002533,1.0
13157,131.57000000002532,1.0
13158,131.5800000000253,1.0
13159,131.5900000000253,1.0
13160,131.6000000000253,1.0
13161,131.61000000002528,1.0
13162,131.62000000002527,1.0
13163,131.63000000002526,1.0
13164,131.64000000002525,1.0
13165,131.65000000002524,1.0
13166,131.66000000002524,1.0
13167,131.67000000002523,1.0
13168,131.68000000002522,1.0
13169,131.6900000000252,1.0
13170,131.7000000000252,1.0
13171,131.7100000000252,1.0
13172,131.72000000002518,1.0
13173,131.73000000002517,1.0
13174,131.74000000002516,1.0
13175,131.75000000002515,1.0
13176,131.76000000002514,1.0
13177,131.77000000002514,1.0
13178,131.78000000002513,1.0
13179,131.79000000002512,1.0
13180,131.8000000000251,1.0
13181,131.8100000000251,1.0
13182,131.8200000000251,1.0
13183,131.83000000002508,1.0
13184,131.84000000002507,1.0
13185,131.85000000002506,1.0
13186,131.86000000002505,1.0
13187,131.87000000002504,1.0
13188,131.88000000002503,1.0
13189,131.89000000002503,1.0
13190,131.90000000002502,1.0
13191,131.910000000025,1.0
13192,131.920000000025,1.0
13193,131.930000000025,1.0
13194,131.94000000002498,1.0
13195,131.95000000002497,1.0
13196,131.96000000002496,1.0
13197,131.97000000002495,1.0
13198,131.98000000002494,1.0
13199,131.99000000002493,1.0
13200,132.00000000002493,1.0
13201,132.01000000002492,1.0
13202,132.0200000000249,1.0
13203,132.0300000000249,1.0
13204,132.0400000000249,1.0
13205,132.05000000002488,1.0
13206,132.06000000002487,1.0
13207,132.07000000002486,1.0
13208,132.08000000002485,1.0
13209,132.09000000002484,1.0
13210,132.10000000002483,1.0
13211,132.11000000002483,1.0
13212,132.12000000002482,1.0
13213,132.1300000000248,1.0
13214,132.1400000000248,1.0
13215,132.1500000000248,1.0
13216,132.16000000002478,1.0
13217,132.17000000002477,1.0
13218,132.18000000002476,1.0
13219,132.19000000002475,1.0
13220,132.20000000002474,1.0
13221,132.21000000002473,1.0
13222,132.22000000002473,1.0
13223,132.23000000002472,1.0
13224,132.2400000000247,1.0
13225,132.2500000000247,1.0
13226,132.2600000000247,1.0
13227,132.27000000002468,1.0
13228,132.28000000002467,1.0
13229,132.29000000002466,1.0
13230,132.30000000002465,1.0
13231,132.31000000002464,1.0
13232,132.32000000002463,1.0
13233,132.33000000002463,1.0
13234,132.34000000002462,1.0
13235,132.3500000000246,1.0
13236,132.3600000000246,1.0
13237,132.3700000000246,1.0
13238,132.38000000002458,1.0
13239,132.39000000002457,1.0
13240,132.40000000002456,1.0
13241,132.41000000002455,1.0
13242,132.42000000002454,1.0
13243,132.43000000002453,1.0
13244,132.44000000002453,1.0
13245,132.45000000002452,1.0
13246,132.4600000000245,1.0
13247,132.4700000000245,1.0
13248,132.4800000000245,1.0
13249,132.49000000002448,1.0
13250,132.50000000002447,1.0
13251,132.51000000002446,1.0
13252,132.52000000002445,1.0
13253,132.53000000002444,1.0
13254,132.54000000002443,1.0
13255,132.55000000002443,1.0
13256,132.56000000002442,1.0
13257,132.5700000000244,1.0
13258,132.5800000000244,1.0
13259,132.5900000000244,1.0
13260,132.60000000002438,1.0
13261,132.61000000002437,1.0
13262,132.62000000002436,1.0
13263,132.63000000002435,1.0
13264,132.64000000002434,1.0
13265,132.65000000002433,1.0
13266,132.66000000002433,1.0
13267,132.67000000002432,1.0
13268,132.6800000000243,1.0
13269,132.6900000000243,1.0
13270,132.7000000000243,1.0
13271,132.71000000002428,1.0
13272,132.72000000002427,1.0
13273,132.73000000002426,1.0
13274,132.74000000002425,1.0
13275,132.75000000002424,1.0
13276,132.76000000002423,1.0
13277,132.77000000002423,1.0
13278,132.78000000002422,1.0
13279,132.7900000000242,1.0
13280,132.8000000000242,1.0
13281,132.8100000000242,1.0
13282,132.82000000002418,1.0
13283,132.83000000002417,1.0
13284,132.84000000002416,1.0
13285,132.85000000002415,1.0
13286,132.86000000002414,1.0
13287,132.87000000002413,1.0
13288,132.88000000002413,1.0
13289,132.89000000002412,1.0
13290,132.9000000000241,1.0
13291,132.9100000000241,1.0
13292,132.9200000000241,1.0
13293,132.93000000002408,1.0
13294,132.94000000002407,1.0
13295,132.95000000002406,1.0
13296,132.96000000002405,1.0
13297,132.97000000002404,1.0
13298,132.98000000002403,1.0
13299,132.99000000002403,1.0
13300,133.00000000002402,1.0
13301,133.010000000024,1.0
13302,133.020000000024,1.0
13303,133.030000000024,1.0
13304,133.04000000002398,1.0
13305,133.05000000002397,1.0
13306,133.06000000002396,1.0
13307,133.07000000002395,1.0
13308,133.08000000002394,1.0
13309,133.09000000002393,1.0
13310,133.10000000002393,1.0
13311,133.11000000002392,1.0
13312,133.1200000000239,1.0
13313,133.1300000000239,1.0
13314,133.1400000000239,1.0
13315,133.15000000002388,1.0
13316,133.16000000002387,1.0
13317,133.17000000002386,1.0
13318,133.18000000002385,1.0
13319,133.19000000002384,1.0
13320,133.20000000002383,1.0
13321,133.21000000002383,1.0
13322,133.22000000002382,1.0
13323,133.2300000000238,1.0
13324,133.2400000000238,1.0
13325,133.2500000000238,1.0
13326,133.26000000002378,1.0
13327,133.27000000002377,1.0
13328,133.28000000002376,1.0
13329,133.29000000002375,1.0
13330,133.30000000002374,1.0
13331,133.31000000002373,1.0
13332,133.32000000002373,1.0
13333,133.33000000002372,1.0
13334,133.3400000000237,1.0
13335,133.3500000000237,1.0
13336,133.3600000000237,1.0
13337,133.37000000002368,1.0
13338,133.38000000002367,1.0
13339,133.39000000002366,1.0
13340,133.40000000002365,1.0
13341,133.41000000002364,1.0
13342,133.42000000002363,1.0
13343,133.43000000002363,1.0
13344,133.44000000002362,1.0
13345,133.4500000000236,1.0
13346,133.4600000000236,1.0
13347,133.4700000000236,1.0
13348,133.48000000002358,1.0
13349,133.49000000002357,1.0
13350,133.50000000002356,1.0
13351,133.51000000002355,1.0
13352,133.52000000002354,1.0
13353,133.53000000002353,1.0
13354,133.54000000002353,1.0
13355,133.55000000002352,1.0
13356,133.5600000000235,1.0
13357,133.5700000000235,1.0
13358,133.5800000000235,1.0
13359,133.59000000002348,1.0
13360,133.60000000002347,1.0
13361,133.61000000002346,1.0
13362,133.62000000002345,1.0
13363,133.63000000002344,1.0
13364,133.64000000002343,1.0
13365,133.65000000002343,1.0
13366,133.66000000002342,1.0
13367,133.6700000000234,1.0
13368,133.6800000000234,1.0
13369,133.6900000000234,1.0
13370,133.70000000002338,1.0
13371,133.71000000002337,1.0
13372,133.72000000002336,1.0
13373,133.73000000002335,1.0
13374,133.74000000002334,1.0
13375,133.75000000002333,1.0
13376,133.76000000002333,1.0
13377,133.77000000002332,1.0
13378,133.7800000000233,1.0
13379,133.7900000000233,1.0
13380,133.8000000000233,1.0
13381,133.81000000002328,1.0
13382,133.82000000002327,1.0
13383,133.83000000002326,1.0
13384,133.84000000002325,1.0
13385,133.85000000002324,1.0
13386,133.86000000002323,1.0
13387,133.87000000002323,1.0
13388,133.88000000002322,1.0
13389,133.8900000000232,1.0
13390,133.9000000000232,1.0
13391,133.9100000000232,1.0
13392,133.92000000002318,1.0
13393,133.93000000002317,1.0
13394,133.94000000002316,1.0
13395,133.95000000002315,1.0
13396,133.96000000002314,1.0
13397,133.97000000002313,1.0
13398,133.98000000002313,1.0
13399,133.99000000002312,1.0
13400,134.0000000000231,1.0
13401,134.0100000000231,1.0
13402,134.0200000000231,1.0
13403,134.03000000002308,1.0
13404,134.04000000002307,1.0
13405,134.05000000002306,1.0
13406,134.06000000002305,1.0
13407,134.07000000002304,1.0
13408,134.08000000002303,1.0
13409,134.09000000002302,1.0
13410,134.10000000002302,1.0
13411,134.110000000023,1.0
13412,134.120000000023,1.0
13413,134.130000000023,1.0
13414,134.14000000002298,1.0
13415,134.15000000002297,1.0
13416,134.16000000002296,1.0
13417,134.17000000002295,1.0
13418,134.18000000002294,1.0
13419,134.19000000002293,1.0
13420,134.20000000002292,1.0
13421,134.21000000002292,1.0
13422,134.2200000000229,1.0
13423,134.2300000000229,1.0
13424,134.2400000000229,1.0
13425,134.25000000002288,1.0
13426,134.26000000002287,1.0
13427,134.27000000002286,1.0
13428,134.28000000002285,1.0
13429,134.29000000002284,1.0
13430,134.30000000002283,1.0
13431,134.31000000002282,1.0
13432,134.32000000002282,1.0
13433,134.3300000000228,1.0
13434,134.3400000000228,1.0
13435,134.3500000000228,1.0
13436,134.36000000002278,1.0
13437,134.37000000002277,1.0
13438,134.38000000002276,1.0
13439,134.39000000002275,1.0
13440,134.40000000002274,1.0
13441,134.41000000002273,1.0
13442,134.42000000002272,1.0
13443,134.43000000002272,1.0
13444,134.4400000000227,1.0
13445,134.4500000000227,1.0
13446,134.4600000000227,1.0
13447,134.47000000002268,1.0
13448,134.48000000002267,1.0
13449,134.49000000002266,1.0
13450,134.50000000002265,1.0
13451,134.51000000002264,1.0
13452,134.52000000002263,1.0
13453,134.53000000002262,1.0
13454,134.54000000002262,1.0
13455,134.5500000000226,1.0
13456,134.5600000000226,1.0
13457,134.5700000000226,1.0
13458,134.58000000002258,1.0
13459,134.59000000002257,1.0
13460,134.60000000002256,1.0
13461,134.61000000002255,1.0
13462,134.62000000002254,1.0
13463,134.63000000002253,1.0
13464,134.64000000002252,1.0
13465,134.65000000002252,1.0
13466,134.6600000000225,1.0
13467,134.6700000000225,1.0
13468,134.6800000000225,1.0
13469,134.69000000002248,1.0
13470,134.70000000002247,1.0
13471,134.71000000002246,1.0
13472,134.72000000002245,1.0
13473,134.73000000002244,1.0
13474,134.74000000002243,1.0
13475,134.75000000002242,1.0
13476,134.76000000002242,1.0
13477,134.7700000000224,1.0
13478,134.7800000000224,1.0
13479,134.7900000000224,1.0
13480,134.80000000002238,1.0
13481,134.81000000002237,1.0
13482,134.82000000002236,1.0
13483,134.83000000002235,1.0
13484,134.84000000002234,1.0
13485,134.85000000002233,1.0
13486,134.86000000002232,1.0
13487,134.87000000002232,1.0
13488,134.8800000000223,1.0
13489,134.8900000000223,1.0
13490,134.9000000000223,1.0
13491,134.91000000002228,1.0
13492,134.92000000002227,1.0
13493,134.93000000002226,1.0
13494,134.94000000002225,1.0
13495,134.95000000002224,1.0
13496,134.96000000002223,1.0
13497,134.97000000002222,1.0
13498,134.98000000002222,1.0
13499,134.9900000000222,1.0
13500,135.0000000000222,1.0
13501,135.0100000000222,1.0
13502,135.02000000002218,1.0
13503,135.03000000002217,1.0
13504,135.04000000002216,1.0
13505,135.05000000002215,1.0
13506,135.06000000002214,1.0
13507,135.07000000002213,1.0
13508,135.08000000002212,1.0
13509,135.09000000002212,1.0
13510,135.1000000000221,1.0
13511,135.1100000000221,1.0
13512,135.1200000000221,1.0
13513,135.13000000002208,1.0
13514,135.14000000002207,1.0
13515,135.15000000002206,1.0
13516,135.16000000002205,1.0
13517,135.17000000002204,1.0
13518,135.18000000002203,1.0
13519,135.19000000002202,1.0
13520,135.20000000002202,1.0
13521,135.210000000022,1.0
13522,135.220000000022,1.0
13523,135.230000000022,1.0
13524,135.24000000002198,1.0
13525,135.25000000002197,1.0
13526,135.26000000002196,1.0
13527,135.27000000002195,1.0
13528,135.28000000002194,1.0
13529,135.29000000002193,1.0
13530,135.30000000002192,1.0
13531,135.31000000002192,1.0
13532,135.3200000000219,1.0
13533,135.3300000000219,1.0
13534,135.3400000000219,1.0
13535,135.35000000002188,1.0
13536,135.36000000002187,1.0
13537,135.37000000002186,1.0
13538,135.38000000002185,1.0
13539,135.39000000002184,1.0
13540,135.40000000002183,1.0
13541,135.41000000002182,1.0
13542,135.42000000002182,1.0
13543,135.4300000000218,1.0
13544,135.4400000000218,1.0
13545,135.4500000000218,1.0
13546,135.46000000002178,1.0
13547,135.47000000002177,1.0
13548,135.48000000002176,1.0
13549,135.49000000002175,1.0
13550,135.50000000002174,1.0
13551,135.51000000002173,1.0
13552,135.52000000002172,1.0
13553,135.53000000002172,1.0
13554,135.5400000000217,1.0
13555,135.5500000000217,1.0
13556,135.5600000000217,1.0
13557,135.57000000002168,1.0
13558,135.58000000002167,1.0
13559,135.59000000002166,1.0
13560,135.60000000002165,1.0
13561,135.61000000002164,1.0
13562,135.62000000002163,1.0
13563,135.63000000002162,1.0
13564,135.64000000002162,1.0
13565,135.6500000000216,1.0
13566,135.6600000000216,1.0
13567,135.6700000000216,1.0
13568,135.68000000002158,1.0
13569,135.69000000002157,1.0
13570,135.70000000002156,1.0
13571,135.71000000002155,1.0
13572,135.72000000002154,1.0
13573,135.73000000002153,1.0
13574,135.74000000002152,1.0
13575,135.75000000002152,1.0
13576,135.7600000000215,1.0
13577,135.7700000000215,1.0
13578,135.7800000000215,1.0
13579,135.79000000002148,1.0
13580,135.80000000002147,1.0
13581,135.81000000002146,1.0
13582,135.82000000002145,1.0
13583,135.83000000002144,1.0
13584,135.84000000002143,1.0
13585,135.85000000002142,1.0
13586,135.86000000002142,1.0
13587,135.8700000000214,1.0
13588,135.8800000000214,1.0
13589,135.8900000000214,1.0
13590,135.90000000002138,1.0
13591,135.91000000002137,1.0
13592,135.92000000002136,1.0
13593,135.93000000002135,1.0
13594,135.94000000002134,1.0
13595,135.95000000002133,1.0
13596,135.96000000002132,1.0
13597,135.97000000002132,1.0
13598,135.9800000000213,1.0
13599,135.9900000000213,1.0
13600,136.0000000000213,1.0
13601,136.01000000002128,1.0
13602,136.02000000002127,1.0
13603,136.03000000002126,1.0
13604,136.04000000002125,1.0
13605,136.05000000002124,1.0
13606,136.06000000002123,1.0
13607,136.07000000002122,1.0
13608,136.08000000002122,1.0
13609,136.0900000000212,1.0
13610,136.1000000000212,1.0
13611,136.1100000000212,1.0
13612,136.12000000002118,1.0
13613,136.13000000002117,1.0
13614,136.14000000002116,1.0
13615,136.15000000002115,1.0
13616,136.16000000002114,1.0
13617,136.17000000002113,1.0
13618,136.18000000002112,1.0
13619,136.19000000002112,1.0
13620,136.2000000000211,1.0
13621,136.2100000000211,1.0
13622,136.2200000000211,1.0
13623,136.23000000002108,1.0
13624,136.24000000002107,1.0
13625,136.25000000002106,1.0
13626,136.26000000002105,1.0
13627,136.27000000002104,1.0
13628,136.28000000002103,1.0
13629,136.29000000002102,1.0
13630,136.30000000002102,1.0
13631,136.310000000021,1.0
13632,136.320000000021,1.0
13633,136.330000000021,1.0
13634,136.34000000002098,1.0
13635,136.35000000002097,1.0
13636,136.36000000002096,1.0
13637,136.37000000002095,1.0
13638,136.38000000002094,1.0
13639,136.39000000002093,1.0
13640,136.40000000002092,1.0
13641,136.41000000002091,1.0
13642,136.4200000000209,1.0
13643,136.4300000000209,1.0
13644,136.4400000000209,1.0
13645,136.45000000002088,1.0
13646,136.46000000002087,1.0
13647,136.47000000002086,1.0
13648,136.48000000002085,1.0
13649,136.49000000002084,1.0
13650,136.50000000002083,1.0
13651,136.51000000002082,1.0
13652,136.52000000002081,1.0
13653,136.5300000000208,1.0
13654,136.5400000000208,1.0
13655,136.5500000000208,1.0
13656,136.56000000002078,1.0
13657,136.57000000002077,1.0
13658,136.58000000002076,1.0
13659,136.59000000002075,1.0
13660,136.60000000002074,1.0
13661,136.61000000002073,1.0
13662,136.62000000002072,1.0
13663,136.63000000002071,1.0
13664,136.6400000000207,1.0
13665,136.6500000000207,1.0
13666,136.6600000000207,1.0
13667,136.67000000002068,1.0
13668,136.68000000002067,1.0
13669,136.69000000002066,1.0
13670,136.70000000002065,1.0
13671,136.71000000002064,1.0
13672,136.72000000002063,1.0
13673,136.73000000002062,1.0
13674,136.74000000002061,1.0
13675,136.7500000000206,1.0
13676,136.7600000000206,1.0
13677,136.7700000000206,1.0
13678,136.78000000002058,1.0
13679,136.79000000002057,1.0
13680,136.80000000002056,1.0
13681,136.81000000002055,1.0
13682,136.82000000002054,1.0
13683,136.83000000002053,1.0
13684,136.84000000002052,1.0
13685,136.85000000002051,1.0
13686,136.8600000000205,1.0
13687,136.8700000000205,1.0
13688,136.8800000000205,1.0
13689,136.89000000002048,1.0
13690,136.90000000002047,1.0
13691,136.91000000002046,1.0
13692,136.92000000002045,1.0
13693,136.93000000002044,1.0
13694,136.94000000002043,1.0
13695,136.95000000002042,1.0
13696,136.96000000002041,1.0
13697,136.9700000000204,1.0
13698,136.9800000000204,1.0
13699,136.9900000000204,1.0
13700,137.00000000002038,1.0
13701,137.01000000002037,1.0
13702,137.02000000002036,1.0
13703,137.03000000002035,1.0
13704,137.04000000002034,1.0
13705,137.05000000002033,1.0
13706,137.06000000002032,1.0
13707,137.07000000002031,1.0
13708,137.0800000000203,1.0
13709,137.0900000000203,1.0
13710,137.1000000000203,1.0
13711,137.11000000002028,1.0
13712,137.12000000002027,1.0
13713,137.13000000002026,1.0
13714,137.14000000002025,1.0
13715,137.15000000002024,1.0
13716,137.16000000002023,1.0
13717,137.17000000002022,1.0
13718,137.18000000002021,1.0
13719,137.1900000000202,1.0
13720,137.2000000000202,1.0
13721,137.2100000000202,1.0
13722,137.22000000002018,1.0
13723,137.23000000002017,1.0
13724,137.24000000002016,1.0
13725,137.25000000002015,1.0
13726,137.26000000002014,1.0
13727,137.27000000002013,1.0
13728,137.28000000002012,1.0
13729,137.29000000002011,1.0
13730,137.3000000000201,1.0
13731,137.3100000000201,1.0
13732,137.3200000000201,1.0
13733,137.33000000002008,1.0
13734,137.34000000002007,1.0
13735,137.35000000002006,1.0
13736,137.36000000002005,1.0
13737,137.37000000002004,1.0
13738,137.38000000002003,1.0
13739,137.39000000002002,1.0
13740,137.40000000002001,1.0
13741,137.41000000002,1.0
13742,137.42000000002,1.0
13743,137.43000000002,1.0
13744,137.44000000001998,1.0
13745,137.45000000001997,1.0
13746,137.46000000001996,1.0
13747,137.47000000001995,1.0
13748,137.48000000001994,1.0
13749,137.49000000001993,1.0
13750,137.50000000001992,1.0
13751,137.51000000001991,1.0
13752,137.5200000000199,1.0
13753,137.5300000000199,1.0
13754,137.5400000000199,1.0
13755,137.55000000001988,1.0
13756,137.56000000001987,1.0
13757,137.57000000001986,1.0
13758,137.58000000001985,1.0
13759,137.59000000001984,1.0
13760,137.60000000001983,1.0
13761,137.61000000001982,1.0
13762,137.62000000001981,1.0
13763,137.6300000000198,1.0
13764,137.6400000000198,1.0
13765,137.6500000000198,1.0
13766,137.66000000001978,1.0
13767,137.67000000001977,1.0
13768,137.68000000001976,1.0
13769,137.69000000001975,1.0
13770,137.70000000001974,1.0
13771,137.71000000001973,1.0
13772,137.72000000001972,1.0
13773,137.73000000001971,1.0
13774,137.7400000000197,1.0
13775,137.7500000000197,1.0
13776,137.7600000000197,1.0
13777,137.77000000001968,1.0
13778,137.78000000001967,1.0
13779,137.79000000001966,1.0
13780,137.80000000001965,1.0
13781,137.81000000001964,1.0
13782,137.82000000001963,1.0
13783,137.83000000001962,1.0
13784,137.84000000001961,1.0
13785,137.8500000000196,1.0
13786,137.8600000000196,1.0
13787,137.8700000000196,1.0
13788,137.88000000001958,1.0
13789,137.89000000001957,1.0
13790,137.90000000001956,1.0
13791,137.91000000001955,1.0
13792,137.92000000001954,1.0
13793,137.93000000001953,1.0
13794,137.94000000001952,1.0
13795,137.95000000001951,1.0
13796,137.9600000000195,1.0
13797,137.9700000000195,1.0
13798,137.9800000000195,1.0
13799,137.99000000001948,1.0
13800,138.00000000001947,1.0
13801,138.01000000001946,1.0
13802,138.02000000001945,1.0
13803,138.03000000001944,1.0
13804,138.04000000001943,1.0
13805,138.05000000001942,1.0
13806,138.06000000001941,1.0
13807,138.0700000000194,1.0
13808,138.0800000000194,1.0
13809,138.0900000000194,1.0
13810,138.10000000001938,1.0
13811,138.11000000001937,1.0
13812,138.12000000001936,1.0
13813,138.13000000001935,1.0
13814,138.14000000001934,1.0
13815,138.15000000001933,1.0
13816,138.16000000001932,1.0
13817,138.17000000001931,1.0
13818,138.1800000000193,1.0
13819,138.1900000000193,1.0
13820,138.2000000000193,1.0
13821,138.21000000001928,1.0
13822,138.22000000001927,1.0
13823,138.23000000001926,1.0
13824,138.24000000001925,1.0
13825,138.25000000001924,1.0
13826,138.26000000001923,1.0
13827,138.27000000001922,1.0
13828,138.28000000001921,1.0
13829,138.2900000000192,1.0
13830,138.3000000000192,1.0
13831,138.3100000000192,1.0
13832,138.32000000001918,1.0
13833,138.33000000001917,1.0
13834,138.34000000001916,1.0
13835,138.35000000001915,1.0
13836,138.36000000001914,1.0
13837,138.37000000001913,1.0
13838,138.38000000001912,1.0
13839,138.3900000000191,1.0
13840,138.4000000000191,1.0
13841,138.4100000000191,1.0
13842,138.4200000000191,1.0
13843,138.43000000001908,1.0
13844,138.44000000001907,1.0
13845,138.45000000001906,1.0
13846,138.46000000001905,1.0
13847,138.47000000001904,1.0
13848,138.48000000001903,1.0
13849,138.49000000001902,1.0
13850,138.500000000019,1.0
13851,138.510000000019,1.0
13852,138.520000000019,1.0
13853,138.530000000019,1.0
13854,138.54000000001898,1.0
13855,138.55000000001897,1.0
13856,138.56000000001896,1.0
13857,138.57000000001895,1.0
13858,138.58000000001894,1.0
13859,138.59000000001893,1.0
13860,138.60000000001892,1.0
13861,138.6100000000189,1.0
13862,138.6200000000189,1.0
13863,138.6300000000189,1.0
13864,138.6400000000189,1.0
13865,138.65000000001888,1.0
13866,138.66000000001887,1.0
13867,138.67000000001886,1.0
13868,138.68000000001885,1.0
13869,138.69000000001884,1.0
13870,138.70000000001883,1.0
13871,138.71000000001882,1.0
13872,138.7200000000188,1.0
13873,138.7300000000188,1.0
13874,138.7400000000188,1.0
13875,138.7500000000188,1.0
13876,138.76000000001878,1.0
13877,138.77000000001877,1.0
13878,138.78000000001876,1.0
13879,138.79000000001875,1.0
13880,138.80000000001874,1.0
13881,138.81000000001873,1.0
13882,138.82000000001872,1.0
13883,138.8300000000187,1.0
13884,138.8400000000187,1.0
13885,138.8500000000187,1.0
13886,138.8600000000187,1.0
13887,138.87000000001868,1.0
13888,138.88000000001867,1.0
13889,138.89000000001866,1.0
13890,138.90000000001865,1.0
13891,138.91000000001864,1.0
13892,138.92000000001863,1.0
13893,138.93000000001862,1.0
13894,138.9400000000186,1.0
13895,138.9500000000186,1.0
13896,138.9600000000186,1.0
13897,138.9700000000186,1.0
13898,138.98000000001858,1.0
13899,138.99000000001857,1.0
13900,139.00000000001856,1.0
13901,139.01000000001855,1.0
13902,139.02000000001854,1.0
13903,139.03000000001853,1.0
13904,139.04000000001852,1.0
13905,139.0500000000185,1.0
13906,139.0600000000185,1.0
13907,139.0700000000185,1.0
13908,139.0800000000185,1.0
13909,139.09000000001848,1.0
13910,139.10000000001847,1.0
13911,139.11000000001846,1.0
13912,139.12000000001845,1.0
13913,139.13000000001844,1.0
13914,139.14000000001843,1.0
13915,139.15000000001842,1.0
13916,139.1600000000184,1.0
13917,139.1700000000184,1.0
13918,139.1800000000184,1.0
13919,139.1900000000184,1.0
13920,139.20000000001838,1.0
13921,139.21000000001837,1.0
13922,139.22000000001836,1.0
13923,139.23000000001835,1.0
13924,139.24000000001834,1.0
13925,139.25000000001833,1.0
13926,139.26000000001832,1.0
13927,139.2700000000183,1.0
13928,139.2800000000183,1.0
13929,139.2900000000183,1.0
13930,139.3000000000183,1.0
13931,139.31000000001828,1.0
13932,139.32000000001827,1.0
13933,139.33000000001826,1.0
13934,139.34000000001825,1.0
13935,139.35000000001824,1.0
13936,139.36000000001823,1.0
13937,139.37000000001822,1.0
13938,139.3800000000182,1.0
13939,139.3900000000182,1.0
13940,139.4000000000182,1.0
13941,139.4100000000182,1.0
13942,139.42000000001818,1.0
13943,139.43000000001817,1.0
13944,139.44000000001816,1.0
13945,139.45000000001815,1.0
13946,139.46000000001814,1.0
13947,139.47000000001813,1.0
13948,139.48000000001812,1.0
13949,139.4900000000181,1.0
13950,139.5000000000181,1.0
13951,139.5100000000181,1.0
13952,139.5200000000181,1.0
13953,139.53000000001808,1.0
13954,139.54000000001807,1.0
13955,139.55000000001806,1.0
13956,139.56000000001805,1.0
13957,139.57000000001804,1.0
13958,139.58000000001803,1.0
13959,139.59000000001802,1.0
13960,139.600000000018,1.0
13961,139.610000000018,1.0
13962,139.620000000018,1.0
13963,139.630000000018,1.0
13964,139.64000000001798,1.0
13965,139.65000000001797,1.0
13966,139.66000000001796,1.0
13967,139.67000000001795,1.0
13968,139.68000000001794,1.0
13969,139.69000000001793,1.0
13970,139.70000000001792,1.0
13971,139.7100000000179,1.0
13972,139.7200000000179,1.0
13973,139.7300000000179,1.0
13974,139.7400000000179,1.0
13975,139.75000000001788,1.0
13976,139.76000000001787,1.0
13977,139.77000000001786,1.0
13978,139.78000000001785,1.0
13979,139.79000000001784,1.0
13980,139.80000000001783,1.0
13981,139.81000000001782,1.0
13982,139.8200000000178,1.0
13983,139.8300000000178,1.0
13984,139.8400000000178,1.0
13985,139.8500000000178,1.0
13986,139.86000000001778,1.0
13987,139.87000000001777,1.0
13988,139.88000000001776,1.0
13989,139.89000000001775,1.0
13990,139.90000000001774,1.0
13991,139.91000000001773,1.0
13992,139.92000000001772,1.0
13993,139.9300000000177,1.0
13994,139.9400000000177,1.0
13995,139.9500000000177,1.0
13996,139.9600000000177,1.0
13997,139.97000000001768,1.0
13998,139.98000000001767,1.0
13999,139.99000000001766,1.0
14000,140.00000000001765,1.0
14001,140.01000000001764,1.0
14002,140.02000000001763,1.0
14003,140.03000000001762,1.0
14004,140.0400000000176,1.0
14005,140.0500000000176,1.0
14006,140.0600000000176,1.0
14007,140.0700000000176,1.0
14008,140.08000000001758,1.0
14009,140.09000000001757,1.0
14010,140.10000000001756,1.0
14011,140.11000000001755,1.0
14012,140.12000000001754,1.0
14013,140.13000000001753,1.0
14014,140.14000000001752,1.0
14015,140.1500000000175,1.0
14016,140.1600000000175,1.0
14017,140.1700000000175,1.0
14018,140.1800000000175,1.0
14019,140.19000000001748,1.0
14020,140.20000000001747,1.0
14021,140.21000000001746,1.0
14022,140.22000000001745,1.0
14023,140.23000000001744,1.0
14024,140.24000000001743,1.0
14025,140.25000000001742,1.0
14026,140.2600000000174,1.0
14027,140.2700000000174,1.0
14028,140.2800000000174,1.0
14029,140.2900000000174,1.0
14030,140.30000000001738,1.0
14031,140.31000000001737,1.0
14032,140.32000000001736,1.0
14033,140.33000000001735,1.0
14034,140.34000000001734,1.0
14035,140.35000000001733,1.0
14036,140.36000000001732,1.0
14037,140.3700000000173,1.0
14038,140.3800000000173,1.0
14039,140.3900000000173,1.0
14040,140.4000000000173,1.0
14041,140.41000000001728,1.0
14042,140.42000000001727,1.0
14043,140.43000000001726,1.0
14044,140.44000000001725,1.0
14045,140.45000000001724,1.0
14046,140.46000000001723,1.0
14047,140.47000000001722,1.0
14048,140.4800000000172,1.0
14049,140.4900000000172,1.0
14050,140.5000000000172,1.0
14051,140.5100000000172,1.0
14052,140.52000000001718,1.0
14053,140.53000000001717,1.0
14054,140.54000000001716,1.0
14055,140.55000000001715,1.0
14056,140.56000000001714,1.0
14057,140.57000000001713,1.0
14058,140.58000000001712,1.0
14059,140.5900000000171,1.0
14060,140.6000000000171,1.0
14061,140.6100000000171,1.0
14062,140.6200000000171,1.0
14063,140.63000000001708,1.0
14064,140.64000000001707,1.0
14065,140.65000000001706,1.0
14066,140.66000000001705,1.0
14067,140.67000000001704,1.0
14068,140.68000000001703,1.0
14069,140.69000000001702,1.0
14070,140.700000000017,1.0
14071,140.710000000017,1.0
14072,140.720000000017,1.0
14073,140.730000000017,1.0
14074,140.74000000001698,1.0
14075,140.75000000001697,1.0
14076,140.76000000001696,1.0
14077,140.77000000001695,1.0
14078,140.78000000001694,1.0
14079,140.79000000001693,1.0
14080,140.80000000001692,1.0
14081,140.8100000000169,1.0
14082,140.8200000000169,1.0
14083,140.8300000000169,1.0
14084,140.8400000000169,1.0
14085,140.85000000001688,1.0
14086,140.86000000001687,1.0
14087,140.87000000001686,1.0
14088,140.88000000001685,1.0
14089,140.89000000001684,1.0
14090,140.90000000001683,1.0
14091,140.91000000001682,1.0
14092,140.9200000000168,1.0
14093,140.9300000000168,1.0
14094,140.9400000000168,1.0
14095,140.9500000000168,1.0
14096,140.96000000001678,1.0
14097,140.97000000001677,1.0
14098,140.98000000001676,1.0
14099,140.99000000001675,1.0
14100,141.00000000001674,1.0
14101,141.01000000001673,1.0
14102,141.02000000001672,1.0
14103,141.0300000000167,1.0
14104,141.0400000000167,1.0
14105,141.0500000000167,1.0
14106,141.0600000000167,1.0
14107,141.07000000001668,1.0
14108,141.08000000001667,1.0
14109,141.09000000001666,1.0
14110,141.10000000001665,1.0
14111,141.11000000001664,1.0
14112,141.12000000001663,1.0
14113,141.13000000001662,1.0
14114,141.1400000000166,1.0
14115,141.1500000000166,1.0
14116,141.1600000000166,1.0
14117,141.17000000001659,1.0
14118,141.18000000001658,1.0
14119,141.19000000001657,1.0
14120,141.20000000001656,1.0
14121,141.21000000001655,1.0
14122,141.22000000001654,1.0
14123,141.23000000001653,1.0
14124,141.24000000001652,1.0
14125,141.2500000000165,1.0
14126,141.2600000000165,1.0
14127,141.2700000000165,1.0
14128,141.28000000001649,1.0
14129,141.29000000001648,1.0
14130,141.30000000001647,1.0
14131,141.31000000001646,1.0
14132,141.32000000001645,1.0
14133,141.33000000001644,1.0
14134,141.34000000001643,1.0
14135,141.35000000001642,1.0
14136,141.3600000000164,1.0
14137,141.3700000000164,1.0
14138,141.3800000000164,1.0
14139,141.39000000001639,1.0
14140,141.40000000001638,1.0
14141,141.41000000001637,1.0
14142,141.42000000001636,1.0
14143,141.43000000001635,1.0
14144,141.44000000001634,1.0
14145,141.45000000001633,1.0
14146,141.46000000001632,1.0
14147,141.4700000000163,1.0
14148,141.4800000000163,1.0
14149,141.4900000000163,1.0
14150,141.50000000001629,1.0
14151,141.51000000001628,1.0
14152,141.52000000001627,1.0
14153,141.53000000001626,1.0
14154,141.54000000001625,1.0
14155,141.55000000001624,1.0
14156,141.56000000001623,1.0
14157,141.57000000001622,1.0
14158,141.5800000000162,1.0
14159,141.5900000000162,1.0
14160,141.6000000000162,1.0
14161,141.61000000001619,1.0
14162,141.62000000001618,1.0
14163,141.63000000001617,1.0
14164,141.64000000001616,1.0
14165,141.65000000001615,1.0
14166,141.66000000001614,1.0
14167,141.67000000001613,1.0
14168,141.68000000001612,1.0
14169,141.6900000000161,1.0
14170,141.7000000000161,1.0
14171,141.7100000000161,1.0
14172,141.72000000001609,1.0
14173,141.73000000001608,1.0
14174,141.74000000001607,1.0
14175,141.75000000001606,1.0
14176,141.76000000001605,1.0
14177,141.77000000001604,1.0
14178,141.78000000001603,1.0
14179,141.79000000001602,1.0
14180,141.800000000016,1.0
14181,141.810000000016,1.0
14182,141.820000000016,1.0
14183,141.83000000001599,1.0
14184,141.84000000001598,1.0
14185,141.85000000001597,1.0
14186,141.86000000001596,1.0
14187,141.87000000001595,1.0
14188,141.88000000001594,1.0
14189,141.89000000001593,1.0
14190,141.90000000001592,1.0
14191,141.9100000000159,1.0
14192,141.9200000000159,1.0
14193,141.9300000000159,1.0
14194,141.94000000001589,1.0
14195,141.95000000001588,1.0
14196,141.96000000001587,1.0
14197,141.97000000001586,1.0
14198,141.98000000001585,1.0
14199,141.99000000001584,1.0
14200,142.00000000001583,1.0
14201,142.01000000001582,1.0
14202,142.0200000000158,1.0
14203,142.0300000000158,1.0
14204,142.0400000000158,1.0
14205,142.05000000001579,1.0
14206,142.06000000001578,1.0
14207,142.07000000001577,1.0
14208,142.08000000001576,1.0
14209,142.09000000001575,1.0
14210,142.10000000001574,1.0
14211,142.11000000001573,1.0
14212,142.12000000001572,1.0
14213,142.1300000000157,1.0
14214,142.1400000000157,1.0
14215,142.1500000000157,1.0
14216,142.16000000001569,1.0
14217,142.17000000001568,1.0
14218,142.18000000001567,1.0
14219,142.19000000001566,1.0
14220,142.20000000001565,1.0
14221,142.21000000001564,1.0
14222,142.22000000001563,1.0
14223,142.23000000001562,1.0
14224,142.2400000000156,1.0
14225,142.2500000000156,1.0
14226,142.2600000000156,1.0
14227,142.27000000001559,1.0
14228,142.28000000001558,1.0
14229,142.29000000001557,1.0
14230,142.30000000001556,1.0
14231,142.31000000001555,1.0
14232,142.32000000001554,1.0
14233,142.33000000001553,1.0
14234,142.34000000001552,1.0
14235,142.3500000000155,1.0
14236,142.3600000000155,1.0
14237,142.3700000000155,1.0
14238,142.38000000001549,1.0
14239,142.39000000001548,1.0
14240,142.40000000001547,1.0
14241,142.41000000001546,1.0
14242,142.42000000001545,1.0
14243,142.43000000001544,1.0
14244,142.44000000001543,1.0
14245,142.45000000001542,1.0
14246,142.4600000000154,1.0
14247,142.4700000000154,1.0
14248,142.4800000000154,1.0
14249,142.49000000001539,1.0
14250,142.50000000001538,1.0
14251,142.51000000001537,1.0
14252,142.52000000001536,1.0
14253,142.53000000001535,1.0
14254,142.54000000001534,1.0
14255,142.55000000001533,1.0
14256,142.56000000001532,1.0
14257,142.5700000000153,1.0
14258,142.5800000000153,1.0
14259,142.5900000000153,1.0
14260,142.60000000001529,1.0
14261,142.61000000001528,1.0
14262,142.62000000001527,1.0
14263,142.63000000001526,1.0
14264,142.64000000001525,1.0
14265,142.65000000001524,1.0
14266,142.66000000001523,1.0
14267,142.67000000001522,1.0
14268,142.6800000000152,1.0
14269,142.6900000000152,1.0
14270,142.7000000000152,1.0
14271,142.71000000001519,1.0
14272,142.72000000001518,1.0
14273,142.73000000001517,1.0
14274,142.74000000001516,1.0
14275,142.75000000001515,1.0
14276,142.76000000001514,1.0
14277,142.77000000001513,1.0
14278,142.78000000001512,1.0
14279,142.7900000000151,1.0
14280,142.8000000000151,1.0
14281,142.8100000000151,1.0
14282,142.82000000001509,1.0
14283,142.83000000001508,1.0
14284,142.84000000001507,1.0
14285,142.85000000001506,1.0
14286,142.86000000001505,1.0
14287,142.87000000001504,1.0
14288,142.88000000001503,1.0
14289,142.89000000001502,1.0
14290,142.900000000015,1.0
14291,142.910000000015,1.0
14292,142.920000000015,1.0
14293,142.93000000001499,1.0
14294,142.94000000001498,1.0
14295,142.95000000001497,1.0
14296,142.96000000001496,1.0
14297,142.97000000001495,1.0
14298,142.98000000001494,1.0
14299,142.99000000001493,1.0
14300,143.00000000001492,1.0
14301,143.0100000000149,1.0
14302,143.0200000000149,1.0
14303,143.0300000000149,1.0
14304,143.04000000001489,1.0
14305,143.05000000001488,1.0
14306,143.06000000001487,1.0
14307,143.07000000001486,1.0
14308,143.08000000001485,1.0
14309,143.09000000001484,1.0
14310,143.10000000001483,1.0
14311,143.11000000001482,1.0
14312,143.1200000000148,1.0
14313,143.1300000000148,1.0
14314,143.1400000000148,1.0
14315,143.15000000001478,1.0
14316,143.16000000001478,1.0
14317,143.17000000001477,1.0
14318,143.18000000001476,1.0
14319,143.19000000001475,1.0
14320,143.20000000001474,1.0
14321,143.21000000001473,1.0
14322,143.22000000001472,1.0
14323,143.2300000000147,1.0
14324,143.2400000000147,1.0
14325,143.2500000000147,1.0
14326,143.26000000001468,1.0
14327,143.27000000001468,1.0
14328,143.28000000001467,1.0
14329,143.29000000001466,1.0
14330,143.30000000001465,1.0
14331,143.31000000001464,1.0
14332,143.32000000001463,1.0
14333,143.33000000001462,1.0
14334,143.3400000000146,1.0
14335,143.3500000000146,1.0
14336,143.3600000000146,1.0
14337,143.37000000001458,1.0
14338,143.38000000001458,1.0
14339,143.39000000001457,1.0
14340,143.40000000001456,1.0
14341,143.41000000001455,1.0
14342,143.42000000001454,1.0
14343,143.43000000001453,1.0
14344,143.44000000001452,1.0
14345,143.4500000000145,1.0
14346,143.4600000000145,1.0
14347,143.4700000000145,1.0
14348,143.48000000001448,1.0
14349,143.49000000001448,1.0
14350,143.50000000001447,1.0
14351,143.51000000001446,1.0
14352,143.52000000001445,1.0
14353,143.53000000001444,1.0
14354,143.54000000001443,1.0
14355,143.55000000001442,1.0
14356,143.5600000000144,1.0
14357,143.5700000000144,1.0
14358,143.5800000000144,1.0
14359,143.59000000001438,1.0
14360,143.60000000001438,1.0
14361,143.61000000001437,1.0
14362,143.62000000001436,1.0
14363,143.63000000001435,1.0
14364,143.64000000001434,1.0
14365,143.65000000001433,1.0
14366,143.66000000001432,1.0
14367,143.6700000000143,1.0
14368,143.6800000000143,1.0
14369,143.6900000000143,1.0
14370,143.70000000001428,1.0
14371,143.71000000001428,1.0
14372,143.72000000001427,1.0
14373,143.73000000001426,1.0
14374,143.74000000001425,1.0
14375,143.75000000001424,1.0
14376,143.76000000001423,1.0
14377,143.77000000001422,1.0
14378,143.7800000000142,1.0
14379,143.7900000000142,1.0
14380,143.8000000000142,1.0
14381,143.81000000001418,1.0
14382,143.82000000001418,1.0
14383,143.83000000001417,1.0
14384,143.84000000001416,1.0
14385,143.85000000001415,1.0
14386,143.86000000001414,1.0
14387,143.87000000001413,1.0
14388,143.88000000001412,1.0
14389,143.8900000000141,1.0
14390,143.9000000000141,1.0
14391,143.9100000000141,1.0
14392,143.92000000001408,1.0
14393,143.93000000001408,1.0
14394,143.94000000001407,1.0
14395,143.95000000001406,1.0
14396,143.96000000001405,1.0
14397,143.97000000001404,1.0
14398,143.98000000001403,1.0
14399,143.99000000001402,1.0
14400,144.000000000014,1.0
14401,144.010000000014,1.0
14402,144.020000000014,1.0
14403,144.03000000001398,1.0
14404,144.04000000001398,1.0
14405,144.05000000001397,1.0
14406,144.06000000001396,1.0
14407,144.07000000001395,1.0
14408,144.08000000001394,1.0
14409,144.09000000001393,1.0
14410,144.10000000001392,1.0
14411,144.1100000000139,1.0
14412,144.1200000000139,1.0
14413,144.1300000000139,1.0
14414,144.14000000001388,1.0
14415,144.15000000001388,1.0
14416,144.16000000001387,1.0
14417,144.17000000001386,1.0
14418,144.18000000001385,1.0
14419,144.19000000001384,1.0
14420,144.20000000001383,1.0
14421,144.21000000001382,1.0
14422,144.2200000000138,1.0
14423,144.2300000000138,1.0
14424,144.2400000000138,1.0
14425,144.25000000001378,1.0
14426,144.26000000001378,1.0
14427,144.27000000001377,1.0
14428,144.28000000001376,1.0
14429,144.29000000001375,1.0
14430,144.30000000001374,1.0
14431,144.31000000001373,1.0
14432,144.32000000001372,1.0
14433,144.3300000000137,1.0
14434,144.3400000000137,1.0
14435,144.3500000000137,1.0
14436,144.36000000001368,1.0
14437,144.37000000001368,1.0
14438,144.38000000001367,1.0
14439,144.39000000001366,1.0
14440,144.40000000001365,1.0
14441,144.41000000001364,1.0
14442,144.42000000001363,1.0
14443,144.43000000001362,1.0
14444,144.4400000000136,1.0
14445,144.4500000000136,1.0
14446,144.4600000000136,1.0
14447,144.47000000001358,1.0
14448,144.48000000001358,1.0
14449,144.49000000001357,1.0
14450,144.50000000001356,1.0
14451,144.51000000001355,1.0
14452,144.52000000001354,1.0
14453,144.53000000001353,1.0
14454,144.54000000001352,1.0
14455,144.5500000000135,1.0
14456,144.5600000000135,1.0
14457,144.5700000000135,1.0
14458,144.58000000001348,1.0
14459,144.59000000001348,1.0
14460,144.60000000001347,1.0
14461,144.61000000001346,1.0
14462,144.62000000001345,1.0
14463,144.63000000001344,1.0
14464,144.64000000001343,1.0
14465,144.65000000001342,1.0
14466,144.6600000000134,1.0
14467,144.6700000000134,1.0
14468,144.6800000000134,1.0
14469,144.69000000001338,1.0
14470,144.70000000001338,1.0
14471,144.71000000001337,1.0
14472,144.72000000001336,1.0
14473,144.73000000001335,1.0
14474,144.74000000001334,1.0
14475,144.75000000001333,1.0
14476,144.76000000001332,1.0
14477,144.7700000000133,1.0
14478,144.7800000000133,1.0
14479,144.7900000000133,1.0
14480,144.80000000001328,1.0
14481,144.81000000001328,1.0
14482,144.82000000001327,1.0
14483,144.83000000001326,1.0
14484,144.84000000001325,1.0
14485,144.85000000001324,1.0
14486,144.86000000001323,1.0
14487,144.87000000001322,1.0
14488,144.8800000000132,1.0
14489,144.8900000000132,1.0
14490,144.9000000000132,1.0
14491,144.91000000001318,1.0
14492,144.92000000001318,1.0
14493,144.93000000001317,1.0
14494,144.94000000001316,1.0
14495,144.95000000001315,1.0
14496,144.96000000001314,1.0
14497,144.97000000001313,1.0
14498,144.98000000001312,1.0
14499,144.9900000000131,1.0
14500,145.0000000000131,1.0
14501,145.0100000000131,1.0
14502,145.02000000001308,1.0
14503,145.03000000001308,1.0
14504,145.04000000001307,1.0
14505,145.05000000001306,1.0
14506,145.06000000001305,1.0
14507,145.07000000001304,1.0
14508,145.08000000001303,1.0
14509,145.09000000001302,1.0
14510,145.100000000013,1.0
14511,145.110000000013,1.0
14512,145.120000000013,1.0
14513,145.13000000001298,1.0
14514,145.14000000001298,1.0
14515,145.15000000001297,1.0
14516,145.16000000001296,1.0
14517,145.17000000001295,1.0
14518,145.18000000001294,1.0
14519,145.19000000001293,1.0
14520,145.20000000001292,1.0
14521,145.2100000000129,1.0
14522,145.2200000000129,1.0
14523,145.2300000000129,1.0
14524,145.24000000001288,1.0
14525,145.25000000001288,1.0
14526,145.26000000001287,1.0
14527,145.27000000001286,1.0
14528,145.28000000001285,1.0
14529,145.29000000001284,1.0
14530,145.30000000001283,1.0
14531,145.31000000001282,1.0
14532,145.3200000000128,1.0
14533,145.3300000000128,1.0
14534,145.3400000000128,1.0
14535,145.35000000001278,1.0
14536,145.36000000001277,1.0
14537,145.37000000001277,1.0
14538,145.38000000001276,1.0
14539,145.39000000001275,1.0
14540,145.40000000001274,1.0
14541,145.41000000001273,1.0
14542,145.42000000001272,1.0
14543,145.4300000000127,1.0
14544,145.4400000000127,1.0
14545,145.4500000000127,1.0
14546,145.46000000001268,1.0
14547,145.47000000001267,1.0
14548,145.48000000001267,1.0
14549,145.49000000001266,1.0
14550,145.50000000001265,1.0
14551,145.51000000001264,1.0
14552,145.52000000001263,1.0
14553,145.53000000001262,1.0
14554,145.5400000000126,1.0
14555,145.5500000000126,1.0
14556,145.5600000000126,1.0
14557,145.57000000001258,1.0
14558,145.58000000001257,1.0
14559,145.59000000001257,1.0
14560,145.60000000001256,1.0
14561,145.61000000001255,1.0
14562,145.62000000001254,1.0
14563,145.63000000001253,1.0
14564,145.64000000001252,1.0
14565,145.6500000000125,1.0
14566,145.6600000000125,1.0
14567,145.6700000000125,1.0
14568,145.68000000001248,1.0
14569,145.69000000001247,1.0
14570,145.70000000001247,1.0
14571,145.71000000001246,1.0
14572,145.72000000001245,1.0
14573,145.73000000001244,1.0
14574,145.74000000001243,1.0
14575,145.75000000001242,1.0
14576,145.7600000000124,1.0
14577,145.7700000000124,1.0
14578,145.7800000000124,1.0
14579,145.79000000001238,1.0
14580,145.80000000001237,1.0
14581,145.81000000001237,1.0
14582,145.82000000001236,1.0
14583,145.83000000001235,1.0
14584,145.84000000001234,1.0
14585,145.85000000001233,1.0
14586,145.86000000001232,1.0
14587,145.8700000000123,1.0
14588,145.8800000000123,1.0
14589,145.8900000000123,1.0
14590,145.90000000001228,1.0
14591,145.91000000001227,1.0
14592,145.92000000001227,1.0
14593,145.93000000001226,1.0
14594,145.94000000001225,1.0
14595,145.95000000001224,1.0
14596,145.96000000001223,1.0
14597,145.97000000001222,1.0
14598,145.9800000000122,1.0
14599,145.9900000000122,1.0
14600,146.0000000000122,1.0
14601,146.01000000001218,1.0
14602,146.02000000001217,1.0
14603,146.03000000001217,1.0
14604,146.04000000001216,1.0
14605,146.05000000001215,1.0
14606,146.06000000001214,1.0
14607,146.07000000001213,1.0
14608,146.08000000001212,1.0
14609,146.0900000000121,1.0
14610,146.1000000000121,1.0
14611,146.1100000000121,1.0
14612,146.12000000001208,1.0
14613,146.13000000001207,1.0
14614,146.14000000001207,1.0
14615,146.15000000001206,1.0
14616,146.16000000001205,1.0
14617,146.17000000001204,1.0
14618,146.18000000001203,1.0
14619,146.19000000001202,1.0
14620,146.200000000012,1.0
14621,146.210000000012,1.0
14622,146.220000000012,1.0
14623,146.23000000001198,1.0
14624,146.24000000001197,1.0
14625,146.25000000001197,1.0
14626,146.26000000001196,1.0
14627,146.27000000001195,1.0
14628,146.28000000001194,1.0
14629,146.29000000001193,1.0
14630,146.30000000001192,1.0
14631,146.3100000000119,1.0
14632,146.3200000000119,1.0
14633,146.3300000000119,1.0
14634,146.34000000001188,1.0
14635,146.35000000001187,1.0
14636,146.36000000001187,1.0
14637,146.37000000001186,1.0
14638,146.38000000001185,1.0
14639,146.39000000001184,1.0
14640,146.40000000001183,1.0
14641,146.41000000001182,1.0
14642,146.4200000000118,1.0
14643,146.4300000000118,1.0
14644,146.4400000000118,1.0
14645,146.45000000001178,1.0
14646,146.46000000001177,1.0
14647,146.47000000001177,1.0
14648,146.48000000001176,1.0
14649,146.49000000001175,1.0
14650,146.50000000001174,1.0
14651,146.51000000001173,1.0
14652,146.52000000001172,1.0
14653,146.5300000000117,1.0
14654,146.5400000000117,1.0
14655,146.5500000000117,1.0
14656,146.56000000001168,1.0
14657,146.57000000001167,1.0
14658,146.58000000001167,1.0
14659,146.59000000001166,1.0
14660,146.60000000001165,1.0
14661,146.61000000001164,1.0
14662,146.62000000001163,1.0
14663,146.63000000001162,1.0
14664,146.6400000000116,1.0
14665,146.6500000000116,1.0
14666,146.6600000000116,1.0
14667,146.67000000001158,1.0
14668,146.68000000001157,1.0
14669,146.69000000001157,1.0
14670,146.70000000001156,1.0
14671,146.71000000001155,1.0
14672,146.72000000001154,1.0
14673,146.73000000001153,1.0
14674,146.74000000001152,1.0
14675,146.7500000000115,1.0
14676,146.7600000000115,1.0
14677,146.7700000000115,1.0
14678,146.78000000001148,1.0
14679,146.79000000001147,1.0
14680,146.80000000001147,1.0
14681,146.81000000001146,1.0
14682,146.82000000001145,1.0
14683,146.83000000001144,1.0
14684,146.84000000001143,1.0
14685,146.85000000001142,1.0
14686,146.8600000000114,1.0
14687,146.8700000000114,1.0
14688,146.8800000000114,1.0
14689,146.89000000001138,1.0
14690,146.90000000001137,1.0
14691,146.91000000001137,1.0
14692,146.92000000001136,1.0
14693,146.93000000001135,1.0
14694,146.94000000001134,1.0
14695,146.95000000001133,1.0
14696,146.96000000001132,1.0
14697,146.9700000000113,1.0
14698,146.9800000000113,1.0
14699,146.9900000000113,1.0
14700,147.00000000001128,1.0
14701,147.01000000001127,1.0
14702,147.02000000001127,1.0
14703,147.03000000001126,1.0
14704,147.04000000001125,1.0
14705,147.05000000001124,1.0
14706,147.06000000001123,1.0
14707,147.07000000001122,1.0
14708,147.0800000000112,1.0
14709,147.0900000000112,1.0
14710,147.1000000000112,1.0
14711,147.11000000001118,1.0
14712,147.12000000001117,1.0
14713,147.13000000001117,1.0
14714,147.14000000001116,1.0
14715,147.15000000001115,1.0
14716,147.16000000001114,1.0
14717,147.17000000001113,1.0
14718,147.18000000001112,1.0
14719,147.1900000000111,1.0
14720,147.2000000000111,1.0
14721,147.2100000000111,1.0
14722,147.22000000001108,1.0
14723,147.23000000001107,1.0
14724,147.24000000001107,1.0
14725,147.25000000001106,1.0
14726,147.26000000001105,1.0
14727,147.27000000001104,1.0
14728,147.28000000001103,1.0
14729,147.29000000001102,1.0
14730,147.300000000011,1.0
14731,147.310000000011,1.0
14732,147.320000000011,1.0
14733,147.33000000001098,1.0
14734,147.34000000001097,1.0
14735,147.35000000001097,1.0
14736,147.36000000001096,1.0
14737,147.37000000001095,1.0
14738,147.38000000001094,1.0
14739,147.39000000001093,1.0
14740,147.40000000001092,1.0
14741,147.4100000000109,1.0
14742,147.4200000000109,1.0
14743,147.4300000000109,1.0
14744,147.44000000001088,1.0
14745,147.45000000001087,1.0
14746,147.46000000001087,1.0
14747,147.47000000001086,1.0
14748,147.48000000001085,1.0
14749,147.49000000001084,1.0
14750,147.50000000001083,1.0
14751,147.51000000001082,1.0
14752,147.5200000000108,1.0
14753,147.5300000000108,1.0
14754,147.5400000000108,1.0
14755,147.55000000001078,1.0
14756,147.56000000001077,1.0
14757,147.57000000001077,1.0
14758,147.58000000001076,1.0
14759,147.59000000001075,1.0
14760,147.60000000001074,1.0
14761,147.61000000001073,1.0
14762,147.62000000001072,1.0
14763,147.6300000000107,1.0
14764,147.6400000000107,1.0
14765,147.6500000000107,1.0
14766,147.66000000001068,1.0
14767,147.67000000001067,1.0
14768,147.68000000001066,1.0
14769,147.69000000001066,1.0
14770,147.70000000001065,1.0
14771,147.71000000001064,1.0
14772,147.72000000001063,1.0
14773,147.73000000001062,1.0
14774,147.7400000000106,1.0
14775,147.7500000000106,1.0
14776,147.7600000000106,1.0
14777,147.77000000001058,1.0
14778,147.78000000001057,1.0
14779,147.79000000001056,1.0
14780,147.80000000001056,1.0
14781,147.81000000001055,1.0
14782,147.82000000001054,1.0
14783,147.83000000001053,1.0
14784,147.84000000001052,1.0
14785,147.8500000000105,1.0
14786,147.8600000000105,1.0
14787,147.8700000000105,1.0
14788,147.88000000001048,1.0
14789,147.89000000001047,1.0
14790,147.90000000001046,1.0
14791,147.91000000001046,1.0
14792,147.92000000001045,1.0
14793,147.93000000001044,1.0
14794,147.94000000001043,1.0
14795,147.95000000001042,1.0
14796,147.9600000000104,1.0
14797,147.9700000000104,1.0
14798,147.9800000000104,1.0
14799,147.99000000001038,1.0
14800,148.00000000001037,1.0
14801,148.01000000001036,1.0
14802,148.02000000001036,1.0
14803,148.03000000001035,1.0
14804,148.04000000001034,1.0
14805,148.05000000001033,1.0
14806,148.06000000001032,1.0
14807,148.0700000000103,1.0
14808,148.0800000000103,1.0
14809,148.0900000000103,1.0
14810,148.10000000001028,1.0
14811,148.11000000001027,1.0
14812,148.12000000001026,1.0
14813,148.13000000001026,1.0
14814,148.14000000001025,1.0
14815,148.15000000001024,1.0
14816,148.16000000001023,1.0
14817,148.17000000001022,1.0
14818,148.1800000000102,1.0
14819,148.1900000000102,1.0
14820,148.2000000000102,1.0
14821,148.21000000001018,1.0
14822,148.22000000001017,1.0
14823,148.23000000001016,1.0
14824,148.24000000001016,1.0
14825,148.25000000001015,1.0
14826,148.26000000001014,1.0
14827,148.27000000001013,1.0
14828,148.28000000001012,1.0
14829,148.2900000000101,1.0
14830,148.3000000000101,1.0
14831,148.3100000000101,1.0
14832,148.32000000001008,1.0
14833,148.33000000001007,1.0
14834,148.34000000001006,1.0
14835,148.35000000001006,1.0
14836,148.36000000001005,1.0
14837,148.37000000001004,1.0
14838,148.38000000001003,1.0
14839,148.39000000001002,1.0
14840,148.40000000001,1.0
14841,148.41000000001,1.0
14842,148.42000000001,1.0
14843,148.43000000000998,1.0
14844,148.44000000000997,1.0
14845,148.45000000000996,1.0
14846,148.46000000000996,1.0
14847,148.47000000000995,1.0
14848,148.48000000000994,1.0
14849,148.49000000000993,1.0
14850,148.50000000000992,1.0
14851,148.5100000000099,1.0
14852,148.5200000000099,1.0
14853,148.5300000000099,1.0
14854,148.54000000000988,1.0
14855,148.55000000000987,1.0
14856,148.56000000000986,1.0
14857,148.57000000000986,1.0
14858,148.58000000000985,1.0
14859,148.59000000000984,1.0
14860,148.60000000000983,1.0
14861,148.61000000000982,1.0
14862,148.6200000000098,1.0
14863,148.6300000000098,1.0
14864,148.6400000000098,1.0
14865,148.65000000000978,1.0
14866,148.66000000000977,1.0
14867,148.67000000000976,1.0
14868,148.68000000000976,1.0
14869,148.69000000000975,1.0
14870,148.70000000000974,1.0
14871,148.71000000000973,1.0
14872,148.72000000000972,1.0
14873,148.7300000000097,1.0
14874,148.7400000000097,1.0
14875,148.7500000000097,1.0
14876,148.76000000000968,1.0
14877,148.77000000000967,1.0
14878,148.78000000000966,1.0
14879,148.79000000000966,1.0
14880,148.80000000000965,1.0
14881,148.81000000000964,1.0
14882,148.82000000000963,1.0
14883,148.83000000000962,1.0
14884,148.8400000000096,1.0
14885,148.8500000000096,1.0
14886,148.8600000000096,1.0
14887,148.87000000000958,1.0
14888,148.88000000000957,1.0
14889,148.89000000000956,1.0
14890,148.90000000000956,1.0
14891,148.91000000000955,1.0
14892,148.92000000000954,1.0
14893,148.93000000000953,1.0
14894,148.94000000000952,1.0
14895,148.9500000000095,1.0
14896,148.9600000000095,1.0
14897,148.9700000000095,1.0
14898,148.98000000000948,1.0
14899,148.99000000000947,1.0
14900,149.00000000000946,1.0
14901,149.01000000000946,1.0
14902,149.02000000000945,1.0
14903,149.03000000000944,1.0
14904,149.04000000000943,1.0
14905,149.05000000000942,1.0
14906,149.0600000000094,1.0
14907,149.0700000000094,1.0
14908,149.0800000000094,1.0
14909,149.09000000000938,1.0
14910,149.10000000000937,1.0
14911,149.11000000000936,1.0
14912,149.12000000000936,1.0
14913,149.13000000000935,1.0
14914,149.14000000000934,1.0
14915,149.15000000000933,1.0
14916,149.16000000000932,1.0
14917,149.1700000000093,1.0
14918,149.1800000000093,1.0
14919,149.1900000000093,1.0
14920,149.20000000000928,1.0
14921,149.21000000000927,1.0
14922,149.22000000000926,1.0
14923,149.23000000000926,1.0
14924,149.24000000000925,1.0
14925,149.25000000000924,1.0
14926,149.26000000000923,1.0
14927,149.27000000000922,1.0
14928,149.2800000000092,1.0
14929,149.2900000000092,1.0
14930,149.3000000000092,1.0
14931,149.31000000000918,1.0
14932,149.32000000000917,1.0
14933,149.33000000000916,1.0
14934,149.34000000000916,1.0
14935,149.35000000000915,1.0
14936,149.36000000000914,1.0
14937,149.37000000000913,1.0
14938,149.38000000000912,1.0
14939,149.3900000000091,1.0
14940,149.4000000000091,1.0
14941,149.4100000000091,1.0
14942,149.42000000000908,1.0
14943,149.43000000000907,1.0
14944,149.44000000000906,1.0
14945,149.45000000000906,1.0
14946,149.46000000000905,1.0
14947,149.47000000000904,1.0
14948,149.48000000000903,1.0
14949,149.49000000000902,1.0
14950,149.500000000009,1.0
14951,149.510000000009,1.0
14952,149.520000000009,1.0
14953,149.53000000000898,1.0
14954,149.54000000000897,1.0
14955,149.55000000000896,1.0
14956,149.56000000000896,1.0
14957,149.57000000000895,1.0
14958,149.58000000000894,1.0
14959,149.59000000000893,1.0
14960,149.60000000000892,1.0
14961,149.6100000000089,1.0
14962,149.6200000000089,1.0
14963,149.6300000000089,1.0
14964,149.64000000000888,1.0
14965,149.65000000000887,1.0
14966,149.66000000000886,1.0
14967,149.67000000000886,1.0
14968,149.68000000000885,1.0
14969,149.69000000000884,1.0
14970,149.70000000000883,1.0
14971,149.71000000000882,1.0
14972,149.7200000000088,1.0
14973,149.7300000000088,1.0
14974,149.7400000000088,1.0
14975,149.75000000000878,1.0
14976,149.76000000000877,1.0
14977,149.77000000000876,1.0
14978,149.78000000000876,1.0
14979,149.79000000000875,1.0
14980,149.80000000000874,1.0
14981,149.81000000000873,1.0
14982,149.82000000000872,1.0
14983,149.8300000000087,1.0
14984,149.8400000000087,1.0
14985,149.8500000000087,1.0
14986,149.86000000000868,1.0
14987,149.87000000000867,1.0
14988,149.88000000000866,1.0
14989,149.89000000000865,1.0
14990,149.90000000000865,1.0
14991,149.91000000000864,1.0
14992,149.92000000000863,1.0
14993,149.93000000000862,1.0
14994,149.9400000000086,1.0
14995,149.9500000000086,1.0
14996,149.9600000000086,1.0
14997,149.97000000000858,1.0
14998,149.98000000000857,1.0
14999,149.99000000000856,1.0
15000,150.00000000000855,1.0
15001,150.01000000000855,1.0
15002,150.02000000000854,1.0
15003,150.03000000000853,1.0
15004,150.04000000000852,1.0
15005,150.0500000000085,1.0
15006,150.0600000000085,1.0
15007,150.0700000000085,1.0
15008,150.08000000000848,1.0
15009,150.09000000000847,1.0
15010,150.10000000000846,1.0
15011,150.11000000000845,1.0
15012,150.12000000000845,1.0
15013,150.13000000000844,1.0
15014,150.14000000000843,1.0
15015,150.15000000000842,1.0
15016,150.1600000000084,1.0
15017,150.1700000000084,1.0
15018,150.1800000000084,1.0
15019,150.19000000000838,1.0
15020,150.20000000000837,1.0
15021,150.21000000000836,1.0
15022,150.22000000000835,1.0
15023,150.23000000000835,1.0
15024,150.24000000000834,1.0
15025,150.25000000000833,1.0
15026,150.26000000000832,1.0
15027,150.2700000000083,1.0
15028,150.2800000000083,1.0
15029,150.2900000000083,1.0
15030,150.30000000000828,1.0
15031,150.31000000000827,1.0
15032,150.32000000000826,1.0
15033,150.33000000000825,1.0
15034,150.34000000000825,1.0
15035,150.35000000000824,1.0
15036,150.36000000000823,1.0
15037,150.37000000000822,1.0
15038,150.3800000000082,1.0
15039,150.3900000000082,1.0
15040,150.4000000000082,1.0
15041,150.41000000000818,1.0
15042,150.42000000000817,1.0
15043,150.43000000000816,1.0
15044,150.44000000000815,1.0
15045,150.45000000000815,1.0
15046,150.46000000000814,1.0
15047,150.47000000000813,1.0
15048,150.48000000000812,1.0
15049,150.4900000000081,1.0
15050,150.5000000000081,1.0
15051,150.5100000000081,1.0
15052,150.52000000000808,1.0
15053,150.53000000000807,1.0
15054,150.54000000000806,1.0
15055,150.55000000000805,1.0
15056,150.56000000000805,1.0
15057,150.57000000000804,1.0
15058,150.58000000000803,1.0
15059,150.59000000000802,1.0
15060,150.600000000008,1.0
15061,150.610000000008,1.0
15062,150.620000000008,1.0
15063,150.63000000000798,1.0
15064,150.64000000000797,1.0
15065,150.65000000000796,1.0
15066,150.66000000000795,1.0
15067,150.67000000000795,1.0
15068,150.68000000000794,1.0
15069,150.69000000000793,1.0
15070,150.70000000000792,1.0
15071,150.7100000000079,1.0
15072,150.7200000000079,1.0
15073,150.7300000000079,1.0
15074,150.74000000000788,1.0
15075,150.75000000000787,1.0
15076,150.76000000000786,1.0
15077,150.77000000000785,1.0
15078,150.78000000000785,1.0
15079,150.79000000000784,1.0
15080,150.80000000000783,1.0
15081,150.81000000000782,1.0
15082,150.8200000000078,1.0
15083,150.8300000000078,1.0
15084,150.8400000000078,1.0
15085,150.85000000000778,1.0
15086,150.86000000000777,1.0
15087,150.87000000000776,1.0
15088,150.88000000000775,1.0
15089,150.89000000000775,1.0
15090,150.90000000000774,1.0
15091,150.91000000000773,1.0
15092,150.92000000000772,1.0
15093,150.9300000000077,1.0
15094,150.9400000000077,1.0
15095,150.9500000000077,1.0
15096,150.96000000000768,1.0
15097,150.97000000000767,1.0
15098,150.98000000000766,1.0
15099,150.99000000000765,1.0
15100,151.00000000000765,1.0
15101,151.01000000000764,1.0
15102,151.02000000000763,1.0
15103,151.03000000000762,1.0
15104,151.0400000000076,1.0
15105,151.0500000000076,1.0
15106,151.0600000000076,1.0
15107,151.07000000000758,1.0
15108,151.08000000000757,1.0
15109,151.09000000000756,1.0
15110,151.10000000000755,1.0
15111,151.11000000000755,1.0
15112,151.12000000000754,1.0
15113,151.13000000000753,1.0
15114,151.14000000000752,1.0
15115,151.1500000000075,1.0
15116,151.1600000000075,1.0
15117,151.1700000000075,1.0
15118,151.18000000000748,1.0
15119,151.19000000000747,1.0
15120,151.20000000000746,1.0
15121,151.21000000000745,1.0
15122,151.22000000000745,1.0
15123,151.23000000000744,1.0
15124,151.24000000000743,1.0
15125,151.25000000000742,1.0
15126,151.2600000000074,1.0
15127,151.2700000000074,1.0
15128,151.2800000000074,1.0
15129,151.29000000000738,1.0
15130,151.30000000000737,1.0
15131,151.31000000000736,1.0
15132,151.32000000000735,1.0
15133,151.33000000000735,1.0
15134,151.34000000000734,1.0
15135,151.35000000000733,1.0
15136,151.36000000000732,1.0
15137,151.3700000000073,1.0
15138,151.3800000000073,1.0
15139,151.3900000000073,1.0
15140,151.40000000000728,1.0
15141,151.41000000000727,1.0
15142,151.42000000000726,1.0
15143,151.43000000000725,1.0
15144,151.44000000000725,1.0
15145,151.45000000000724,1.0
15146,151.46000000000723,1.0
15147,151.47000000000722,1.0
15148,151.4800000000072,1.0
15149,151.4900000000072,1.0
15150,151.5000000000072,1.0
15151,151.51000000000718,1.0
15152,151.52000000000717,1.0
15153,151.53000000000716,1.0
15154,151.54000000000715,1.0
15155,151.55000000000715,1.0
15156,151.56000000000714,1.0
15157,151.57000000000713,1.0
15158,151.58000000000712,1.0
15159,151.5900000000071,1.0
15160,151.6000000000071,1.0
15161,151.6100000000071,1.0
15162,151.62000000000708,1.0
15163,151.63000000000707,1.0
15164,151.64000000000706,1.0
15165,151.65000000000705,1.0
15166,151.66000000000705,1.0
15167,151.67000000000704,1.0
15168,151.68000000000703,1.0
15169,151.69000000000702,1.0
15170,151.700000000007,1.0
15171,151.710000000007,1.0
15172,151.720000000007,1.0
15173,151.73000000000698,1.0
15174,151.74000000000697,1.0
15175,151.75000000000696,1.0
15176,151.76000000000695,1.0
15177,151.77000000000695,1.0
15178,151.78000000000694,1.0
15179,151.79000000000693,1.0
15180,151.80000000000692,1.0
15181,151.8100000000069,1.0
15182,151.8200000000069,1.0
15183,151.8300000000069,1.0
15184,151.84000000000688,1.0
15185,151.85000000000687,1.0
15186,151.86000000000686,1.0
15187,151.87000000000685,1.0
15188,151.88000000000685,1.0
15189,151.89000000000684,1.0
15190,151.90000000000683,1.0
15191,151.91000000000682,1.0
15192,151.9200000000068,1.0
15193,151.9300000000068,1.0
15194,151.9400000000068,1.0
15195,151.95000000000678,1.0
15196,151.96000000000677,1.0
15197,151.97000000000676,1.0
15198,151.98000000000675,1.0
15199,151.99000000000675,1.0
15200,152.00000000000674,1.0
15201,152.01000000000673,1.0
15202,152.02000000000672,1.0
15203,152.0300000000067,1.0
15204,152.0400000000067,1.0
15205,152.0500000000067,1.0
15206,152.06000000000668,1.0
15207,152.07000000000667,1.0
15208,152.08000000000666,1.0
15209,152.09000000000665,1.0
15210,152.10000000000664,1.0
15211,152.11000000000664,1.0
15212,152.12000000000663,1.0
15213,152.13000000000662,1.0
15214,152.1400000000066,1.0
15215,152.1500000000066,1.0
15216,152.1600000000066,1.0
15217,152.17000000000658,1.0
15218,152.18000000000657,1.0
15219,152.19000000000656,1.0
15220,152.20000000000655,1.0
15221,152.21000000000654,1.0
15222,152.22000000000654,1.0
15223,152.23000000000653,1.0
15224,152.24000000000652,1.0
15225,152.2500000000065,1.0
15226,152.2600000000065,1.0
15227,152.2700000000065,1.0
15228,152.28000000000648,1.0
15229,152.29000000000647,1.0
15230,152.30000000000646,1.0
15231,152.31000000000645,1.0
15232,152.32000000000644,1.0
15233,152.33000000000644,1.0
15234,152.34000000000643,1.0
15235,152.35000000000642,1.0
15236,152.3600000000064,1.0
15237,152.3700000000064,1.0
15238,152.3800000000064,1.0
15239,152.39000000000638,1.0
15240,152.40000000000637,1.0
15241,152.41000000000636,1.0
15242,152.42000000000635,1.0
15243,152.43000000000634,1.0
15244,152.44000000000634,1.0
15245,152.45000000000633,1.0
15246,152.46000000000632,1.0
15247,152.4700000000063,1.0
15248,152.4800000000063,1.0
15249,152.4900000000063,1.0
15250,152.50000000000628,1.0
15251,152.51000000000627,1.0
15252,152.52000000000626,1.0
15253,152.53000000000625,1.0
15254,152.54000000000624,1.0
15255,152.55000000000624,1.0
15256,152.56000000000623,1.0
15257,152.57000000000622,1.0
15258,152.5800000000062,1.0
15259,152.5900000000062,1.0
15260,152.6000000000062,1.0
15261,152.61000000000618,1.0
15262,152.62000000000617,1.0
15263,152.63000000000616,1.0
15264,152.64000000000615,1.0
15265,152.65000000000614,1.0
15266,152.66000000000614,1.0
15267,152.67000000000613,1.0
15268,152.68000000000612,1.0
15269,152.6900000000061,1.0
15270,152.7000000000061,1.0
15271,152.7100000000061,1.0
15272,152.72000000000608,1.0
15273,152.73000000000607,1.0
15274,152.74000000000606,1.0
15275,152.75000000000605,1.0
15276,152.76000000000604,1.0
15277,152.77000000000604,1.0
15278,152.78000000000603,1.0
15279,152.79000000000602,1.0
15280,152.800000000006,1.0
15281,152.810000000006,1.0
15282,152.820000000006,1.0
15283,152.83000000000598,1.0
15284,152.84000000000597,1.0
15285,152.85000000000596,1.0
15286,152.86000000000595,1.0
15287,152.87000000000594,1.0
15288,152.88000000000594,1.0
15289,152.89000000000593,1.0
15290,152.90000000000592,1.0
15291,152.9100000000059,1.0
15292,152.9200000000059,1.0
15293,152.9300000000059,1.0
15294,152.94000000000588,1.0
15295,152.95000000000587,1.0
15296,152.96000000000586,1.0
15297,152.97000000000585,1.0
15298,152.98000000000584,1.0
15299,152.99000000000584,1.0
15300,153.00000000000583,1.0
15301,153.01000000000582,1.0
15302,153.0200000000058,1.0
15303,153.0300000000058,1.0
15304,153.0400000000058,1.0
15305,153.05000000000578,1.0
15306,153.06000000000577,1.0
15307,153.07000000000576,1.0
15308,153.08000000000575,1.0
15309,153.09000000000574,1.0
15310,153.10000000000574,1.0
15311,153.11000000000573,1.0
15312,153.12000000000572,1.0
15313,153.1300000000057,1.0
15314,153.1400000000057,1.0
15315,153.1500000000057,1.0
15316,153.16000000000568,1.0
15317,153.17000000000567,1.0
15318,153.18000000000566,1.0
15319,153.19000000000565,1.0
15320,153.20000000000564,1.0
15321,153.21000000000564,1.0
15322,153.22000000000563,1.0
15323,153.23000000000562,1.0
15324,153.2400000000056,1.0
15325,153.2500000000056,1.0
15326,153.2600000000056,1.0
15327,153.27000000000558,1.0
15328,153.28000000000557,1.0
15329,153.29000000000556,1.0
15330,153.30000000000555,1.0
15331,153.31000000000554,1.0
15332,153.32000000000554,1.0
15333,153.33000000000553,1.0
15334,153.34000000000552,1.0
15335,153.3500000000055,1.0
15336,153.3600000000055,1.0
15337,153.3700000000055,1.0
15338,153.38000000000548,1.0
15339,153.39000000000547,1.0
15340,153.40000000000546,1.0
15341,153.41000000000545,1.0
15342,153.42000000000544,1.0
15343,153.43000000000544,1.0
15344,153.44000000000543,1.0
15345,153.45000000000542,1.0
15346,153.4600000000054,1.0
15347,153.4700000000054,1.0
15348,153.4800000000054,1.0
15349,153.49000000000538,1.0
15350,153.50000000000537,1.0
15351,153.51000000000536,1.0
15352,153.52000000000535,1.0
15353,153.53000000000534,1.0
15354,153.54000000000534,1.0
15355,153.55000000000533,1.0
15356,153.56000000000532,1.0
15357,153.5700000000053,1.0
15358,153.5800000000053,1.0
15359,153.5900000000053,1.0
15360,153.60000000000528,1.0
15361,153.61000000000527,1.0
15362,153.62000000000526,1.0
15363,153.63000000000525,1.0
15364,153.64000000000524,1.0
15365,153.65000000000524,1.0
15366,153.66000000000523,1.0
15367,153.67000000000522,1.0
15368,153.6800000000052,1.0
15369,153.6900000000052,1.0
15370,153.7000000000052,1.0
15371,153.71000000000518,1.0
15372,153.72000000000517,1.0
15373,153.73000000000516,1.0
15374,153.74000000000515,1.0
15375,153.75000000000514,1.0
15376,153.76000000000514,1.0
15377,153.77000000000513,1.0
15378,153.78000000000512,1.0
15379,153.7900000000051,1.0
15380,153.8000000000051,1.0
15381,153.8100000000051,1.0
15382,153.82000000000508,1.0
15383,153.83000000000507,1.0
15384,153.84000000000506,1.0
15385,153.85000000000505,1.0
15386,153.86000000000504,1.0
15387,153.87000000000504,1.0
15388,153.88000000000503,1.0
15389,153.89000000000502,1.0
15390,153.900000000005,1.0
15391,153.910000000005,1.0
15392,153.920000000005,1.0
15393,153.93000000000498,1.0
15394,153.94000000000497,1.0
15395,153.95000000000496,1.0
15396,153.96000000000495,1.0
15397,153.97000000000494,1.0
15398,153.98000000000494,1.0
15399,153.99000000000493,1.0
15400,154.00000000000492,1.0
15401,154.0100000000049,1.0
15402,154.0200000000049,1.0
15403,154.0300000000049,1.0
15404,154.04000000000488,1.0
15405,154.05000000000487,1.0
15406,154.06000000000486,1.0
15407,154.07000000000485,1.0
15408,154.08000000000484,1.0
15409,154.09000000000484,1.0
15410,154.10000000000483,1.0
15411,154.11000000000482,1.0
15412,154.1200000000048,1.0
15413,154.1300000000048,1.0
15414,154.1400000000048,1.0
15415,154.15000000000478,1.0
15416,154.16000000000477,1.0
15417,154.17000000000476,1.0
15418,154.18000000000475,1.0
15419,154.19000000000474,1.0
15420,154.20000000000474,1.0
15421,154.21000000000473,1.0
15422,154.22000000000472,1.0
15423,154.2300000000047,1.0
15424,154.2400000000047,1.0
15425,154.2500000000047,1.0
15426,154.26000000000468,1.0
15427,154.27000000000467,1.0
15428,154.28000000000466,1.0
15429,154.29000000000465,1.0
15430,154.30000000000464,1.0
15431,154.31000000000464,1.0
15432,154.32000000000463,1.0
15433,154.33000000000462,1.0
15434,154.3400000000046,1.0
15435,154.3500000000046,1.0
15436,154.3600000000046,1.0
15437,154.37000000000458,1.0
15438,154.38000000000457,1.0
15439,154.39000000000456,1.0
15440,154.40000000000455,1.0
15441,154.41000000000454,1.0
15442,154.42000000000453,1.0
15443,154.43000000000453,1.0
15444,154.44000000000452,1.0
15445,154.4500000000045,1.0
15446,154.4600000000045,1.0
15447,154.4700000000045,1.0
15448,154.48000000000448,1.0
15449,154.49000000000447,1.0
15450,154.50000000000446,1.0
15451,154.51000000000445,1.0
15452,154.52000000000444,1.0
15453,154.53000000000443,1.0
15454,154.54000000000443,1.0
15455,154.55000000000442,1.0
15456,154.5600000000044,1.0
15457,154.5700000000044,1.0
15458,154.5800000000044,1.0
15459,154.59000000000438,1.0
15460,154.60000000000437,1.0
15461,154.61000000000436,1.0
15462,154.62000000000435,1.0
15463,154.63000000000434,1.0
15464,154.64000000000433,1.0
15465,154.65000000000433,1.0
15466,154.66000000000432,1.0
15467,154.6700000000043,1.0
15468,154.6800000000043,1.0
15469,154.6900000000043,1.0
15470,154.70000000000428,1.0
15471,154.71000000000427,1.0
15472,154.72000000000426,1.0
15473,154.73000000000425,1.0
15474,154.74000000000424,1.0
15475,154.75000000000423,1.0
15476,154.76000000000423,1.0
15477,154.77000000000422,1.0
15478,154.7800000000042,1.0
15479,154.7900000000042,1.0
15480,154.8000000000042,1.0
15481,154.81000000000418,1.0
15482,154.82000000000417,1.0
15483,154.83000000000416,1.0
15484,154.84000000000415,1.0
15485,154.85000000000414,1.0
15486,154.86000000000413,1.0
15487,154.87000000000413,1.0
15488,154.88000000000412,1.0
15489,154.8900000000041,1.0
15490,154.9000000000041,1.0
15491,154.9100000000041,1.0
15492,154.92000000000408,1.0
15493,154.93000000000407,1.0
15494,154.94000000000406,1.0
15495,154.95000000000405,1.0
15496,154.96000000000404,1.0
15497,154.97000000000403,1.0
15498,154.98000000000403,1.0
15499,154.99000000000402,1.0
15500,155.000000000004,1.0
15501,155.010000000004,1.0
15502,155.020000000004,1.0
15503,155.03000000000398,1.0
15504,155.04000000000397,1.0
15505,155.05000000000396,1.0
15506,155.06000000000395,1.0
15507,155.07000000000394,1.0
15508,155.08000000000393,1.0
15509,155.09000000000393,1.0
15510,155.10000000000392,1.0
15511,155.1100000000039,1.0
15512,155.1200000000039,1.0
15513,155.1300000000039,1.0
15514,155.14000000000388,1.0
15515,155.15000000000387,1.0
15516,155.16000000000386,1.0
15517,155.17000000000385,1.0
15518,155.18000000000384,1.0
15519,155.19000000000383,1.0
15520,155.20000000000383,1.0
15521,155.21000000000382,1.0
15522,155.2200000000038,1.0
15523,155.2300000000038,1.0
15524,155.2400000000038,1.0
15525,155.25000000000378,1.0
15526,155.26000000000377,1.0
15527,155.27000000000376,1.0
15528,155.28000000000375,1.0
15529,155.29000000000374,1.0
15530,155.30000000000373,1.0
15531,155.31000000000373,1.0
15532,155.32000000000372,1.0
15533,155.3300000000037,1.0
15534,155.3400000000037,1.0
15535,155.3500000000037,1.0
15536,155.36000000000368,1.0
15537,155.37000000000367,1.0
15538,155.38000000000366,1.0
15539,155.39000000000365,1.0
15540,155.40000000000364,1.0
15541,155.41000000000363,1.0
15542,155.42000000000363,1.0
15543,155.43000000000362,1.0
15544,155.4400000000036,1.0
15545,155.4500000000036,1.0
15546,155.4600000000036,1.0
15547,155.47000000000358,1.0
15548,155.48000000000357,1.0
15549,155.49000000000356,1.0
15550,155.50000000000355,1.0
15551,155.51000000000354,1.0
15552,155.52000000000353,1.0
15553,155.53000000000353,1.0
15554,155.54000000000352,1.0
15555,155.5500000000035,1.0
15556,155.5600000000035,1.0
15557,155.5700000000035,1.0
15558,155.58000000000348,1.0
15559,155.59000000000347,1.0
15560,155.60000000000346,1.0
15561,155.61000000000345,1.0
15562,155.62000000000344,1.0
15563,155.63000000000343,1.0
15564,155.64000000000343,1.0
15565,155.65000000000342,1.0
15566,155.6600000000034,1.0
15567,155.6700000000034,1.0
15568,155.6800000000034,1.0
15569,155.69000000000338,1.0
15570,155.70000000000337,1.0
15571,155.71000000000336,1.0
15572,155.72000000000335,1.0
15573,155.73000000000334,1.0
15574,155.74000000000333,1.0
15575,155.75000000000333,1.0
15576,155.76000000000332,1.0
15577,155.7700000000033,1.0
15578,155.7800000000033,1.0
15579,155.7900000000033,1.0
15580,155.80000000000328,1.0
15581,155.81000000000327,1.0
15582,155.82000000000326,1.0
15583,155.83000000000325,1.0
15584,155.84000000000324,1.0
15585,155.85000000000323,1.0
15586,155.86000000000323,1.0
15587,155.87000000000322,1.0
15588,155.8800000000032,1.0
15589,155.8900000000032,1.0
15590,155.9000000000032,1.0
15591,155.91000000000318,1.0
15592,155.92000000000317,1.0
15593,155.93000000000316,1.0
15594,155.94000000000315,1.0
15595,155.95000000000314,1.0
15596,155.96000000000313,1.0
15597,155.97000000000313,1.0
15598,155.98000000000312,1.0
15599,155.9900000000031,1.0
15600,156.0000000000031,1.0
15601,156.0100000000031,1.0
15602,156.02000000000308,1.0
15603,156.03000000000307,1.0
15604,156.04000000000306,1.0
15605,156.05000000000305,1.0
15606,156.06000000000304,1.0
15607,156.07000000000303,1.0
15608,156.08000000000303,1.0
15609,156.09000000000302,1.0
15610,156.100000000003,1.0
15611,156.110000000003,1.0
15612,156.120000000003,1.0
15613,156.13000000000298,1.0
15614,156.14000000000297,1.0
15615,156.15000000000296,1.0
15616,156.16000000000295,1.0
15617,156.17000000000294,1.0
15618,156.18000000000293,1.0
15619,156.19000000000293,1.0
15620,156.20000000000292,1.0
15621,156.2100000000029,1.0
15622,156.2200000000029,1.0
15623,156.2300000000029,1.0
15624,156.24000000000288,1.0
15625,156.25000000000287,1.0
15626,156.26000000000286,1.0
15627,156.27000000000285,1.0
15628,156.28000000000284,1.0
15629,156.29000000000283,1.0
15630,156.30000000000283,1.0
15631,156.31000000000282,1.0
15632,156.3200000000028,1.0
15633,156.3300000000028,1.0
15634,156.3400000000028,1.0
15635,156.35000000000278,1.0
15636,156.36000000000277,1.0
15637,156.37000000000276,1.0
15638,156.38000000000275,1.0
15639,156.39000000000274,1.0
15640,156.40000000000273,1.0
15641,156.41000000000273,1.0
15642,156.42000000000272,1.0
15643,156.4300000000027,1.0
15644,156.4400000000027,1.0
15645,156.4500000000027,1.0
15646,156.46000000000268,1.0
15647,156.47000000000267,1.0
15648,156.48000000000266,1.0
15649,156.49000000000265,1.0
15650,156.50000000000264,1.0
15651,156.51000000000263,1.0
15652,156.52000000000263,1.0
15653,156.53000000000262,1.0
15654,156.5400000000026,1.0
15655,156.5500000000026,1.0
15656,156.5600000000026,1.0
15657,156.57000000000258,1.0
15658,156.58000000000257,1.0
15659,156.59000000000256,1.0
15660,156.60000000000255,1.0
15661,156.61000000000254,1.0
15662,156.62000000000253,1.0
15663,156.63000000000252,1.0
15664,156.64000000000252,1.0
15665,156.6500000000025,1.0
15666,156.6600000000025,1.0
15667,156.6700000000025,1.0
15668,156.68000000000248,1.0
15669,156.69000000000247,1.0
15670,156.70000000000246,1.0
15671,156.71000000000245,1.0
15672,156.72000000000244,1.0
15673,156.73000000000243,1.0
15674,156.74000000000242,1.0
15675,156.75000000000242,1.0
15676,156.7600000000024,1.0
15677,156.7700000000024,1.0
15678,156.7800000000024,1.0
15679,156.79000000000238,1.0
15680,156.80000000000237,1.0
15681,156.81000000000236,1.0
15682,156.82000000000235,1.0
15683,156.83000000000234,1.0
15684,156.84000000000233,1.0
15685,156.85000000000232,1.0
15686,156.86000000000232,1.0
15687,156.8700000000023,1.0
15688,156.8800000000023,1.0
15689,156.8900000000023,1.0
15690,156.90000000000228,1.0
15691,156.91000000000227,1.0
15692,156.92000000000226,1.0
15693,156.93000000000225,1.0
15694,156.94000000000224,1.0
15695,156.95000000000223,1.0
15696,156.96000000000222,1.0
15697,156.97000000000222,1.0
15698,156.9800000000022,1.0
15699,156.9900000000022,1.0
15700,157.0000000000022,1.0
15701,157.01000000000218,1.0
15702,157.02000000000217,1.0
15703,157.03000000000216,1.0
15704,157.04000000000215,1.0
15705,157.05000000000214,1.0
15706,157.06000000000213,1.0
15707,157.07000000000212,1.0
15708,157.08000000000212,1.0
15709,157.0900000000021,1.0
15710,157.1000000000021,1.0
15711,157.1100000000021,1.0
15712,157.12000000000208,1.0
15713,157.13000000000207,1.0
15714,157.14000000000206,1.0
15715,157.15000000000205,1.0
15716,157.16000000000204,1.0
15717,157.17000000000203,1.0
15718,157.18000000000202,1.0
15719,157.19000000000202,1.0
15720,157.200000000002,1.0
15721,157.210000000002,1.0
15722,157.220000000002,1.0
15723,157.23000000000198,1.0
15724,157.24000000000197,1.0
15725,157.25000000000196,1.0
15726,157.26000000000195,1.0
15727,157.27000000000194,1.0
15728,157.28000000000193,1.0
15729,157.29000000000192,1.0
15730,157.30000000000192,1.0
15731,157.3100000000019,1.0
15732,157.3200000000019,1.0
15733,157.3300000000019,1.0
15734,157.34000000000188,1.0
15735,157.35000000000187,1.0
15736,157.36000000000186,1.0
15737,157.37000000000185,1.0
15738,157.38000000000184,1.0
15739,157.39000000000183,1.0
15740,157.40000000000182,1.0
15741,157.41000000000182,1.0
15742,157.4200000000018,1.0
15743,157.4300000000018,1.0
15744,157.4400000000018,1.0
15745,157.45000000000178,1.0
15746,157.46000000000177,1.0
15747,157.47000000000176,1.0
15748,157.48000000000175,1.0
15749,157.49000000000174,1.0
15750,157.50000000000173,1.0
15751,157.51000000000172,1.0
15752,157.52000000000172,1.0
15753,157.5300000000017,1.0
15754,157.5400000000017,1.0
15755,157.5500000000017,1.0
15756,157.56000000000168,1.0
15757,157.57000000000167,1.0
15758,157.58000000000166,1.0
15759,157.59000000000165,1.0
15760,157.60000000000164,1.0
15761,157.61000000000163,1.0
15762,157.62000000000162,1.0
15763,157.63000000000162,1.0
15764,157.6400000000016,1.0
15765,157.6500000000016,1.0
15766,157.6600000000016,1.0
15767,157.67000000000158,1.0
15768,157.68000000000157,1.0
15769,157.69000000000156,1.0
15770,157.70000000000155,1.0
15771,157.71000000000154,1.0
15772,157.72000000000153,1.0
15773,157.73000000000152,1.0
15774,157.74000000000152,1.0
15775,157.7500000000015,1.0
15776,157.7600000000015,1.0
15777,157.7700000000015,1.0
15778,157.78000000000148,1.0
15779,157.79000000000147,1.0
15780,157.80000000000146,1.0
15781,157.81000000000145,1.0
15782,157.82000000000144,1.0
15783,157.83000000000143,1.0
15784,157.84000000000142,1.0
15785,157.85000000000142,1.0
15786,157.8600000000014,1.0
15787,157.8700000000014,1.0
15788,157.8800000000014,1.0
15789,157.89000000000138,1.0
15790,157.90000000000137,1.0
15791,157.91000000000136,1.0
15792,157.92000000000135,1.0
15793,157.93000000000134,1.0
15794,157.94000000000133,1.0
15795,157.95000000000132,1.0
15796,157.96000000000132,1.0
15797,157.9700000000013,1.0
15798,157.9800000000013,1.0
15799,157.9900000000013,1.0
15800,158.00000000000128,1.0
15801,158.01000000000127,1.0
15802,158.02000000000126,1.0
15803,158.03000000000125,1.0
15804,158.04000000000124,1.0
15805,158.05000000000123,1.0
15806,158.06000000000122,1.0
15807,158.07000000000122,1.0
15808,158.0800000000012,1.0
15809,158.0900000000012,1.0
15810,158.1000000000012,1.0
15811,158.11000000000118,1.0
15812,158.12000000000117,1.0
15813,158.13000000000116,1.0
15814,158.14000000000115,1.0
15815,158.15000000000114,1.0
15816,158.16000000000113,1.0
15817,158.17000000000112,1.0
15818,158.18000000000112,1.0
15819,158.1900000000011,1.0
15820,158.2000000000011,1.0
15821,158.2100000000011,1.0
15822,158.22000000000108,1.0
15823,158.23000000000107,1.0
15824,158.24000000000106,1.0
15825,158.25000000000105,1.0
15826,158.26000000000104,1.0
15827,158.27000000000103,1.0
15828,158.28000000000102,1.0
15829,158.29000000000102,1.0
15830,158.300000000001,1.0
15831,158.310000000001,1.0
15832,158.320000000001,1.0
15833,158.33000000000098,1.0
15834,158.34000000000097,1.0
15835,158.35000000000096,1.0
15836,158.36000000000095,1.0
15837,158.37000000000094,1.0
15838,158.38000000000093,1.0
15839,158.39000000000092,1.0
15840,158.40000000000092,1.0
15841,158.4100000000009,1.0
15842,158.4200000000009,1.0
15843,158.4300000000009,1.0
15844,158.44000000000088,1.0
15845,158.45000000000087,1.0
15846,158.46000000000086,1.0
15847,158.47000000000085,1.0
15848,158.48000000000084,1.0
15849,158.49000000000083,1.0
15850,158.50000000000082,1.0
15851,158.51000000000082,1.0
15852,158.5200000000008,1.0
15853,158.5300000000008,1.0
15854,158.5400000000008,1.0
15855,158.55000000000078,1.0
15856,158.56000000000077,1.0
15857,158.57000000000076,1.0
15858,158.58000000000075,1.0
15859,158.59000000000074,1.0
15860,158.60000000000073,1.0
15861,158.61000000000072,1.0
15862,158.62000000000072,1.0
15863,158.6300000000007,1.0
15864,158.6400000000007,1.0
15865,158.6500000000007,1.0
15866,158.66000000000068,1.0
15867,158.67000000000067,1.0
15868,158.68000000000066,1.0
15869,158.69000000000065,1.0
15870,158.70000000000064,1.0
15871,158.71000000000063,1.0
15872,158.72000000000062,1.0
15873,158.73000000000062,1.0
15874,158.7400000000006,1.0
15875,158.7500000000006,1.0
15876,158.7600000000006,1.0
15877,158.77000000000058,1.0
15878,158.78000000000057,1.0
15879,158.79000000000056,1.0
15880,158.80000000000055,1.0
15881,158.81000000000054,1.0
15882,158.82000000000053,1.0
15883,158.83000000000052,1.0
15884,158.84000000000052,1.0
15885,158.8500000000005,1.0
15886,158.8600000000005,1.0
15887,158.8700000000005,1.0
15888,158.88000000000048,1.0
15889,158.89000000000047,1.0
15890,158.90000000000046,1.0
15891,158.91000000000045,1.0
15892,158.92000000000044,1.0
15893,158.93000000000043,1.0
15894,158.94000000000042,1.0
15895,158.95000000000041,1.0
15896,158.9600000000004,1.0
15897,158.9700000000004,1.0
15898,158.9800000000004,1.0
15899,158.99000000000038,1.0
15900,159.00000000000037,1.0
15901,159.01000000000036,1.0
15902,159.02000000000035,1.0
15903,159.03000000000034,1.0
15904,159.04000000000033,1.0
15905,159.05000000000032,1.0
15906,159.06000000000031,1.0
15907,159.0700000000003,1.0
15908,159.0800000000003,1.0
15909,159.0900000000003,1.0
15910,159.10000000000028,1.0
15911,159.11000000000027,1.0
15912,159.12000000000026,1.0
15913,159.13000000000025,1.0
15914,159.14000000000024,1.0
15915,159.15000000000023,1.0
15916,159.16000000000022,1.0
15917,159.17000000000021,1.0
15918,159.1800000000002,1.0
15919,159.1900000000002,1.0
15920,159.2000000000002,1.0
15921,159.21000000000018,1.0
15922,159.22000000000017,1.0
15923,159.23000000000016,1.0
15924,159.24000000000015,1.0
15925,159.25000000000014,1.0
15926,159.26000000000013,1.0
15927,159.27000000000012,1.0
15928,159.28000000000011,1.0
15929,159.2900000000001,1.0
15930,159.3000000000001,1.0
15931,159.3100000000001,1.0
15932,159.32000000000008,1.0
15933,159.33000000000007,1.0
15934,159.34000000000006,1.0
15935,159.35000000000005,1.0
15936,159.36000000000004,1.0
15937,159.37000000000003,1.0
15938,159.38000000000002,1.0
15939,159.39000000000001,1.0
15940,159.4,1.0
15941,159.41,1.0
15942,159.42,1.0
15943,159.42999999999998,1.0
15944,159.43999999999997,1.0
15945,159.44999999999996,1.0
15946,159.45999999999995,1.0
15947,159.46999999999994,1.0
15948,159.47999999999993,1.0
15949,159.48999999999992,1.0
15950,159.49999999999991,1.0
15951,159.5099999999999,1.0
15952,159.5199999999999,1.0
15953,159.5299999999999,1.0
15954,159.53999999999988,1.0
15955,159.54999999999987,1.0
15956,159.55999999999986,1.0
15957,159.56999999999985,1.0
15958,159.57999999999984,1.0
15959,159.58999999999983,1.0
15960,159.59999999999982,1.0
15961,159.60999999999981,1.0
15962,159.6199999999998,1.0
15963,159.6299999999998,1.0
15964,159.6399999999998,1.0
15965,159.64999999999978,1.0
15966,159.65999999999977,1.0
15967,159.66999999999976,1.0
15968,159.67999999999975,1.0
15969,159.68999999999974,1.0
15970,159.69999999999973,1.0
15971,159.70999999999972,1.0
15972,159.71999999999971,1.0
15973,159.7299999999997,1.0
15974,159.7399999999997,1.0
15975,159.7499999999997,1.0
15976,159.75999999999968,1.0
15977,159.76999999999967,1.0
15978,159.77999999999966,1.0
15979,159.78999999999965,1.0
15980,159.79999999999964,1.0
15981,159.80999999999963,1.0
15982,159.81999999999962,1.0
15983,159.82999999999961,1.0
15984,159.8399999999996,1.0
15985,159.8499999999996,1.0
15986,159.8599999999996,1.0
15987,159.86999999999958,1.0
15988,159.87999999999957,1.0
15989,159.88999999999956,1.0
15990,159.89999999999955,1.0
15991,159.90999999999954,1.0
15992,159.91999999999953,1.0
15993,159.92999999999952,1.0
15994,159.93999999999951,1.0
15995,159.9499999999995,1.0
15996,159.9599999999995,1.0
15997,159.9699999999995,1.0
15998,159.97999999999948,1.0
15999,159.98999999999947,1.0
16000,159.99999999999946,1.0
16001,160.00999999999945,1.0
16002,160.01999999999944,1.0
16003,160.02999999999943,1.0
16004,160.03999999999942,1.0
16005,160.04999999999941,1.0
16006,160.0599999999994,1.0
16007,160.0699999999994,1.0
16008,160.0799999999994,1.0
16009,160.08999999999938,1.0
16010,160.09999999999937,1.0
16011,160.10999999999936,1.0
16012,160.11999999999935,1.0
16013,160.12999999999934,1.0
16014,160.13999999999933,1.0
16015,160.14999999999932,1.0
16016,160.15999999999931,1.0
16017,160.1699999999993,1.0
16018,160.1799999999993,1.0
16019,160.1899999999993,1.0
16020,160.19999999999928,1.0
16021,160.20999999999927,1.0
16022,160.21999999999926,1.0
16023,160.22999999999925,1.0
16024,160.23999999999924,1.0
16025,160.24999999999923,1.0
16026,160.25999999999922,1.0
16027,160.26999999999921,1.0
16028,160.2799999999992,1.0
16029,160.2899999999992,1.0
16030,160.2999999999992,1.0
16031,160.30999999999918,1.0
16032,160.31999999999917,1.0
16033,160.32999999999916,1.0
16034,160.33999999999915,1.0
16035,160.34999999999914,1.0
16036,160.35999999999913,1.0
16037,160.36999999999912,1.0
16038,160.37999999999911,1.0
16039,160.3899999999991,1.0
16040,160.3999999999991,1.0
16041,160.4099999999991,1.0
16042,160.41999999999908,1.0
16043,160.42999999999907,1.0
16044,160.43999999999906,1.0
16045,160.44999999999905,1.0
16046,160.45999999999904,1.0
16047,160.46999999999903,1.0
16048,160.47999999999902,1.0
16049,160.48999999999901,1.0
16050,160.499999999999,1.0
16051,160.509999999999,1.0
16052,160.519999999999,1.0
16053,160.52999999999898,1.0
16054,160.53999999999897,1.0
16055,160.54999999999896,1.0
16056,160.55999999999895,1.0
16057,160.56999999999894,1.0
16058,160.57999999999893,1.0
16059,160.58999999999892,1.0
16060,160.59999999999891,1.0
16061,160.6099999999989,1.0
16062,160.6199999999989,1.0
16063,160.6299999999989,1.0
16064,160.63999999999888,1.0
16065,160.64999999999887,1.0
16066,160.65999999999886,1.0
16067,160.66999999999885,1.0
16068,160.67999999999884,1.0
16069,160.68999999999883,1.0
16070,160.69999999999882,1.0
16071,160.70999999999881,1.0
16072,160.7199999999988,1.0
16073,160.7299999999988,1.0
16074,160.7399999999988,1.0
16075,160.74999999999878,1.0
16076,160.75999999999877,1.0
16077,160.76999999999876,1.0
16078,160.77999999999875,1.0
16079,160.78999999999874,1.0
16080,160.79999999999873,1.0
16081,160.80999999999872,1.0
16082,160.8199999999987,1.0
16083,160.8299999999987,1.0
16084,160.8399999999987,1.0
16085,160.8499999999987,1.0
16086,160.85999999999868,1.0
16087,160.86999999999867,1.0
16088,160.87999999999866,1.0
16089,160.88999999999865,1.0
16090,160.89999999999864,1.0
16091,160.90999999999863,1.0
16092,160.91999999999862,1.0
16093,160.9299999999986,1.0
16094,160.9399999999986,1.0
16095,160.9499999999986,1.0
16096,160.9599999999986,1.0
16097,160.96999999999858,1.0
16098,160.97999999999857,1.0
16099,160.98999999999856,1.0
16100,160.99999999999855,1.0
16101,161.00999999999854,1.0
16102,161.01999999999853,1.0
16103,161.02999999999852,1.0
16104,161.0399999999985,1.0
16105,161.0499999999985,1.0
16106,161.0599999999985,1.0
16107,161.0699999999985,1.0
16108,161.07999999999848,1.0
16109,161.08999999999847,1.0
16110,161.09999999999846,1.0
16111,161.10999999999845,1.0
16112,161.11999999999844,1.0
16113,161.12999999999843,1.0
16114,161.13999999999842,1.0
16115,161.1499999999984,1.0
16116,161.1599999999984,1.0
16117,161.1699999999984,1.0
16118,161.1799999999984,1.0
16119,161.18999999999838,1.0
16120,161.19999999999837,1.0
16121,161.20999999999836,1.0
16122,161.21999999999835,1.0
16123,161.22999999999834,1.0
16124,161.23999999999833,1.0
16125,161.24999999999832,1.0
16126,161.2599999999983,1.0
16127,161.2699999999983,1.0
16128,161.2799999999983,1.0
16129,161.2899999999983,1.0
16130,161.29999999999828,1.0
16131,161.30999999999827,1.0
16132,161.31999999999826,1.0
16133,161.32999999999825,1.0
16134,161.33999999999824,1.0
16135,161.34999999999823,1.0
16136,161.35999999999822,1.0
16137,161.3699999999982,1.0
16138,161.3799999999982,1.0
16139,161.3899999999982,1.0
16140,161.3999999999982,1.0
16141,161.40999999999818,1.0
16142,161.41999999999817,1.0
16143,161.42999999999816,1.0
16144,161.43999999999815,1.0
16145,161.44999999999814,1.0
16146,161.45999999999813,1.0
16147,161.46999999999812,1.0
16148,161.4799999999981,1.0
16149,161.4899999999981,1.0
16150,161.4999999999981,1.0
16151,161.5099999999981,1.0
16152,161.51999999999808,1.0
16153,161.52999999999807,1.0
16154,161.53999999999806,1.0
16155,161.54999999999805,1.0
16156,161.55999999999804,1.0
16157,161.56999999999803,1.0
16158,161.57999999999802,1.0
16159,161.589999999998,1.0
16160,161.599999999998,1.0
16161,161.609999999998,1.0
16162,161.619999999998,1.0
16163,161.62999999999798,1.0
16164,161.63999999999797,1.0
16165,161.64999999999796,1.0
16166,161.65999999999795,1.0
16167,161.66999999999794,1.0
16168,161.67999999999793,1.0
16169,161.68999999999792,1.0
16170,161.6999999999979,1.0
16171,161.7099999999979,1.0
16172,161.7199999999979,1.0
16173,161.7299999999979,1.0
16174,161.73999999999788,1.0
16175,161.74999999999787,1.0
16176,161.75999999999786,1.0
16177,161.76999999999785,1.0
16178,161.77999999999784,1.0
16179,161.78999999999783,1.0
16180,161.79999999999782,1.0
16181,161.8099999999978,1.0
16182,161.8199999999978,1.0
16183,161.8299999999978,1.0
16184,161.8399999999978,1.0
16185,161.84999999999778,1.0
16186,161.85999999999777,1.0
16187,161.86999999999776,1.0
16188,161.87999999999775,1.0
16189,161.88999999999774,1.0
16190,161.89999999999773,1.0
16191,161.90999999999772,1.0
16192,161.9199999999977,1.0
16193,161.9299999999977,1.0
16194,161.9399999999977,1.0
16195,161.9499999999977,1.0
16196,161.95999999999768,1.0
16197,161.96999999999767,1.0
16198,161.97999999999766,1.0
16199,161.98999999999765,1.0
16200,161.99999999999764,1.0
16201,162.00999999999763,1.0
16202,162.01999999999762,1.0
16203,162.0299999999976,1.0
16204,162.0399999999976,1.0
16205,162.0499999999976,1.0
16206,162.0599999999976,1.0
16207,162.06999999999758,1.0
16208,162.07999999999757,1.0
16209,162.08999999999756,1.0
16210,162.09999999999755,1.0
16211,162.10999999999754,1.0
16212,162.11999999999753,1.0
16213,162.12999999999752,1.0
16214,162.1399999999975,1.0
16215,162.1499999999975,1.0
16216,162.1599999999975,1.0
16217,162.1699999999975,1.0
16218,162.17999999999748,1.0
16219,162.18999999999747,1.0
16220,162.19999999999746,1.0
16221,162.20999999999745,1.0
16222,162.21999999999744,1.0
16223,162.22999999999743,1.0
16224,162.23999999999742,1.0
16225,162.2499999999974,1.0
16226,162.2599999999974,1.0
16227,162.2699999999974,1.0
16228,162.2799999999974,1.0
16229,162.28999999999738,1.0
16230,162.29999999999737,1.0
16231,162.30999999999736,1.0
16232,162.31999999999735,1.0
16233,162.32999999999734,1.0
16234,162.33999999999733,1.0
16235,162.34999999999732,1.0
16236,162.3599999999973,1.0
16237,162.3699999999973,1.0
16238,162.3799999999973,1.0
16239,162.3899999999973,1.0
16240,162.39999999999728,1.0
16241,162.40999999999727,1.0
16242,162.41999999999726,1.0
16243,162.42999999999725,1.0
16244,162.43999999999724,1.0
16245,162.44999999999723,1.0
16246,162.45999999999722,1.0
16247,162.4699999999972,1.0
16248,162.4799999999972,1.0
16249,162.4899999999972,1.0
16250,162.4999999999972,1.0
16251,162.50999999999718,1.0
16252,162.51999999999717,1.0
16253,162.52999999999716,1.0
16254,162.53999999999715,1.0
16255,162.54999999999714,1.0
16256,162.55999999999713,1.0
16257,162.56999999999712,1.0
16258,162.5799999999971,1.0
16259,162.5899999999971,1.0
16260,162.5999999999971,1.0
16261,162.6099999999971,1.0
16262,162.61999999999708,1.0
16263,162.62999999999707,1.0
16264,162.63999999999706,1.0
16265,162.64999999999705,1.0
16266,162.65999999999704,1.0
16267,162.66999999999703,1.0
16268,162.67999999999702,1.0
16269,162.689999999997,1.0
16270,162.699999999997,1.0
16271,162.709999999997,1.0
16272,162.719999999997,1.0
16273,162.72999999999698,1.0
16274,162.73999999999697,1.0
16275,162.74999999999696,1.0
16276,162.75999999999695,1.0
16277,162.76999999999694,1.0
16278,162.77999999999693,1.0
16279,162.78999999999692,1.0
16280,162.7999999999969,1.0
16281,162.8099999999969,1.0
16282,162.8199999999969,1.0
16283,162.8299999999969,1.0
16284,162.83999999999688,1.0
16285,162.84999999999687,1.0
16286,162.85999999999686,1.0
16287,162.86999999999685,1.0
16288,162.87999999999684,1.0
16289,162.88999999999683,1.0
16290,162.89999999999682,1.0
16291,162.9099999999968,1.0
16292,162.9199999999968,1.0
16293,162.9299999999968,1.0
16294,162.9399999999968,1.0
16295,162.94999999999678,1.0
16296,162.95999999999677,1.0
16297,162.96999999999676,1.0
16298,162.97999999999675,1.0
16299,162.98999999999674,1.0
16300,162.99999999999673,1.0
16301,163.00999999999672,1.0
16302,163.0199999999967,1.0
16303,163.0299999999967,1.0
16304,163.0399999999967,1.0
16305,163.0499999999967,1.0
16306,163.05999999999668,1.0
16307,163.06999999999667,1.0
16308,163.07999999999666,1.0
16309,163.08999999999665,1.0
16310,163.09999999999664,1.0
16311,163.10999999999663,1.0
16312,163.11999999999662,1.0
16313,163.1299999999966,1.0
16314,163.1399999999966,1.0
16315,163.1499999999966,1.0
16316,163.1599999999966,1.0
16317,163.16999999999658,1.0
16318,163.17999999999657,1.0
16319,163.18999999999656,1.0
16320,163.19999999999655,1.0
16321,163.20999999999654,1.0
16322,163.21999999999653,1.0
16323,163.22999999999652,1.0
16324,163.2399999999965,1.0
16325,163.2499999999965,1.0
16326,163.2599999999965,1.0
16327,163.2699999999965,1.0
16328,163.27999999999648,1.0
16329,163.28999999999647,1.0
16330,163.29999999999646,1.0
16331,163.30999999999645,1.0
16332,163.31999999999644,1.0
16333,163.32999999999643,1.0
16334,163.33999999999642,1.0
16335,163.3499999999964,1.0
16336,163.3599999999964,1.0
16337,163.3699999999964,1.0
16338,163.3799999999964,1.0
16339,163.38999999999638,1.0
16340,163.39999999999637,1.0
16341,163.40999999999636,1.0
16342,163.41999999999635,1.0
16343,163.42999999999634,1.0
16344,163.43999999999633,1.0
16345,163.44999999999632,1.0
16346,163.4599999999963,1.0
16347,163.4699999999963,1.0
16348,163.4799999999963,1.0
16349,163.4899999999963,1.0
16350,163.49999999999628,1.0
16351,163.50999999999627,1.0
16352,163.51999999999626,1.0
16353,163.52999999999625,1.0
16354,163.53999999999624,1.0
16355,163.54999999999623,1.0
16356,163.55999999999622,1.0
16357,163.5699999999962,1.0
16358,163.5799999999962,1.0
16359,163.5899999999962,1.0
16360,163.5999999999962,1.0
16361,163.60999999999618,1.0
16362,163.61999999999617,1.0
16363,163.62999999999616,1.0
16364,163.63999999999615,1.0
16365,163.64999999999614,1.0
16366,163.65999999999613,1.0
16367,163.66999999999612,1.0
16368,163.6799999999961,1.0
16369,163.6899999999961,1.0
16370,163.6999999999961,1.0
16371,163.70999999999609,1.0
16372,163.71999999999608,1.0
16373,163.72999999999607,1.0
16374,163.73999999999606,1.0
16375,163.74999999999605,1.0
16376,163.75999999999604,1.0
16377,163.76999999999603,1.0
16378,163.77999999999602,1.0
16379,163.789999999996,1.0
16380,163.799999999996,1.0
16381,163.809999999996,1.0
16382,163.81999999999599,1.0
16383,163.82999999999598,1.0
16384,163.83999999999597,1.0
16385,163.84999999999596,1.0
16386,163.85999999999595,1.0
16387,163.86999999999594,1.0
16388,163.87999999999593,1.0
16389,163.88999999999592,1.0
16390,163.8999999999959,1.0
16391,163.9099999999959,1.0
16392,163.9199999999959,1.0
16393,163.92999999999589,1.0
16394,163.93999999999588,1.0
16395,163.94999999999587,1.0
16396,163.95999999999586,1.0
16397,163.96999999999585,1.0
16398,163.97999999999584,1.0
16399,163.98999999999583,1.0
16400,163.99999999999582,1.0
16401,164.0099999999958,1.0
16402,164.0199999999958,1.0
16403,164.0299999999958,1.0
16404,164.03999999999579,1.0
16405,164.04999999999578,1.0
16406,164.05999999999577,1.0
16407,164.06999999999576,1.0
16408,164.07999999999575,1.0
16409,164.08999999999574,1.0
16410,164.09999999999573,1.0
16411,164.10999999999572,1.0
16412,164.1199999999957,1.0
16413,164.1299999999957,1.0
16414,164.1399999999957,1.0
16415,164.14999999999569,1.0
16416,164.15999999999568,1.0
16417,164.16999999999567,1.0
16418,164.17999999999566,1.0
16419,164.18999999999565,1.0
16420,164.19999999999564,1.0
16421,164.20999999999563,1.0
16422,164.21999999999562,1.0
16423,164.2299999999956,1.0
16424,164.2399999999956,1.0
16425,164.2499999999956,1.0
16426,164.25999999999559,1.0
16427,164.26999999999558,1.0
16428,164.27999999999557,1.0
16429,164.28999999999556,1.0
16430,164.29999999999555,1.0
16431,164.30999999999554,1.0
16432,164.31999999999553,1.0
16433,164.32999999999552,1.0
16434,164.3399999999955,1.0
16435,164.3499999999955,1.0
16436,164.3599999999955,1.0
16437,164.36999999999549,1.0
16438,164.37999999999548,1.0
16439,164.38999999999547,1.0
16440,164.39999999999546,1.0
16441,164.40999999999545,1.0
16442,164.41999999999544,1.0
16443,164.42999999999543,1.0
16444,164.43999999999542,1.0
16445,164.4499999999954,1.0
16446,164.4599999999954,1.0
16447,164.4699999999954,1.0
16448,164.47999999999539,1.0
16449,164.48999999999538,1.0
16450,164.49999999999537,1.0
16451,164.50999999999536,1.0
16452,164.51999999999535,1.0
16453,164.52999999999534,1.0
16454,164.53999999999533,1.0
16455,164.54999999999532,1.0
16456,164.5599999999953,1.0
16457,164.5699999999953,1.0
16458,164.5799999999953,1.0
16459,164.58999999999529,1.0
16460,164.59999999999528,1.0
16461,164.60999999999527,1.0
16462,164.61999999999526,1.0
16463,164.62999999999525,1.0
16464,164.63999999999524,1.0
16465,164.64999999999523,1.0
16466,164.65999999999522,1.0
16467,164.6699999999952,1.0
16468,164.6799999999952,1.0
16469,164.6899999999952,1.0
16470,164.69999999999519,1.0
16471,164.70999999999518,1.0
16472,164.71999999999517,1.0
16473,164.72999999999516,1.0
16474,164.73999999999515,1.0
16475,164.74999999999514,1.0
16476,164.75999999999513,1.0
16477,164.76999999999512,1.0
16478,164.7799999999951,1.0
16479,164.7899999999951,1.0
16480,164.7999999999951,1.0
16481,164.80999999999509,1.0
16482,164.81999999999508,1.0
16483,164.82999999999507,1.0
16484,164.83999999999506,1.0
16485,164.84999999999505,1.0
16486,164.85999999999504,1.0
16487,164.86999999999503,1.0
16488,164.87999999999502,1.0
16489,164.889999999995,1.0
16490,164.899999999995,1.0
16491,164.909999999995,1.0
16492,164.91999999999499,1.0
16493,164.92999999999498,1.0
16494,164.93999999999497,1.0
16495,164.94999999999496,1.0
16496,164.95999999999495,1.0
16497,164.96999999999494,1.0
16498,164.97999999999493,1.0
16499,164.98999999999492,1.0
16500,164.9999999999949,1.0
16501,165.0099999999949,1.0
16502,165.0199999999949,1.0
16503,165.02999999999489,1.0
16504,165.03999999999488,1.0
16505,165.04999999999487,1.0
16506,165.05999999999486,1.0
16507,165.06999999999485,1.0
16508,165.07999999999484,1.0
16509,165.08999999999483,1.0
16510,165.09999999999482,1.0
16511,165.1099999999948,1.0
16512,165.1199999999948,1.0
16513,165.1299999999948,1.0
16514,165.13999999999479,1.0
16515,165.14999999999478,1.0
16516,165.15999999999477,1.0
16517,165.16999999999476,1.0
16518,165.17999999999475,1.0
16519,165.18999999999474,1.0
16520,165.19999999999473,1.0
16521,165.20999999999472,1.0
16522,165.2199999999947,1.0
16523,165.2299999999947,1.0
16524,165.2399999999947,1.0
16525,165.24999999999469,1.0
16526,165.25999999999468,1.0
16527,165.26999999999467,1.0
16528,165.27999999999466,1.0
16529,165.28999999999465,1.0
16530,165.29999999999464,1.0
16531,165.30999999999463,1.0
16532,165.31999999999462,1.0
16533,165.3299999999946,1.0
16534,165.3399999999946,1.0
16535,165.3499999999946,1.0
16536,165.35999999999459,1.0
16537,165.36999999999458,1.0
16538,165.37999999999457,1.0
16539,165.38999999999456,1.0
16540,165.39999999999455,1.0
16541,165.40999999999454,1.0
16542,165.41999999999453,1.0
16543,165.42999999999452,1.0
16544,165.4399999999945,1.0
16545,165.4499999999945,1.0
16546,165.4599999999945,1.0
16547,165.46999999999449,1.0
16548,165.47999999999448,1.0
16549,165.48999999999447,1.0
16550,165.49999999999446,1.0
16551,165.50999999999445,1.0
16552,165.51999999999444,1.0
16553,165.52999999999443,1.0
16554,165.53999999999442,1.0
16555,165.5499999999944,1.0
16556,165.5599999999944,1.0
16557,165.5699999999944,1.0
16558,165.57999999999439,1.0
16559,165.58999999999438,1.0
16560,165.59999999999437,1.0
16561,165.60999999999436,1.0
16562,165.61999999999435,1.0
16563,165.62999999999434,1.0
16564,165.63999999999433,1.0
16565,165.64999999999432,1.0
16566,165.6599999999943,1.0
16567,165.6699999999943,1.0
16568,165.6799999999943,1.0
16569,165.68999999999428,1.0
16570,165.69999999999428,1.0
16571,165.70999999999427,1.0
16572,165.71999999999426,1.0
16573,165.72999999999425,1.0
16574,165.73999999999424,1.0
16575,165.74999999999423,1.0
16576,165.75999999999422,1.0
16577,165.7699999999942,1.0
16578,165.7799999999942,1.0
16579,165.7899999999942,1.0
16580,165.79999999999418,1.0
16581,165.80999999999418,1.0
16582,165.81999999999417,1.0
16583,165.82999999999416,1.0
16584,165.83999999999415,1.0
16585,165.84999999999414,1.0
16586,165.85999999999413,1.0
16587,165.86999999999412,1.0
16588,165.8799999999941,1.0
16589,165.8899999999941,1.0
16590,165.8999999999941,1.0
16591,165.90999999999408,1.0
16592,165.91999999999408,1.0
16593,165.92999999999407,1.0
16594,165.93999999999406,1.0
16595,165.94999999999405,1.0
16596,165.95999999999404,1.0
16597,165.96999999999403,1.0
16598,165.97999999999402,1.0
16599,165.989999999994,1.0
16600,165.999999999994,1.0
16601,166.009999999994,1.0
16602,166.01999999999398,1.0
16603,166.02999999999398,1.0
16604,166.03999999999397,1.0
16605,166.04999999999396,1.0
16606,166.05999999999395,1.0
16607,166.06999999999394,1.0
16608,166.07999999999393,1.0
16609,166.08999999999392,1.0
16610,166.0999999999939,1.0
16611,166.1099999999939,1.0
16612,166.1199999999939,1.0
16613,166.12999999999388,1.0
16614,166.13999999999388,1.0
16615,166.14999999999387,1.0
16616,166.15999999999386,1.0
16617,166.16999999999385,1.0
16618,166.17999999999384,1.0
16619,166.18999999999383,1.0
16620,166.19999999999382,1.0
16621,166.2099999999938,1.0
16622,166.2199999999938,1.0
16623,166.2299999999938,1.0
16624,166.23999999999378,1.0
16625,166.24999999999378,1.0
16626,166.25999999999377,1.0
16627,166.26999999999376,1.0
16628,166.27999999999375,1.0
16629,166.28999999999374,1.0
16630,166.29999999999373,1.0
16631,166.30999999999372,1.0
16632,166.3199999999937,1.0
16633,166.3299999999937,1.0
16634,166.3399999999937,1.0
16635,166.34999999999368,1.0
16636,166.35999999999368,1.0
16637,166.36999999999367,1.0
16638,166.37999999999366,1.0
16639,166.38999999999365,1.0
16640,166.39999999999364,1.0
16641,166.40999999999363,1.0
16642,166.41999999999362,1.0
16643,166.4299999999936,1.0
16644,166.4399999999936,1.0
16645,166.4499999999936,1.0
16646,166.45999999999358,1.0
16647,166.46999999999358,1.0
16648,166.47999999999357,1.0
16649,166.48999999999356,1.0
16650,166.49999999999355,1.0
16651,166.50999999999354,1.0
16652,166.51999999999353,1.0
16653,166.52999999999352,1.0
16654,166.5399999999935,1.0
16655,166.5499999999935,1.0
16656,166.5599999999935,1.0
16657,166.56999999999348,1.0
16658,166.57999999999348,1.0
16659,166.58999999999347,1.0
16660,166.59999999999346,1.0
16661,166.60999999999345,1.0
16662,166.61999999999344,1.0
16663,166.62999999999343,1.0
16664,166.63999999999342,1.0
16665,166.6499999999934,1.0
16666,166.6599999999934,1.0
16667,166.6699999999934,1.0
16668,166.67999999999338,1.0
16669,166.68999999999338,1.0
16670,166.69999999999337,1.0
16671,166.70999999999336,1.0
16672,166.71999999999335,1.0
16673,166.72999999999334,1.0
16674,166.73999999999333,1.0
16675,166.74999999999332,1.0
16676,166.7599999999933,1.0
16677,166.7699999999933,1.0
16678,166.7799999999933,1.0
16679,166.78999999999328,1.0
16680,166.79999999999328,1.0
16681,166.80999999999327,1.0
16682,166.81999999999326,1.0
16683,166.82999999999325,1.0
16684,166.83999999999324,1.0
16685,166.84999999999323,1.0
16686,166.85999999999322,1.0
16687,166.8699999999932,1.0
16688,166.8799999999932,1.0
16689,166.8899999999932,1.0
16690,166.89999999999318,1.0
16691,166.90999999999318,1.0
16692,166.91999999999317,1.0
16693,166.92999999999316,1.0
16694,166.93999999999315,1.0
16695,166.94999999999314,1.0
16696,166.95999999999313,1.0
16697,166.96999999999312,1.0
16698,166.9799999999931,1.0
16699,166.9899999999931,1.0
16700,166.9999999999931,1.0
16701,167.00999999999308,1.0
16702,167.01999999999308,1.0
16703,167.02999999999307,1.0
16704,167.03999999999306,1.0
16705,167.04999999999305,1.0
16706,167.05999999999304,1.0
16707,167.06999999999303,1.0
16708,167.07999999999302,1.0
16709,167.089999999993,1.0
16710,167.099999999993,1.0
16711,167.109999999993,1.0
16712,167.11999999999298,1.0
16713,167.12999999999298,1.0
16714,167.13999999999297,1.0
16715,167.14999999999296,1.0
16716,167.15999999999295,1.0
16717,167.16999999999294,1.0
16718,167.17999999999293,1.0
16719,167.18999999999292,1.0
16720,167.1999999999929,1.0
16721,167.2099999999929,1.0
16722,167.2199999999929,1.0
16723,167.22999999999288,1.0
16724,167.23999999999288,1.0
16725,167.24999999999287,1.0
16726,167.25999999999286,1.0
16727,167.26999999999285,1.0
16728,167.27999999999284,1.0
16729,167.28999999999283,1.0
16730,167.29999999999282,1.0
16731,167.3099999999928,1.0
16732,167.3199999999928,1.0
16733,167.3299999999928,1.0
16734,167.33999999999278,1.0
16735,167.34999999999278,1.0
16736,167.35999999999277,1.0
16737,167.36999999999276,1.0
16738,167.37999999999275,1.0
16739,167.38999999999274,1.0
16740,167.39999999999273,1.0
16741,167.40999999999272,1.0
16742,167.4199999999927,1.0
16743,167.4299999999927,1.0
16744,167.4399999999927,1.0
16745,167.44999999999268,1.0
16746,167.45999999999268,1.0
16747,167.46999999999267,1.0
16748,167.47999999999266,1.0
16749,167.48999999999265,1.0
16750,167.49999999999264,1.0
16751,167.50999999999263,1.0
16752,167.51999999999262,1.0
16753,167.5299999999926,1.0
16754,167.5399999999926,1.0
16755,167.5499999999926,1.0
16756,167.55999999999258,1.0
16757,167.56999999999258,1.0
16758,167.57999999999257,1.0
16759,167.58999999999256,1.0
16760,167.59999999999255,1.0
16761,167.60999999999254,1.0
16762,167.61999999999253,1.0
16763,167.62999999999252,1.0
16764,167.6399999999925,1.0
16765,167.6499999999925,1.0
16766,167.6599999999925,1.0
16767,167.66999999999248,1.0
16768,167.67999999999248,1.0
16769,167.68999999999247,1.0
16770,167.69999999999246,1.0
16771,167.70999999999245,1.0
16772,167.71999999999244,1.0
16773,167.72999999999243,1.0
16774,167.73999999999242,1.0
16775,167.7499999999924,1.0
16776,167.7599999999924,1.0
16777,167.7699999999924,1.0
16778,167.77999999999238,1.0
16779,167.78999999999238,1.0
16780,167.79999999999237,1.0
16781,167.80999999999236,1.0
16782,167.81999999999235,1.0
16783,167.82999999999234,1.0
16784,167.83999999999233,1.0
16785,167.84999999999232,1.0
16786,167.8599999999923,1.0
16787,167.8699999999923,1.0
16788,167.8799999999923,1.0
16789,167.88999999999228,1.0
16790,167.89999999999227,1.0
16791,167.90999999999227,1.0
16792,167.91999999999226,1.0
16793,167.92999999999225,1.0
16794,167.93999999999224,1.0
16795,167.94999999999223,1.0
16796,167.95999999999222,1.0
16797,167.9699999999922,1.0
16798,167.9799999999922,1.0
16799,167.9899999999922,1.0
16800,167.99999999999218,1.0
16801,168.00999999999217,1.0
16802,168.01999999999217,1.0
16803,168.02999999999216,1.0
16804,168.03999999999215,1.0
16805,168.04999999999214,1.0
16806,168.05999999999213,1.0
16807,168.06999999999212,1.0
16808,168.0799999999921,1.0
16809,168.0899999999921,1.0
16810,168.0999999999921,1.0
16811,168.10999999999208,1.0
16812,168.11999999999207,1.0
16813,168.12999999999207,1.0
16814,168.13999999999206,1.0
16815,168.14999999999205,1.0
16816,168.15999999999204,1.0
16817,168.16999999999203,1.0
16818,168.17999999999202,1.0
16819,168.189999999992,1.0
16820,168.199999999992,1.0
16821,168.209999999992,1.0
16822,168.21999999999198,1.0
16823,168.22999999999197,1.0
16824,168.23999999999197,1.0
16825,168.24999999999196,1.0
16826,168.25999999999195,1.0
16827,168.26999999999194,1.0
16828,168.27999999999193,1.0
16829,168.28999999999192,1.0
16830,168.2999999999919,1.0
16831,168.3099999999919,1.0
16832,168.3199999999919,1.0
16833,168.32999999999188,1.0
16834,168.33999999999187,1.0
16835,168.34999999999187,1.0
16836,168.35999999999186,1.0
16837,168.36999999999185,1.0
16838,168.37999999999184,1.0
16839,168.38999999999183,1.0
16840,168.39999999999182,1.0
16841,168.4099999999918,1.0
16842,168.4199999999918,1.0
16843,168.4299999999918,1.0
16844,168.43999999999178,1.0
16845,168.44999999999177,1.0
16846,168.45999999999177,1.0
16847,168.46999999999176,1.0
16848,168.47999999999175,1.0
16849,168.48999999999174,1.0
16850,168.49999999999173,1.0
16851,168.50999999999172,1.0
16852,168.5199999999917,1.0
16853,168.5299999999917,1.0
16854,168.5399999999917,1.0
16855,168.54999999999168,1.0
16856,168.55999999999167,1.0
16857,168.56999999999167,1.0
16858,168.57999999999166,1.0
16859,168.58999999999165,1.0
16860,168.59999999999164,1.0
16861,168.60999999999163,1.0
16862,168.61999999999162,1.0
16863,168.6299999999916,1.0
16864,168.6399999999916,1.0
16865,168.6499999999916,1.0
16866,168.65999999999158,1.0
16867,168.66999999999157,1.0
16868,168.67999999999157,1.0
16869,168.68999999999156,1.0
16870,168.69999999999155,1.0
16871,168.70999999999154,1.0
16872,168.71999999999153,1.0
16873,168.72999999999152,1.0
16874,168.7399999999915,1.0
16875,168.7499999999915,1.0
16876,168.7599999999915,1.0
16877,168.76999999999148,1.0
16878,168.77999999999147,1.0
16879,168.78999999999147,1.0
16880,168.79999999999146,1.0
16881,168.80999999999145,1.0
16882,168.81999999999144,1.0
16883,168.82999999999143,1.0
16884,168.83999999999142,1.0
16885,168.8499999999914,1.0
16886,168.8599999999914,1.0
16887,168.8699999999914,1.0
16888,168.87999999999138,1.0
16889,168.88999999999137,1.0
16890,168.89999999999137,1.0
16891,168.90999999999136,1.0
16892,168.91999999999135,1.0
16893,168.92999999999134,1.0
16894,168.93999999999133,1.0
16895,168.94999999999132,1.0
16896,168.9599999999913,1.0
16897,168.9699999999913,1.0
16898,168.9799999999913,1.0
16899,168.98999999999128,1.0
16900,168.99999999999127,1.0
16901,169.00999999999127,1.0
16902,169.01999999999126,1.0
16903,169.02999999999125,1.0
16904,169.03999999999124,1.0
16905,169.04999999999123,1.0
16906,169.05999999999122,1.0
16907,169.0699999999912,1.0
16908,169.0799999999912,1.0
16909,169.0899999999912,1.0
16910,169.09999999999118,1.0
16911,169.10999999999117,1.0
16912,169.11999999999117,1.0
16913,169.12999999999116,1.0
16914,169.13999999999115,1.0
16915,169.14999999999114,1.0
16916,169.15999999999113,1.0
16917,169.16999999999112,1.0
16918,169.1799999999911,1.0
16919,169.1899999999911,1.0
16920,169.1999999999911,1.0
16921,169.20999999999108,1.0
16922,169.21999999999107,1.0
16923,169.22999999999107,1.0
16924,169.23999999999106,1.0
16925,169.24999999999105,1.0
16926,169.25999999999104,1.0
16927,169.26999999999103,1.0
16928,169.27999999999102,1.0
16929,169.289999999991,1.0
16930,169.299999999991,1.0
16931,169.309999999991,1.0
16932,169.31999999999098,1.0
16933,169.32999999999097,1.0
16934,169.33999999999097,1.0
16935,169.34999999999096,1.0
16936,169.35999999999095,1.0
16937,169.36999999999094,1.0
16938,169.37999999999093,1.0
16939,169.38999999999092,1.0
16940,169.3999999999909,1.0
16941,169.4099999999909,1.0
16942,169.4199999999909,1.0
16943,169.42999999999088,1.0
16944,169.43999999999087,1.0
16945,169.44999999999087,1.0
16946,169.45999999999086,1.0
16947,169.46999999999085,1.0
16948,169.47999999999084,1.0
16949,169.48999999999083,1.0
16950,169.49999999999082,1.0
16951,169.5099999999908,1.0
16952,169.5199999999908,1.0
16953,169.5299999999908,1.0
16954,169.53999999999078,1.0
16955,169.54999999999077,1.0
16956,169.55999999999077,1.0
16957,169.56999999999076,1.0
16958,169.57999999999075,1.0
16959,169.58999999999074,1.0
16960,169.59999999999073,1.0
16961,169.60999999999072,1.0
16962,169.6199999999907,1.0
16963,169.6299999999907,1.0
16964,169.6399999999907,1.0
16965,169.64999999999068,1.0
16966,169.65999999999067,1.0
16967,169.66999999999067,1.0
16968,169.67999999999066,1.0
16969,169.68999999999065,1.0
16970,169.69999999999064,1.0
16971,169.70999999999063,1.0
16972,169.71999999999062,1.0
16973,169.7299999999906,1.0
16974,169.7399999999906,1.0
16975,169.7499999999906,1.0
16976,169.75999999999058,1.0
16977,169.76999999999057,1.0
16978,169.77999999999057,1.0
16979,169.78999999999056,1.0
16980,169.79999999999055,1.0
16981,169.80999999999054,1.0
16982,169.81999999999053,1.0
16983,169.82999999999052,1.0
16984,169.8399999999905,1.0
16985,169.8499999999905,1.0
16986,169.8599999999905,1.0
16987,169.86999999999048,1.0
16988,169.87999999999047,1.0
16989,169.88999999999047,1.0
16990,169.89999999999046,1.0
16991,169.90999999999045,1.0
16992,169.91999999999044,1.0
16993,169.92999999999043,1.0
16994,169.93999999999042,1.0
16995,169.9499999999904,1.0
16996,169.9599999999904,1.0
16997,169.9699999999904,1.0
16998,169.97999999999038,1.0
16999,169.98999999999037,1.0
17000,169.99999999999037,1.0
17001,170.00999999999036,1.0
17002,170.01999999999035,1.0
17003,170.02999999999034,1.0
17004,170.03999999999033,1.0
17005,170.04999999999032,1.0
17006,170.0599999999903,1.0
17007,170.0699999999903,1.0
17008,170.0799999999903,1.0
17009,170.08999999999028,1.0
17010,170.09999999999027,1.0
17011,170.10999999999026,1.0
17012,170.11999999999026,1.0
17013,170.12999999999025,1.0
17014,170.13999999999024,1.0
17015,170.14999999999023,1.0
17016,170.15999999999022,1.0
17017,170.1699999999902,1.0
17018,170.1799999999902,1.0
17019,170.1899999999902,1.0
17020,170.19999999999018,1.0
17021,170.20999999999017,1.0
17022,170.21999999999016,1.0
17023,170.22999999999016,1.0
17024,170.23999999999015,1.0
17025,170.24999999999014,1.0
17026,170.25999999999013,1.0
17027,170.26999999999012,1.0
17028,170.2799999999901,1.0
17029,170.2899999999901,1.0
17030,170.2999999999901,1.0
17031,170.30999999999008,1.0
17032,170.31999999999007,1.0
17033,170.32999999999006,1.0
17034,170.33999999999006,1.0
17035,170.34999999999005,1.0
17036,170.35999999999004,1.0
17037,170.36999999999003,1.0
17038,170.37999999999002,1.0
17039,170.38999999999,1.0
17040,170.39999999999,1.0
17041,170.40999999999,1.0
17042,170.41999999998998,1.0
17043,170.42999999998997,1.0
17044,170.43999999998996,1.0
17045,170.44999999998996,1.0
17046,170.45999999998995,1.0
17047,170.46999999998994,1.0
17048,170.47999999998993,1.0
17049,170.48999999998992,1.0
17050,170.4999999999899,1.0
17051,170.5099999999899,1.0
17052,170.5199999999899,1.0
17053,170.52999999998988,1.0
17054,170.53999999998987,1.0
17055,170.54999999998986,1.0
17056,170.55999999998986,1.0
17057,170.56999999998985,1.0
17058,170.57999999998984,1.0
17059,170.58999999998983,1.0
17060,170.59999999998982,1.0
17061,170.6099999999898,1.0
17062,170.6199999999898,1.0
17063,170.6299999999898,1.0
17064,170.63999999998978,1.0
17065,170.64999999998977,1.0
17066,170.65999999998976,1.0
17067,170.66999999998976,1.0
17068,170.67999999998975,1.0
17069,170.68999999998974,1.0
17070,170.69999999998973,1.0
17071,170.70999999998972,1.0
17072,170.7199999999897,1.0
17073,170.7299999999897,1.0
17074,170.7399999999897,1.0
17075,170.74999999998968,1.0
17076,170.75999999998967,1.0
17077,170.76999999998966,1.0
17078,170.77999999998966,1.0
17079,170.78999999998965,1.0
17080,170.79999999998964,1.0
17081,170.80999999998963,1.0
17082,170.81999999998962,1.0
17083,170.8299999999896,1.0
17084,170.8399999999896,1.0
17085,170.8499999999896,1.0
17086,170.85999999998958,1.0
17087,170.86999999998957,1.0
17088,170.87999999998956,1.0
17089,170.88999999998956,1.0
17090,170.89999999998955,1.0
17091,170.90999999998954,1.0
17092,170.91999999998953,1.0
17093,170.92999999998952,1.0
17094,170.9399999999895,1.0
17095,170.9499999999895,1.0
17096,170.9599999999895,1.0
17097,170.96999999998948,1.0
17098,170.97999999998947,1.0
17099,170.98999999998946,1.0
17100,170.99999999998946,1.0
17101,171.00999999998945,1.0
17102,171.01999999998944,1.0
17103,171.02999999998943,1.0
17104,171.03999999998942,1.0
17105,171.0499999999894,1.0
17106,171.0599999999894,1.0
17107,171.0699999999894,1.0
17108,171.07999999998938,1.0
17109,171.08999999998937,1.0
17110,171.09999999998936,1.0
17111,171.10999999998936,1.0
17112,171.11999999998935,1.0
17113,171.12999999998934,1.0
17114,171.13999999998933,1.0
17115,171.14999999998932,1.0
17116,171.1599999999893,1.0
17117,171.1699999999893,1.0
17118,171.1799999999893,1.0
17119,171.18999999998928,1.0
17120,171.19999999998927,1.0
17121,171.20999999998926,1.0
17122,171.21999999998926,1.0
17123,171.22999999998925,1.0
17124,171.23999999998924,1.0
17125,171.24999999998923,1.0
17126,171.25999999998922,1.0
17127,171.2699999999892,1.0
17128,171.2799999999892,1.0
17129,171.2899999999892,1.0
17130,171.29999999998918,1.0
17131,171.30999999998917,1.0
17132,171.31999999998916,1.0
17133,171.32999999998916,1.0
17134,171.33999999998915,1.0
17135,171.34999999998914,1.0
17136,171.35999999998913,1.0
17137,171.36999999998912,1.0
17138,171.3799999999891,1.0
17139,171.3899999999891,1.0
17140,171.3999999999891,1.0
17141,171.40999999998908,1.0
17142,171.41999999998907,1.0
17143,171.42999999998906,1.0
17144,171.43999999998906,1.0
17145,171.44999999998905,1.0
17146,171.45999999998904,1.0
17147,171.46999999998903,1.0
17148,171.47999999998902,1.0
17149,171.489999999989,1.0
17150,171.499999999989,1.0
17151,171.509999999989,1.0
17152,171.51999999998898,1.0
17153,171.52999999998897,1.0
17154,171.53999999998896,1.0
17155,171.54999999998896,1.0
17156,171.55999999998895,1.0
17157,171.56999999998894,1.0
17158,171.57999999998893,1.0
17159,171.58999999998892,1.0
17160,171.5999999999889,1.0
17161,171.6099999999889,1.0
17162,171.6199999999889,1.0
17163,171.62999999998888,1.0
17164,171.63999999998887,1.0
17165,171.64999999998886,1.0
17166,171.65999999998886,1.0
17167,171.66999999998885,1.0
17168,171.67999999998884,1.0
17169,171.68999999998883,1.0
17170,171.69999999998882,1.0
17171,171.7099999999888,1.0
17172,171.7199999999888,1.0
17173,171.7299999999888,1.0
17174,171.73999999998878,1.0
17175,171.74999999998877,1.0
17176,171.75999999998876,1.0
17177,171.76999999998876,1.0
17178,171.77999999998875,1.0
17179,171.78999999998874,1.0
17180,171.79999999998873,1.0
17181,171.80999999998872,1.0
17182,171.8199999999887,1.0
17183,171.8299999999887,1.0
17184,171.8399999999887,1.0
17185,171.84999999998868,1.0
17186,171.85999999998867,1.0
17187,171.86999999998866,1.0
17188,171.87999999998866,1.0
17189,171.88999999998865,1.0
17190,171.89999999998864,1.0
17191,171.90999999998863,1.0
17192,171.91999999998862,1.0
17193,171.9299999999886,1.0
17194,171.9399999999886,1.0
17195,171.9499999999886,1.0
17196,171.95999999998858,1.0
17197,171.96999999998857,1.0
17198,171.97999999998856,1.0
17199,171.98999999998856,1.0
17200,171.99999999998855,1.0
17201,172.00999999998854,1.0
17202,172.01999999998853,1.0
17203,172.02999999998852,1.0
17204,172.0399999999885,1.0
17205,172.0499999999885,1.0
17206,172.0599999999885,1.0
17207,172.06999999998848,1.0
17208,172.07999999998847,1.0
17209,172.08999999998846,1.0
17210,172.09999999998846,1.0
17211,172.10999999998845,1.0
17212,172.11999999998844,1.0
17213,172.12999999998843,1.0
17214,172.13999999998842,1.0
17215,172.1499999999884,1.0
17216,172.1599999999884,1.0
17217,172.1699999999884,1.0
17218,172.17999999998838,1.0
17219,172.18999999998837,1.0
17220,172.19999999998836,1.0
17221,172.20999999998836,1.0
17222,172.21999999998835,1.0
17223,172.22999999998834,1.0
17224,172.23999999998833,1.0
17225,172.24999999998832,1.0
17226,172.2599999999883,1.0
17227,172.2699999999883,1.0
17228,172.2799999999883,1.0
17229,172.28999999998828,1.0
17230,172.29999999998827,1.0
17231,172.30999999998826,1.0
17232,172.31999999998826,1.0
17233,172.32999999998825,1.0
17234,172.33999999998824,1.0
17235,172.34999999998823,1.0
17236,172.35999999998822,1.0
17237,172.3699999999882,1.0
17238,172.3799999999882,1.0
17239,172.3899999999882,1.0
17240,172.39999999998818,1.0
17241,172.40999999998817,1.0
17242,172.41999999998816,1.0
17243,172.42999999998815,1.0
17244,172.43999999998815,1.0
17245,172.44999999998814,1.0
17246,172.45999999998813,1.0
17247,172.46999999998812,1.0
17248,172.4799999999881,1.0
17249,172.4899999999881,1.0
17250,172.4999999999881,1.0
17251,172.50999999998808,1.0
17252,172.51999999998807,1.0
17253,172.52999999998806,1.0
17254,172.53999999998805,1.0
17255,172.54999999998805,1.0
17256,172.55999999998804,1.0
17257,172.56999999998803,1.0
17258,172.57999999998802,1.0
17259,172.589999999988,1.0
17260,172.599999999988,1.0
17261,172.609999999988,1.0
17262,172.61999999998798,1.0
17263,172.62999999998797,1.0
17264,172.63999999998796,1.0
17265,172.64999999998795,1.0
17266,172.65999999998795,1.0
17267,172.66999999998794,1.0
17268,172.67999999998793,1.0
17269,172.68999999998792,1.0
17270,172.6999999999879,1.0
17271,172.7099999999879,1.0
17272,172.7199999999879,1.0
17273,172.72999999998788,1.0
17274,172.73999999998787,1.0
17275,172.74999999998786,1.0
17276,172.75999999998785,1.0
17277,172.76999999998785,1.0
17278,172.77999999998784,1.0
17279,172.78999999998783,1.0
17280,172.79999999998782,1.0
17281,172.8099999999878,1.0
17282,172.8199999999878,1.0
17283,172.8299999999878,1.0
17284,172.83999999998778,1.0
17285,172.84999999998777,1.0
17286,172.85999999998776,1.0
17287,172.86999999998775,1.0
17288,172.87999999998775,1.0
17289,172.88999999998774,1.0
17290,172.89999999998773,1.0
17291,172.90999999998772,1.0
17292,172.9199999999877,1.0
17293,172.9299999999877,1.0
17294,172.9399999999877,1.0
17295,172.94999999998768,1.0
17296,172.95999999998767,1.0
17297,172.96999999998766,1.0
17298,172.97999999998765,1.0
17299,172.98999999998765,1.0
17300,172.99999999998764,1.0
17301,173.00999999998763,1.0
17302,173.01999999998762,1.0
17303,173.0299999999876,1.0
17304,173.0399999999876,1.0
17305,173.0499999999876,1.0
17306,173.05999999998758,1.0
17307,173.06999999998757,1.0
17308,173.07999999998756,1.0
17309,173.08999999998755,1.0
17310,173.09999999998755,1.0
17311,173.10999999998754,1.0
17312,173.11999999998753,1.0
17313,173.12999999998752,1.0
17314,173.1399999999875,1.0
17315,173.1499999999875,1.0
17316,173.1599999999875,1.0
17317,173.16999999998748,1.0
17318,173.17999999998747,1.0
17319,173.18999999998746,1.0
17320,173.19999999998745,1.0
17321,173.20999999998745,1.0
17322,173.21999999998744,1.0
17323,173.22999999998743,1.0
17324,173.23999999998742,1.0
17325,173.2499999999874,1.0
17326,173.2599999999874,1.0
17327,173.2699999999874,1.0
17328,173.27999999998738,1.0
17329,173.28999999998737,1.0
17330,173.29999999998736,1.0
17331,173.30999999998735,1.0
17332,173.31999999998735,1.0
17333,173.32999999998734,1.0
17334,173.33999999998733,1.0
17335,173.34999999998732,1.0
17336,173.3599999999873,1.0
17337,173.3699999999873,1.0
17338,173.3799999999873,1.0
17339,173.38999999998728,1.0
17340,173.39999999998727,1.0
17341,173.40999999998726,1.0
17342,173.41999999998725,1.0
17343,173.42999999998725,1.0
17344,173.43999999998724,1.0
17345,173.44999999998723,1.0
17346,173.45999999998722,1.0
17347,173.4699999999872,1.0
17348,173.4799999999872,1.0
17349,173.4899999999872,1.0
17350,173.49999999998718,1.0
17351,173.50999999998717,1.0
17352,173.51999999998716,1.0
17353,173.52999999998715,1.0
17354,173.53999999998715,1.0
17355,173.54999999998714,1.0
17356,173.55999999998713,1.0
17357,173.56999999998712,1.0
17358,173.5799999999871,1.0
17359,173.5899999999871,1.0
17360,173.5999999999871,1.0
17361,173.60999999998708,1.0
17362,173.61999999998707,1.0
17363,173.62999999998706,1.0
17364,173.63999999998705,1.0
17365,173.64999999998705,1.0
17366,173.65999999998704,1.0
17367,173.66999999998703,1.0
17368,173.67999999998702,1.0
17369,173.689999999987,1.0
17370,173.699999999987,1.0
17371,173.709999999987,1.0
17372,173.71999999998698,1.0
17373,173.72999999998697,1.0
17374,173.73999999998696,1.0
17375,173.74999999998695,1.0
17376,173.75999999998695,1.0
17377,173.76999999998694,1.0
17378,173.77999999998693,1.0
17379,173.78999999998692,1.0
17380,173.7999999999869,1.0
17381,173.8099999999869,1.0
17382,173.8199999999869,1.0
17383,173.82999999998688,1.0
17384,173.83999999998687,1.0
17385,173.84999999998686,1.0
17386,173.85999999998685,1.0
17387,173.86999999998685,1.0
17388,173.87999999998684,1.0
17389,173.88999999998683,1.0
17390,173.89999999998682,1.0
17391,173.9099999999868,1.0
17392,173.9199999999868,1.0
17393,173.9299999999868,1.0
17394,173.93999999998678,1.0
17395,173.94999999998677,1.0
17396,173.95999999998676,1.0
17397,173.96999999998675,1.0
17398,173.97999999998675,1.0
17399,173.98999999998674,1.0
17400,173.99999999998673,1.0
17401,174.00999999998672,1.0
17402,174.0199999999867,1.0
17403,174.0299999999867,1.0
17404,174.0399999999867,1.0
17405,174.04999999998668,1.0
17406,174.05999999998667,1.0
17407,174.06999999998666,1.0
17408,174.07999999998665,1.0
17409,174.08999999998665,1.0
17410,174.09999999998664,1.0
17411,174.10999999998663,1.0
17412,174.11999999998662,1.0
17413,174.1299999999866,1.0
17414,174.1399999999866,1.0
17415,174.1499999999866,1.0
17416,174.15999999998658,1.0
17417,174.16999999998657,1.0
17418,174.17999999998656,1.0
17419,174.18999999998655,1.0
17420,174.19999999998655,1.0
17421,174.20999999998654,1.0
17422,174.21999999998653,1.0
17423,174.22999999998652,1.0
17424,174.2399999999865,1.0
17425,174.2499999999865,1.0
17426,174.2599999999865,1.0
17427,174.26999999998648,1.0
17428,174.27999999998647,1.0
17429,174.28999999998646,1.0
17430,174.29999999998645,1.0
17431,174.30999999998645,1.0
17432,174.31999999998644,1.0
17433,174.32999999998643,1.0
17434,174.33999999998642,1.0
17435,174.3499999999864,1.0
17436,174.3599999999864,1.0
17437,174.3699999999864,1.0
17438,174.37999999998638,1.0
17439,174.38999999998637,1.0
17440,174.39999999998636,1.0
17441,174.40999999998635,1.0
17442,174.41999999998635,1.0
17443,174.42999999998634,1.0
17444,174.43999999998633,1.0
17445,174.44999999998632,1.0
17446,174.4599999999863,1.0
17447,174.4699999999863,1.0
17448,174.4799999999863,1.0
17449,174.48999999998628,1.0
17450,174.49999999998627,1.0
17451,174.50999999998626,1.0
17452,174.51999999998625,1.0
17453,174.52999999998625,1.0
17454,174.53999999998624,1.0
17455,174.54999999998623,1.0
17456,174.55999999998622,1.0
17457,174.5699999999862,1.0
17458,174.5799999999862,1.0
17459,174.5899999999862,1.0
17460,174.59999999998618,1.0
17461,174.60999999998617,1.0
17462,174.61999999998616,1.0
17463,174.62999999998615,1.0
17464,174.63999999998614,1.0
17465,174.64999999998614,1.0
17466,174.65999999998613,1.0
17467,174.66999999998612,1.0
17468,174.6799999999861,1.0
17469,174.6899999999861,1.0
17470,174.6999999999861,1.0
17471,174.70999999998608,1.0
17472,174.71999999998607,1.0
17473,174.72999999998606,1.0
17474,174.73999999998605,1.0
17475,174.74999999998604,1.0
17476,174.75999999998604,1.0
17477,174.76999999998603,1.0
17478,174.77999999998602,1.0
17479,174.789999999986,1.0
17480,174.799999999986,1.0
17481,174.809999999986,1.0
17482,174.81999999998598,1.0
17483,174.82999999998597,1.0
17484,174.83999999998596,1.0
17485,174.84999999998595,1.0
17486,174.85999999998594,1.0
17487,174.86999999998594,1.0
17488,174.87999999998593,1.0
17489,174.88999999998592,1.0
17490,174.8999999999859,1.0
17491,174.9099999999859,1.0
17492,174.9199999999859,1.0
17493,174.92999999998588,1.0
17494,174.93999999998587,1.0
17495,174.94999999998586,1.0
17496,174.95999999998585,1.0
17497,174.96999999998584,1.0
17498,174.97999999998584,1.0
17499,174.98999999998583,1.0
17500,174.99999999998582,1.0
17501,175.0099999999858,1.0
17502,175.0199999999858,1.0
17503,175.0299999999858,1.0
17504,175.03999999998578,1.0
17505,175.04999999998577,1.0
17506,175.05999999998576,1.0
17507,175.06999999998575,1.0
17508,175.07999999998574,1.0
17509,175.08999999998574,1.0
17510,175.09999999998573,1.0
17511,175.10999999998572,1.0
17512,175.1199999999857,1.0
17513,175.1299999999857,1.0
17514,175.1399999999857,1.0
17515,175.14999999998568,1.0
17516,175.15999999998567,1.0
17517,175.16999999998566,1.0
17518,175.17999999998565,1.0
17519,175.18999999998564,1.0
17520,175.19999999998564,1.0
17521,175.20999999998563,1.0
17522,175.21999999998562,1.0
17523,175.2299999999856,1.0
17524,175.2399999999856,1.0
17525,175.2499999999856,1.0
17526,175.25999999998558,1.0
17527,175.26999999998557,1.0
17528,175.27999999998556,1.0
17529,175.28999999998555,1.0
17530,175.29999999998554,1.0
17531,175.30999999998554,1.0
17532,175.31999999998553,1.0
17533,175.32999999998552,1.0
17534,175.3399999999855,1.0
17535,175.3499999999855,1.0
17536,175.3599999999855,1.0
17537,175.36999999998548,1.0
17538,175.37999999998547,1.0
17539,175.38999999998546,1.0
17540,175.39999999998545,1.0
17541,175.40999999998544,1.0
17542,175.41999999998544,1.0
17543,175.42999999998543,1.0
17544,175.43999999998542,1.0
17545,175.4499999999854,1.0
17546,175.4599999999854,1.0
17547,175.4699999999854,1.0
17548,175.47999999998538,1.0
17549,175.48999999998537,1.0
17550,175.49999999998536,1.0
17551,175.50999999998535,1.0
17552,175.51999999998534,1.0
17553,175.52999999998534,1.0
17554,175.53999999998533,1.0
17555,175.54999999998532,1.0
17556,175.5599999999853,1.0
17557,175.5699999999853,1.0
17558,175.5799999999853,1.0
17559,175.58999999998528,1.0
17560,175.59999999998527,1.0
17561,175.60999999998526,1.0
17562,175.61999999998525,1.0
17563,175.62999999998524,1.0
17564,175.63999999998524,1.0
17565,175.64999999998523,1.0
17566,175.65999999998522,1.0
17567,175.6699999999852,1.0
17568,175.6799999999852,1.0
17569,175.6899999999852,1.0
17570,175.69999999998518,1.0
17571,175.70999999998517,1.0
17572,175.71999999998516,1.0
17573,175.72999999998515,1.0
17574,175.73999999998514,1.0
17575,175.74999999998514,1.0
17576,175.75999999998513,1.0
17577,175.76999999998512,1.0
17578,175.7799999999851,1.0
17579,175.7899999999851,1.0
17580,175.7999999999851,1.0
17581,175.80999999998508,1.0
17582,175.81999999998507,1.0
17583,175.82999999998506,1.0
17584,175.83999999998505,1.0
17585,175.84999999998504,1.0
17586,175.85999999998504,1.0
17587,175.86999999998503,1.0
17588,175.87999999998502,1.0
17589,175.889999999985,1.0
17590,175.899999999985,1.0
17591,175.909999999985,1.0
17592,175.91999999998498,1.0
17593,175.92999999998497,1.0
17594,175.93999999998496,1.0
17595,175.94999999998495,1.0
17596,175.95999999998494,1.0
17597,175.96999999998494,1.0
17598,175.97999999998493,1.0
17599,175.98999999998492,1.0
17600,175.9999999999849,1.0
17601,176.0099999999849,1.0
17602,176.0199999999849,1.0
17603,176.02999999998488,1.0
17604,176.03999999998487,1.0
17605,176.04999999998486,1.0
17606,176.05999999998485,1.0
17607,176.06999999998484,1.0
17608,176.07999999998484,1.0
17609,176.08999999998483,1.0
17610,176.09999999998482,1.0
17611,176.1099999999848,1.0
17612,176.1199999999848,1.0
17613,176.1299999999848,1.0
17614,176.13999999998478,1.0
17615,176.14999999998477,1.0
17616,176.15999999998476,1.0
17617,176.16999999998475,1.0
17618,176.17999999998474,1.0
17619,176.18999999998474,1.0
17620,176.19999999998473,1.0
17621,176.20999999998472,1.0
17622,176.2199999999847,1.0
17623,176.2299999999847,1.0
17624,176.2399999999847,1.0
17625,176.24999999998468,1.0
17626,176.25999999998467,1.0
17627,176.26999999998466,1.0
17628,176.27999999998465,1.0
17629,176.28999999998464,1.0
17630,176.29999999998464,1.0
17631,176.30999999998463,1.0
17632,176.31999999998462,1.0
17633,176.3299999999846,1.0
17634,176.3399999999846,1.0
17635,176.3499999999846,1.0
17636,176.35999999998458,1.0
17637,176.36999999998457,1.0
17638,176.37999999998456,1.0
17639,176.38999999998455,1.0
17640,176.39999999998454,1.0
17641,176.40999999998454,1.0
17642,176.41999999998453,1.0
17643,176.42999999998452,1.0
17644,176.4399999999845,1.0
17645,176.4499999999845,1.0
17646,176.4599999999845,1.0
17647,176.46999999998448,1.0
17648,176.47999999998447,1.0
17649,176.48999999998446,1.0
17650,176.49999999998445,1.0
17651,176.50999999998444,1.0
17652,176.51999999998444,1.0
17653,176.52999999998443,1.0
17654,176.53999999998442,1.0
17655,176.5499999999844,1.0
17656,176.5599999999844,1.0
17657,176.5699999999844,1.0
17658,176.57999999998438,1.0
17659,176.58999999998437,1.0
17660,176.59999999998436,1.0
17661,176.60999999998435,1.0
17662,176.61999999998434,1.0
17663,176.62999999998434,1.0
17664,176.63999999998433,1.0
17665,176.64999999998432,1.0
17666,176.6599999999843,1.0
17667,176.6699999999843,1.0
17668,176.6799999999843,1.0
17669,176.68999999998428,1.0
17670,176.69999999998427,1.0
17671,176.70999999998426,1.0
17672,176.71999999998425,1.0
17673,176.72999999998424,1.0
17674,176.73999999998424,1.0
17675,176.74999999998423,1.0
17676,176.75999999998422,1.0
17677,176.7699999999842,1.0
17678,176.7799999999842,1.0
17679,176.7899999999842,1.0
17680,176.79999999998418,1.0
17681,176.80999999998417,1.0
17682,176.81999999998416,1.0
17683,176.82999999998415,1.0
17684,176.83999999998414,1.0
17685,176.84999999998414,1.0
17686,176.85999999998413,1.0
17687,176.86999999998412,1.0
17688,176.8799999999841,1.0
17689,176.8899999999841,1.0
17690,176.8999999999841,1.0
17691,176.90999999998408,1.0
17692,176.91999999998407,1.0
17693,176.92999999998406,1.0
17694,176.93999999998405,1.0
17695,176.94999999998404,1.0
17696,176.95999999998403,1.0
17697,176.96999999998403,1.0
17698,176.97999999998402,1.0
17699,176.989999999984,1.0
17700,176.999999999984,1.0
17701,177.009999999984,1.0
17702,177.01999999998398,1.0
17703,177.02999999998397,1.0
17704,177.03999999998396,1.0
17705,177.04999999998395,1.0
17706,177.05999999998394,1.0
17707,177.06999999998393,1.0
17708,177.07999999998393,1.0
17709,177.08999999998392,1.0
17710,177.0999999999839,1.0
17711,177.1099999999839,1.0
17712,177.1199999999839,1.0
17713,177.12999999998388,1.0
17714,177.13999999998387,1.0
17715,177.14999999998386,1.0
17716,177.15999999998385,1.0
17717,177.16999999998384,1.0
17718,177.17999999998383,1.0
17719,177.18999999998383,1.0
17720,177.19999999998382,1.0
17721,177.2099999999838,1.0
17722,177.2199999999838,1.0
17723,177.2299999999838,1.0
17724,177.23999999998378,1.0
17725,177.24999999998377,1.0
17726,177.25999999998376,1.0
17727,177.26999999998375,1.0
17728,177.27999999998374,1.0
17729,177.28999999998373,1.0
17730,177.29999999998373,1.0
17731,177.30999999998372,1.0
17732,177.3199999999837,1.0
17733,177.3299999999837,1.0
17734,177.3399999999837,1.0
17735,177.34999999998368,1.0
17736,177.35999999998367,1.0
17737,177.36999999998366,1.0
17738,177.37999999998365,1.0
17739,177.38999999998364,1.0
17740,177.39999999998363,1.0
17741,177.40999999998363,1.0
17742,177.41999999998362,1.0
17743,177.4299999999836,1.0
17744,177.4399999999836,1.0
17745,177.4499999999836,1.0
17746,177.45999999998358,1.0
17747,177.46999999998357,1.0
17748,177.47999999998356,1.0
17749,177.48999999998355,1.0
17750,177.49999999998354,1.0
17751,177.50999999998353,1.0
17752,177.51999999998353,1.0
17753,177.52999999998352,1.0
17754,177.5399999999835,1.0
17755,177.5499999999835,1.0
17756,177.5599999999835,1.0
17757,177.56999999998348,1.0
17758,177.57999999998347,1.0
17759,177.58999999998346,1.0
17760,177.59999999998345,1.0
17761,177.60999999998344,1.0
17762,177.61999999998343,1.0
17763,177.62999999998343,1.0
17764,177.63999999998342,1.0
17765,177.6499999999834,1.0
17766,177.6599999999834,1.0
17767,177.6699999999834,1.0
17768,177.67999999998338,1.0
17769,177.68999999998337,1.0
17770,177.69999999998336,1.0
17771,177.70999999998335,1.0
17772,177.71999999998334,1.0
17773,177.72999999998333,1.0
17774,177.73999999998333,1.0
17775,177.74999999998332,1.0
17776,177.7599999999833,1.0
17777,177.7699999999833,1.0
17778,177.7799999999833,1.0
17779,177.78999999998328,1.0
17780,177.79999999998327,1.0
17781,177.80999999998326,1.0
17782,177.81999999998325,1.0
17783,177.82999999998324,1.0
17784,177.83999999998323,1.0
17785,177.84999999998323,1.0
17786,177.85999999998322,1.0
17787,177.8699999999832,1.0
17788,177.8799999999832,1.0
17789,177.8899999999832,1.0
17790,177.89999999998318,1.0
17791,177.90999999998317,1.0
17792,177.91999999998316,1.0
17793,177.92999999998315,1.0
17794,177.93999999998314,1.0
17795,177.94999999998313,1.0
17796,177.95999999998313,1.0
17797,177.96999999998312,1.0
17798,177.9799999999831,1.0
17799,177.9899999999831,1.0
17800,177.9999999999831,1.0
17801,178.00999999998308,1.0
17802,178.01999999998307,1.0
17803,178.02999999998306,1.0
17804,178.03999999998305,1.0
17805,178.04999999998304,1.0
17806,178.05999999998303,1.0
17807,178.06999999998303,1.0
17808,178.07999999998302,1.0
17809,178.089999999983,1.0
17810,178.099999999983,1.0
17811,178.109999999983,1.0
17812,178.11999999998298,1.0
17813,178.12999999998297,1.0
17814,178.13999999998296,1.0
17815,178.14999999998295,1.0
17816,178.15999999998294,1.0
17817,178.16999999998293,1.0
17818,178.17999999998293,1.0
17819,178.18999999998292,1.0
17820,178.1999999999829,1.0
17821,178.2099999999829,1.0
17822,178.2199999999829,1.0
17823,178.22999999998288,1.0
17824,178.23999999998287,1.0
17825,178.24999999998286,1.0
17826,178.25999999998285,1.0
17827,178.26999999998284,1.0
17828,178.27999999998283,1.0
17829,178.28999999998283,1.0
17830,178.29999999998282,1.0
17831,178.3099999999828,1.0
17832,178.3199999999828,1.0
17833,178.3299999999828,1.0
17834,178.33999999998278,1.0
17835,178.34999999998277,1.0
17836,178.35999999998276,1.0
17837,178.36999999998275,1.0
17838,178.37999999998274,1.0
17839,178.38999999998273,1.0
17840,178.39999999998273,1.0
17841,178.40999999998272,1.0
17842,178.4199999999827,1.0
17843,178.4299999999827,1.0
17844,178.4399999999827,1.0
17845,178.44999999998268,1.0
17846,178.45999999998267,1.0
17847,178.46999999998266,1.0
17848,178.47999999998265,1.0
17849,178.48999999998264,1.0
17850,178.49999999998263,1.0
17851,178.50999999998263,1.0
17852,178.51999999998262,1.0
17853,178.5299999999826,1.0
17854,178.5399999999826,1.0
17855,178.5499999999826,1.0
17856,178.55999999998258,1.0
17857,178.56999999998257,1.0
17858,178.57999999998256,1.0
17859,178.58999999998255,1.0
17860,178.59999999998254,1.0
17861,178.60999999998253,1.0
17862,178.61999999998253,1.0
17863,178.62999999998252,1.0
17864,178.6399999999825,1.0
17865,178.6499999999825,1.0
17866,178.6599999999825,1.0
17867,178.66999999998248,1.0
17868,178.67999999998247,1.0
17869,178.68999999998246,1.0
17870,178.69999999998245,1.0
17871,178.70999999998244,1.0
17872,178.71999999998243,1.0
17873,178.72999999998243,1.0
17874,178.73999999998242,1.0
17875,178.7499999999824,1.0
17876,178.7599999999824,1.0
17877,178.7699999999824,1.0
17878,178.77999999998238,1.0
17879,178.78999999998237,1.0
17880,178.79999999998236,1.0
17881,178.80999999998235,1.0
17882,178.81999999998234,1.0
17883,178.82999999998233,1.0
17884,178.83999999998233,1.0
17885,178.84999999998232,1.0
17886,178.8599999999823,1.0
17887,178.8699999999823,1.0
17888,178.8799999999823,1.0
17889,178.88999999998228,1.0
17890,178.89999999998227,1.0
17891,178.90999999998226,1.0
17892,178.91999999998225,1.0
17893,178.92999999998224,1.0
17894,178.93999999998223,1.0
17895,178.94999999998223,1.0
17896,178.95999999998222,1.0
17897,178.9699999999822,1.0
17898,178.9799999999822,1.0
17899,178.9899999999822,1.0
17900,178.99999999998218,1.0
17901,179.00999999998217,1.0
17902,179.01999999998216,1.0
17903,179.02999999998215,1.0
17904,179.03999999998214,1.0
17905,179.04999999998213,1.0
17906,179.05999999998213,1.0
17907,179.06999999998212,1.0
17908,179.0799999999821,1.0
17909,179.0899999999821,1.0
17910,179.0999999999821,1.0
17911,179.10999999998208,1.0
17912,179.11999999998207,1.0
17913,179.12999999998206,1.0
17914,179.13999999998205,1.0
17915,179.14999999998204,1.0
17916,179.15999999998203,1.0
17917,179.16999999998202,1.0
17918,179.17999999998202,1.0
17919,179.189999999982,1.0
17920,179.199999999982,1.0
17921,179.209999999982,1.0
17922,179.21999999998198,1.0
17923,179.22999999998197,1.0
17924,179.23999999998196,1.0
17925,179.24999999998195,1.0
17926,179.25999999998194,1.0
17927,179.26999999998193,1.0
17928,179.27999999998192,1.0
17929,179.28999999998192,1.0
17930,179.2999999999819,1.0
17931,179.3099999999819,1.0
17932,179.3199999999819,1.0
17933,179.32999999998188,1.0
17934,179.33999999998187,1.0
17935,179.34999999998186,1.0
17936,179.35999999998185,1.0
17937,179.36999999998184,1.0
17938,179.37999999998183,1.0
17939,179.38999999998182,1.0
17940,179.39999999998182,1.0
17941,179.4099999999818,1.0
17942,179.4199999999818,1.0
17943,179.4299999999818,1.0
17944,179.43999999998178,1.0
17945,179.44999999998177,1.0
17946,179.45999999998176,1.0
17947,179.46999999998175,1.0
17948,179.47999999998174,1.0
17949,179.48999999998173,1.0
17950,179.49999999998172,1.0
17951,179.50999999998172,1.0
17952,179.5199999999817,1.0
17953,179.5299999999817,1.0
17954,179.5399999999817,1.0
17955,179.54999999998168,1.0
17956,179.55999999998167,1.0
17957,179.56999999998166,1.0
17958,179.57999999998165,1.0
17959,179.58999999998164,1.0
17960,179.59999999998163,1.0
17961,179.60999999998162,1.0
17962,179.61999999998162,1.0
17963,179.6299999999816,1.0
17964,179.6399999999816,1.0
17965,179.6499999999816,1.0
17966,179.65999999998158,1.0
17967,179.66999999998157,1.0
17968,179.67999999998156,1.0
17969,179.68999999998155,1.0
17970,179.69999999998154,1.0
17971,179.70999999998153,1.0
17972,179.71999999998152,1.0
17973,179.72999999998152,1.0
17974,179.7399999999815,1.0
17975,179.7499999999815,1.0
17976,179.7599999999815,1.0
17977,179.76999999998148,1.0
17978,179.77999999998147,1.0
17979,179.78999999998146,1.0
17980,179.79999999998145,1.0
17981,179.80999999998144,1.0
17982,179.81999999998143,1.0
17983,179.82999999998142,1.0
17984,179.83999999998142,1.0
17985,179.8499999999814,1.0
17986,179.8599999999814,1.0
17987,179.8699999999814,1.0
17988,179.87999999998138,1.0
17989,179.88999999998137,1.0
17990,179.89999999998136,1.0
17991,179.90999999998135,1.0
17992,179.91999999998134,1.0
17993,179.92999999998133,1.0
17994,179.93999999998132,1.0
17995,179.94999999998132,1.0
17996,179.9599999999813,1.0
17997,179.9699999999813,1.0
17998,179.9799999999813,1.0
17999,179.98999999998128,1.0
18000,179.99999999998127,1.0
18001,180.00999999998126,1.0
18002,180.01999999998125,1.0
18003,180.02999999998124,1.0
18004,180.03999999998123,1.0
18005,180.04999999998122,1.0
18006,180.05999999998122,1.0
18007,180.0699999999812,1.0
18008,180.0799999999812,1.0
18009,180.0899999999812,1.0
18010,180.09999999998118,1.0
18011,180.10999999998117,1.0
18012,180.11999999998116,1.0
18013,180.12999999998115,1.0
18014,180.13999999998114,1.0
18015,180.14999999998113,1.0
18016,180.15999999998112,1.0
18017,180.16999999998112,1.0
18018,180.1799999999811,1.0
18019,180.1899999999811,1.0
18020,180.1999999999811,1.0
18021,180.20999999998108,1.0
18022,180.21999999998107,1.0
18023,180.22999999998106,1.0
18024,180.23999999998105,1.0
18025,180.24999999998104,1.0
18026,180.25999999998103,1.0
18027,180.26999999998102,1.0
18028,180.27999999998102,1.0
18029,180.289999999981,1.0
18030,180.299999999981,1.0
18031,180.309999999981,1.0
18032,180.31999999998098,1.0
18033,180.32999999998097,1.0
18034,180.33999999998096,1.0
18035,180.34999999998095,1.0
18036,180.35999999998094,1.0
18037,180.36999999998093,1.0
18038,180.37999999998092,1.0
18039,180.38999999998092,1.0
18040,180.3999999999809,1.0
18041,180.4099999999809,1.0
18042,180.4199999999809,1.0
18043,180.42999999998088,1.0
18044,180.43999999998087,1.0
18045,180.44999999998086,1.0
18046,180.45999999998085,1.0
18047,180.46999999998084,1.0
18048,180.47999999998083,1.0
18049,180.48999999998082,1.0
18050,180.49999999998082,1.0
18051,180.5099999999808,1.0
18052,180.5199999999808,1.0
18053,180.5299999999808,1.0
18054,180.53999999998078,1.0
18055,180.54999999998077,1.0
18056,180.55999999998076,1.0
18057,180.56999999998075,1.0
18058,180.57999999998074,1.0
18059,180.58999999998073,1.0
18060,180.59999999998072,1.0
18061,180.60999999998072,1.0
18062,180.6199999999807,1.0
18063,180.6299999999807,1.0
18064,180.6399999999807,1.0
18065,180.64999999998068,1.0
18066,180.65999999998067,1.0
18067,180.66999999998066,1.0
18068,180.67999999998065,1.0
18069,180.68999999998064,1.0
18070,180.69999999998063,1.0
18071,180.70999999998062,1.0
18072,180.71999999998062,1.0
18073,180.7299999999806,1.0
18074,180.7399999999806,1.0
18075,180.7499999999806,1.0
18076,180.75999999998058,1.0
18077,180.76999999998057,1.0
18078,180.77999999998056,1.0
18079,180.78999999998055,1.0
18080,180.79999999998054,1.0
18081,180.80999999998053,1.0
18082,180.81999999998052,1.0
18083,180.82999999998052,1.0
18084,180.8399999999805,1.0
18085,180.8499999999805,1.0
18086,180.8599999999805,1.0
18087,180.86999999998048,1.0
18088,180.87999999998047,1.0
18089,180.88999999998046,1.0
18090,180.89999999998045,1.0
18091,180.90999999998044,1.0
18092,180.91999999998043,1.0
18093,180.92999999998042,1.0
18094,180.93999999998042,1.0
18095,180.9499999999804,1.0
18096,180.9599999999804,1.0
18097,180.9699999999804,1.0
18098,180.97999999998038,1.0
18099,180.98999999998037,1.0
18100,180.99999999998036,1.0
18101,181.00999999998035,1.0
18102,181.01999999998034,1.0
18103,181.02999999998033,1.0
18104,181.03999999998032,1.0
18105,181.04999999998032,1.0
18106,181.0599999999803,1.0
18107,181.0699999999803,1.0
18108,181.0799999999803,1.0
18109,181.08999999998028,1.0
18110,181.09999999998027,1.0
18111,181.10999999998026,1.0
18112,181.11999999998025,1.0
18113,181.12999999998024,1.0
18114,181.13999999998023,1.0
18115,181.14999999998022,1.0
18116,181.15999999998022,1.0
18117,181.1699999999802,1.0
18118,181.1799999999802,1.0
18119,181.1899999999802,1.0
18120,181.19999999998018,1.0
18121,181.20999999998017,1.0
18122,181.21999999998016,1.0
18123,181.22999999998015,1.0
18124,181.23999999998014,1.0
18125,181.24999999998013,1.0
18126,181.25999999998012,1.0
18127,181.26999999998012,1.0
18128,181.2799999999801,1.0
18129,181.2899999999801,1.0
18130,181.2999999999801,1.0
18131,181.30999999998008,1.0
18132,181.31999999998007,1.0
18133,181.32999999998006,1.0
18134,181.33999999998005,1.0
18135,181.34999999998004,1.0
18136,181.35999999998003,1.0
18137,181.36999999998002,1.0
18138,181.37999999998001,1.0
18139,181.38999999998,1.0
18140,181.39999999998,1.0
18141,181.40999999998,1.0
18142,181.41999999997998,1.0
18143,181.42999999997997,1.0
18144,181.43999999997996,1.0
18145,181.44999999997995,1.0
18146,181.45999999997994,1.0
18147,181.46999999997993,1.0
18148,181.47999999997992,1.0
18149,181.48999999997991,1.0
18150,181.4999999999799,1.0
18151,181.5099999999799,1.0
18152,181.5199999999799,1.0
18153,181.52999999997988,1.0
18154,181.53999999997987,1.0
18155,181.54999999997986,1.0
18156,181.55999999997985,1.0
18157,181.56999999997984,1.0
18158,181.57999999997983,1.0
18159,181.58999999997982,1.0
18160,181.59999999997981,1.0
18161,181.6099999999798,1.0
18162,181.6199999999798,1.0
18163,181.6299999999798,1.0
18164,181.63999999997978,1.0
18165,181.64999999997977,1.0
18166,181.65999999997976,1.0
18167,181.66999999997975,1.0
18168,181.67999999997974,1.0
18169,181.68999999997973,1.0
18170,181.69999999997972,1.0
18171,181.70999999997971,1.0
18172,181.7199999999797,1.0
18173,181.7299999999797,1.0
18174,181.7399999999797,1.0
18175,181.74999999997968,1.0
18176,181.75999999997967,1.0
18177,181.76999999997966,1.0
18178,181.77999999997965,1.0
18179,181.78999999997964,1.0
18180,181.79999999997963,1.0
18181,181.80999999997962,1.0
18182,181.81999999997961,1.0
18183,181.8299999999796,1.0
18184,181.8399999999796,1.0
18185,181.8499999999796,1.0
18186,181.85999999997958,1.0
18187,181.86999999997957,1.0
18188,181.87999999997956,1.0
18189,181.88999999997955,1.0
18190,181.89999999997954,1.0
18191,181.90999999997953,1.0
18192,181.91999999997952,1.0
18193,181.92999999997951,1.0
18194,181.9399999999795,1.0
18195,181.9499999999795,1.0
18196,181.9599999999795,1.0
18197,181.96999999997948,1.0
18198,181.97999999997947,1.0
18199,181.98999999997946,1.0
18200,181.99999999997945,1.0
18201,182.00999999997944,1.0
18202,182.01999999997943,1.0
18203,182.02999999997942,1.0
18204,182.03999999997941,1.0
18205,182.0499999999794,1.0
18206,182.0599999999794,1.0
18207,182.0699999999794,1.0
18208,182.07999999997938,1.0
18209,182.08999999997937,1.0
18210,182.09999999997936,1.0
18211,182.10999999997935,1.0
18212,182.11999999997934,1.0
18213,182.12999999997933,1.0
18214,182.13999999997932,1.0
18215,182.14999999997931,1.0
18216,182.1599999999793,1.0
18217,182.1699999999793,1.0
18218,182.1799999999793,1.0
18219,182.18999999997928,1.0
18220,182.19999999997927,1.0
18221,182.20999999997926,1.0
18222,182.21999999997925,1.0
18223,182.22999999997924,1.0
18224,182.23999999997923,1.0
18225,182.24999999997922,1.0
18226,182.25999999997921,1.0
18227,182.2699999999792,1.0
18228,182.2799999999792,1.0
18229,182.2899999999792,1.0
18230,182.29999999997918,1.0
18231,182.30999999997917,1.0
18232,182.31999999997916,1.0
