,sojourn_time,cdf
0,0.0,-0.003087626743911054
1,0.01,-0.00285533767655477
2,0.02,-0.0025537652946772127
3,0.03,-0.0021841331745118264
4,0.04,-0.0017476486440055616
5,0.05,-0.001245502976604973
6,0.060000000000000005,-0.0006788715828356384
7,0.07,-4.891419972885558e-05
8,0.08,0.0006432249219106012
9,0.09,0.0013964168323508108
10,0.09999999999999999,0.002209547699874248
11,0.10999999999999999,0.0030815186298117636
12,0.11999999999999998,0.004011245485599502
13,0.12999999999999998,0.00499765871189628
14,0.13999999999999999,0.006039703159687826
15,0.15,0.007136337913381197
16,0.16,0.008286536119865962
17,0.17,0.009489284819514499
18,0.18000000000000002,0.010743584779104531
19,0.19000000000000003,0.0120484503266306
20,0.20000000000000004,0.013402909188011791
21,0.21000000000000005,0.014806002325641998
22,0.22000000000000006,0.01625678377878026
23,0.23000000000000007,0.017754320505761423
24,0.24000000000000007,0.019297692228000374
25,0.25000000000000006,0.02088599127577273
26,0.26000000000000006,0.022518322435755356
27,0.2700000000000001,0.024193802800301145
28,0.2800000000000001,0.025911561618433887
29,0.2900000000000001,0.027670740148539874
30,0.3000000000000001,0.02947049151274861
31,0.3100000000000001,0.03130998055296408
32,0.3200000000000001,0.03318838368854715
33,0.3300000000000001,0.0351048887756249
34,0.34000000000000014,0.03705869496799685
35,0.35000000000000014,0.03904901257964666
36,0.36000000000000015,0.041075062948813246
37,0.37000000000000016,0.04313607830362143
38,0.38000000000000017,0.045231301629251264
39,0.3900000000000002,0.04735998653662776
40,0.4000000000000002,0.049521397132608835
41,0.4100000000000002,0.051714807891671044
42,0.4200000000000002,0.05393950352905441
43,0.4300000000000002,0.05619477887536739
44,0.4400000000000002,0.05847993875263535
45,0.45000000000000023,0.06079429785175794
46,0.46000000000000024,0.0631371806113834
47,0.47000000000000025,0.06550792109817094
48,0.48000000000000026,0.06790586288843159
49,0.49000000000000027,0.07033035895111606
50,0.5000000000000002,0.07278077153217444
51,0.5100000000000002,0.07525647204020991
52,0.5200000000000002,0.07775684093348412
53,0.5300000000000002,0.08028126760819676
54,0.5400000000000003,0.0828291502880637
55,0.5500000000000003,0.08539989591517072
56,0.5600000000000003,0.08799292004206793
57,0.5700000000000003,0.09060764672512978
58,0.5800000000000003,0.09324350841913076
59,0.5900000000000003,0.09589994587304396
60,0.6000000000000003,0.0985764080270386
61,0.6100000000000003,0.10127235191066764
62,0.6200000000000003,0.10398724254223946
63,0.6300000000000003,0.10672055282933945
64,0.6400000000000003,0.10947176347051302
65,0.6500000000000004,0.11224036285808259
66,0.6600000000000004,0.11502584698208473
67,0.6700000000000004,0.11782771933532799
68,0.6800000000000004,0.12064549081954568
69,0.6900000000000004,0.12347867965263548
70,0.7000000000000004,0.12632681127697531
71,0.7100000000000004,0.12918941826881125
72,0.7200000000000004,0.1320660402486762
73,0.7300000000000004,0.13495622379287397
74,0.7400000000000004,0.1378595223459772
75,0.7500000000000004,0.14077549613433693
76,0.7600000000000005,0.14370371208061494
77,0.7700000000000005,0.14664374371929612
78,0.7800000000000005,0.14959517111318832
79,0.7900000000000005,0.15255758077089676
80,0.8000000000000005,0.15553056556526057
81,0.8100000000000005,0.15851372465272862
82,0.8200000000000005,0.16150666339369446
83,0.8300000000000005,0.16450899327374324
84,0.8400000000000005,0.16752033182582848
85,0.8500000000000005,0.17054030255335062
86,0.8600000000000005,0.17356853485414359
87,0.8700000000000006,0.17660466394533914
88,0.8800000000000006,0.17964833078911413
89,0.8900000000000006,0.18269918201930968
90,0.9000000000000006,0.18575686986890927
91,0.9100000000000006,0.1888210520983573
92,0.9200000000000006,0.19189139192473204
93,0.9300000000000006,0.19496755795173504
94,0.9400000000000006,0.1980492241005124
95,0.9500000000000006,0.20113606954127838
96,0.9600000000000006,0.2042277786257558
97,0.9700000000000006,0.2073240408203917
98,0.9800000000000006,0.2104245506403769
99,0.9900000000000007,0.21352900758442728
100,1.0000000000000007,0.21663711607034075
101,1.0100000000000007,0.21974858537130715
102,1.0200000000000007,0.22286312955297816
103,1.0300000000000007,0.22598046741126399
104,1.0400000000000007,0.22910032241087963
105,1.0500000000000007,0.2322224226246039
106,1.0600000000000007,0.23534650067326635
107,1.0700000000000007,0.2384722936664283
108,1.0800000000000007,0.2415995431437855
109,1.0900000000000007,0.2447279950172423
110,1.1000000000000008,0.24785739951369068
111,1.1100000000000008,0.25098751111844664
112,1.1200000000000008,0.254118088519383
113,1.1300000000000008,0.25724889455169353
114,1.1400000000000008,0.2603796961433361
115,1.1500000000000008,0.26351026426111845
116,1.1600000000000008,0.2666403738574119
117,1.1700000000000008,0.2697698038175157
118,1.1800000000000008,0.2728983369076333
119,1.1900000000000008,0.27602575972347565
120,1.2000000000000008,0.2791518626394732
121,1.2100000000000009,0.28227643975859473
122,1.2200000000000009,0.28539928886275856
123,1.2300000000000009,0.288520211363846
124,1.2400000000000009,0.291639012255287
125,1.2500000000000009,0.29475550006423457
126,1.260000000000001,0.2978694868043009
127,1.270000000000001,0.30098078792887006
128,1.280000000000001,0.30408922228495805
129,1.290000000000001,0.3071946120676273
130,1.300000000000001,0.3102967827749591
131,1.310000000000001,0.31339556316354655
132,1.320000000000001,0.3164907852045401
133,1.330000000000001,0.31958228404020605
134,1.340000000000001,0.32266989794101364
135,1.350000000000001,0.32575346826323737
136,1.360000000000001,0.3288328394070711
137,1.370000000000001,0.3319078587752411
138,1.380000000000001,0.3349783767321216
139,1.390000000000001,0.3380442465633394
140,1.400000000000001,0.3411053244358755
141,1.410000000000001,0.34416146935863035
142,1.420000000000001,0.3472125431434827
143,1.430000000000001,0.35025841036681127
144,1.440000000000001,0.3532989383314822
145,1.450000000000001,0.356333997029293
146,1.460000000000001,0.359363459103884
147,1.470000000000001,0.3623871998140795
148,1.480000000000001,0.3654050969976954
149,1.490000000000001,0.3684170310357675
150,1.500000000000001,0.3714228848172273
151,1.5100000000000011,0.3744225437039953
152,1.5200000000000011,0.37741589549651255
153,1.5300000000000011,0.38040283039968337
154,1.5400000000000011,0.3833832409892294
155,1.5500000000000012,0.3863570221784647
156,1.5600000000000012,0.38932407118546863
157,1.5700000000000012,0.39228428750065825
158,1.5800000000000012,0.3952375728547639
159,1.5900000000000012,0.39818383118719014
160,1.6000000000000012,0.4011229686147687
161,1.6100000000000012,0.4040548934008883
162,1.6200000000000012,0.40697951592500925
163,1.6300000000000012,0.40989674865254866
164,1.6400000000000012,0.41280650610513236
165,1.6500000000000012,0.4157087048312227
166,1.6600000000000013,0.41860326337709364
167,1.6700000000000013,0.42149010225817496
168,1.6800000000000013,0.42436914393074243
169,1.6900000000000013,0.4272403127639577
170,1.7000000000000013,0.43010353501226073
171,1.7100000000000013,0.4329587387880893
172,1.7200000000000013,0.4358058540349513
173,1.7300000000000013,0.43864481250081333
174,1.7400000000000013,0.44147554771183595
175,1.7500000000000013,0.4442979949464232
176,1.7600000000000013,0.44711209120959516
177,1.7700000000000014,0.44991777520768195
178,1.7800000000000014,0.4527149873233337
179,1.7900000000000014,0.4555036695908312
180,1.8000000000000014,0.45828376567171947
181,1.8100000000000014,0.4610552208307256
182,1.8200000000000014,0.46381798191199974
183,1.8300000000000014,0.4665719973156307
184,1.8400000000000014,0.4693172169744714
185,1.8500000000000014,0.47205359233124
186,1.8600000000000014,0.47478107631592326
187,1.8700000000000014,0.477499623323448
188,1.8800000000000014,0.4802091891916429
189,1.8900000000000015,0.482909731179471
190,1.9000000000000015,0.4856012079455396
191,1.9100000000000015,0.48828357952687873
192,1.9200000000000015,0.4909568073179843
193,1.9300000000000015,0.49362085405012823
194,1.9400000000000015,0.49627568377093423
195,1.9500000000000015,0.4989212618241985
196,1.9600000000000015,0.5015575548299769
197,1.9700000000000015,0.5041845306649205
198,1.9800000000000015,0.5068021584428584
199,1.9900000000000015,0.5094104084956297
200,2.0000000000000013,0.5120092523541555
201,2.010000000000001,0.5145986627297565
202,2.020000000000001,0.5171786134956974
203,2.0300000000000007,0.5197490796689835
204,2.0400000000000005,0.5223100373923697
205,2.0500000000000003,0.5248614639166146
206,2.06,0.5274033375829529
207,2.07,0.5299356378057938
208,2.0799999999999996,0.5324583450556432
209,2.0899999999999994,0.5349714408422397
210,2.099999999999999,0.5374749076979113
211,2.109999999999999,0.5399687291611466
212,2.1199999999999988,0.5424528897603702
213,2.1299999999999986,0.5449273749979356
214,2.1399999999999983,0.5473921713343186
215,2.149999999999998,0.5498472661725151
216,2.159999999999998,0.5522926478426475
217,2.1699999999999977,0.5547283055867553
218,2.1799999999999975,0.5571542295437999
219,2.1899999999999973,0.55957041073485
220,2.199999999999997,0.5619768410484673
221,2.209999999999997,0.5643735132262785
222,2.2199999999999966,0.5667604208487351
223,2.2299999999999964,0.569137558321062
224,2.239999999999996,0.571504920859383
225,2.249999999999996,0.5738625044770349
226,2.259999999999996,0.5762103059710544
227,2.2699999999999956,0.5785483229088435
228,2.2799999999999954,0.5808765536150142
229,2.289999999999995,0.5831949971583966
230,2.299999999999995,0.5855036533392279
231,2.3099999999999947,0.5878025226765009
232,2.3199999999999945,0.5900916063954877
233,2.3299999999999943,0.5923709064154199
234,2.339999999999994,0.5946404253373363
235,2.349999999999994,0.5969001664320923
236,2.3599999999999937,0.5991501336285232
237,2.3699999999999934,0.601390331501767
238,2.3799999999999932,0.6036207652617466
239,2.389999999999993,0.6058414407417965
240,2.399999999999993,0.6080523643874487
241,2.4099999999999926,0.6102535432453635
242,2.4199999999999924,0.6124449849524101
243,2.429999999999992,0.6146266977248929
244,2.439999999999992,0.6167986903479212
245,2.4499999999999917,0.6189609721649239
246,2.4599999999999915,0.6211135530673013
247,2.4699999999999913,0.6232564434842207
248,2.479999999999991,0.6253896543725443
249,2.489999999999991,0.6275131972068977
250,2.4999999999999907,0.6296270839698694
251,2.5099999999999905,0.6317313271423448
252,2.5199999999999902,0.6338259396939703
253,2.52999999999999,0.6359109350737467
254,2.53999999999999,0.637986327200752
255,2.5499999999999896,0.6400521304549873
256,2.5599999999999894,0.642108359668353
257,2.569999999999989,0.644155030115741
258,2.579999999999989,0.6461921575062566
259,2.5899999999999888,0.648219757974553
260,2.5999999999999885,0.6502378480722929
261,2.6099999999999883,0.6522464447597203
262,2.619999999999988,0.654245565397351
263,2.629999999999988,0.656235227737781
264,2.6399999999999877,0.6582154499176036
265,2.6499999999999875,0.6601862504494376
266,2.6599999999999873,0.6621476482140736
267,2.669999999999987,0.6640996624527218
268,2.679999999999987,0.666042312759368
269,2.6899999999999866,0.6679756190732431
270,2.6999999999999864,0.6698996016713894
271,2.709999999999986,0.6718142811613363
272,2.719999999999986,0.673719678473877
273,2.7299999999999858,0.6756158148559469
274,2.7399999999999856,0.6775027118636014
275,2.7499999999999853,0.6793803913550938
276,2.759999999999985,0.6812488754840493
277,2.769999999999985,0.683108186692741
278,2.7799999999999847,0.6849583477054504
279,2.7899999999999845,0.6867993815219348
280,2.7999999999999843,0.6886313114109803
281,2.809999999999984,0.6904541609040444
282,2.819999999999984,0.6922679537890011
283,2.8299999999999836,0.6940727141039595
284,2.8399999999999834,0.6958684661311857
285,2.849999999999983,0.6976552343911027
286,2.859999999999983,0.6994330436363795
287,2.869999999999983,0.7012019188461103
288,2.8799999999999826,0.7029618852200676
289,2.8899999999999824,0.7047129681730493
290,2.899999999999982,0.7064551933293013
291,2.909999999999982,0.7081885865170248
292,2.9199999999999817,0.70991317376296
293,2.9299999999999815,0.7116289812870538
294,2.9399999999999813,0.7133360354972023
295,2.949999999999981,0.7150343629840717
296,2.959999999999981,0.7167239905159964
297,2.9699999999999807,0.7184049450339498
298,2.9799999999999804,0.7200772536465924
299,2.9899999999999802,0.7217409436253912
300,2.99999999999998,0.7233960423998143
301,3.00999999999998,0.725042577552593
302,3.0199999999999796,0.726680576815061
303,3.0299999999999794,0.7283100680625552
304,3.039999999999979,0.729931079309893
305,3.049999999999979,0.731543638706913
306,3.0599999999999787,0.7331477745340866
307,3.0699999999999785,0.7347435151981921
308,3.0799999999999783,0.7363308892280586
309,3.089999999999978,0.7379099252703695
310,3.099999999999978,0.7394806520855366
311,3.1099999999999777,0.7410430985436307
312,3.1199999999999775,0.7425972936203794
313,3.1299999999999772,0.7441432663932241
314,3.139999999999977,0.7456810460374383
315,3.149999999999977,0.7472106618223073
316,3.1599999999999766,0.7487321431073624
317,3.1699999999999764,0.7502455193386814
318,3.179999999999976,0.7517508200452406
319,3.189999999999976,0.7532480748353242
320,3.1999999999999758,0.7547373133929949
321,3.2099999999999755,0.7562185654746143
322,3.2199999999999753,0.7576918609054216
323,3.229999999999975,0.7591572295761662
324,3.239999999999975,0.7606147014397908
325,3.2499999999999747,0.7620643065081729
326,3.2599999999999745,0.7635060748489135
327,3.2699999999999743,0.7649400365821782
328,3.279999999999974,0.7663662218775915
329,3.289999999999974,0.7677846609511786
330,3.2999999999999736,0.7691953840623582
331,3.3099999999999734,0.7705984215109833
332,3.319999999999973,0.7719938036344312
333,3.329999999999973,0.7733815608047395
334,3.3399999999999728,0.7747617234257913
335,3.3499999999999726,0.7761343219305454
336,3.3599999999999723,0.7774993867783113
337,3.369999999999972,0.7788569484520729
338,3.379999999999972,0.7802070374558518
339,3.3899999999999717,0.7815496843121196
340,3.3999999999999715,0.7828849195592499
341,3.4099999999999713,0.784212773749016
342,3.419999999999971,0.7855332774441286
343,3.429999999999971,0.7868464612158165
344,3.4399999999999706,0.7881523556414481
345,3.4499999999999704,0.7894509913021952
346,3.45999999999997,0.7907423987807333
347,3.46999999999997,0.7920266086589859
348,3.47999999999997,0.7933036515159044
349,3.4899999999999696,0.7945735579252884
350,3.4999999999999694,0.7958363584536444
351,3.509999999999969,0.7970920836580799
352,3.519999999999969,0.7983407640842369
353,3.5299999999999687,0.7995824302642617
354,3.5399999999999685,0.8008171127148089
355,3.5499999999999683,0.8020448419350839
356,3.559999999999968,0.8032656484049162
357,3.569999999999968,0.8044795625828747
358,3.5799999999999677,0.8056866149044083
359,3.5899999999999674,0.8068868357800272
360,3.5999999999999672,0.8080802555935138
361,3.609999999999967,0.8092669047001689
362,3.619999999999967,0.810446813425088
363,3.6299999999999666,0.8116200120614713
364,3.6399999999999664,0.8127865308689632
365,3.649999999999966,0.8139464000720277
366,3.659999999999966,0.8150996498583468
367,3.6699999999999657,0.8162463103772575
368,3.6799999999999655,0.8173864117382118
369,3.6899999999999653,0.8185199840092718
370,3.699999999999965,0.8196470572156294
371,3.709999999999965,0.8207676613381566
372,3.7199999999999647,0.8218818263119854
373,3.7299999999999645,0.8229895820251125
374,3.7399999999999642,0.8240909583170353
375,3.749999999999964,0.8251859849774109
376,3.759999999999964,0.8262746917447458
377,3.7699999999999636,0.8273571083051092
378,3.7799999999999634,0.8284332642908736
379,3.789999999999963,0.8295031892794814
380,3.799999999999963,0.8305669127922357
381,3.8099999999999627,0.8316244642931168
382,3.8199999999999625,0.8326758731876237
383,3.8299999999999623,0.833721168821639
384,3.839999999999962,0.8347603804803189
385,3.849999999999962,0.8357935373870049
386,3.8599999999999617,0.8368206687021607
387,3.8699999999999615,0.8378418035223326
388,3.8799999999999613,0.8388569708791299
389,3.889999999999961,0.8398661997382286
390,3.899999999999961,0.8408695189983998
391,3.9099999999999606,0.8418669574905558
392,3.9199999999999604,0.8428585439768206
393,3.92999999999996,0.8438443071496187
394,3.93999999999996,0.8448242756307889
395,3.9499999999999598,0.8457984779707136
396,3.9599999999999596,0.8467669426474727
397,3.9699999999999593,0.8477296980660138
398,3.979999999999959,0.8486867725573453
399,3.989999999999959,0.8496381943777465
400,3.9999999999999587,0.8505839917079971
401,4.009999999999959,0.8515241926526286
402,4.019999999999959,0.8524588252391874
403,4.0299999999999585,0.853387917417524
404,4.039999999999958,0.854311497059096
405,4.049999999999958,0.8552295919562884
406,4.059999999999958,0.856142229821753
407,4.069999999999958,0.8570494382877643
408,4.079999999999957,0.8579512449055939
409,4.089999999999957,0.858847677144899
410,4.099999999999957,0.8597387623931292
411,4.109999999999957,0.8606245279549488
412,4.119999999999957,0.8615050010516765
413,4.129999999999956,0.8623802088207384
414,4.139999999999956,0.8632501783151387
415,4.149999999999956,0.8641149365029455
416,4.159999999999956,0.864974510266789
417,4.1699999999999555,0.8658289264033804
418,4.179999999999955,0.8666782116230378
419,4.189999999999955,0.8675223925492327
420,4.199999999999955,0.8683614957181488
421,4.209999999999955,0.8691955475782532
422,4.2199999999999545,0.8700245744898829
423,4.229999999999954,0.8708486027248451
424,4.239999999999954,0.8716676584660308
425,4.249999999999954,0.8724817678070396
426,4.259999999999954,0.8732909567518208
427,4.269999999999953,0.8740952512143245
428,4.279999999999953,0.8748946770181665
429,4.289999999999953,0.8756892598963051
430,4.299999999999953,0.8764790254907305
431,4.3099999999999525,0.8772639993521667
432,4.319999999999952,0.8780442069397834
433,4.329999999999952,0.8788196736209212
434,4.339999999999952,0.879590424670828
435,4.349999999999952,0.880356485272406
436,4.3599999999999515,0.8811178805159707
437,4.369999999999951,0.8818746353990193
438,4.379999999999951,0.882626774826012
439,4.389999999999951,0.8833743236081624
440,4.399999999999951,0.8841173064632378
441,4.40999999999995,0.884855748015372
442,4.41999999999995,0.8855896727948862
443,4.42999999999995,0.8863191052381196
444,4.43999999999995,0.8870440696872722
445,4.4499999999999496,0.8877645903902533
446,4.459999999999949,0.8884806915005448
447,4.469999999999949,0.8891923970770677
448,4.479999999999949,0.8898997310840623
449,4.489999999999949,0.8906027173909759
450,4.4999999999999485,0.8913013797723587
451,4.509999999999948,0.8919957419077694
452,4.519999999999948,0.8926858273816894
453,4.529999999999948,0.8933716596834435
454,4.539999999999948,0.8940532622071323
455,4.549999999999947,0.8947306582515692
456,4.559999999999947,0.8954038710202278
457,4.569999999999947,0.8960729236211962
458,4.579999999999947,0.8967378390671399
459,4.589999999999947,0.89739864027527
460,4.599999999999946,0.8980553500673221
461,4.609999999999946,0.8987079911695403
462,4.619999999999946,0.8993565862126685
463,4.629999999999946,0.900001157731951
464,4.6399999999999455,0.9006417281671366
465,4.649999999999945,0.9012783198624926
466,4.659999999999945,0.9019109550668237
467,4.669999999999945,0.9025396559334989
468,4.679999999999945,0.9031644445204833
469,4.689999999999944,0.9037853427903776
470,4.699999999999944,0.9044023726104633
471,4.709999999999944,0.9050155557527547
472,4.719999999999944,0.9056249138940551
473,4.729999999999944,0.9062304686160222
474,4.739999999999943,0.9068322414052356
475,4.749999999999943,0.907430253653273
476,4.759999999999943,0.9080245266567903
477,4.769999999999943,0.9086150816176081
478,4.7799999999999425,0.9092019396428033
479,4.789999999999942,0.9097851217448057
480,4.799999999999942,0.9103646488415007
481,4.809999999999942,0.910940541756336
482,4.819999999999942,0.9115128212184345
483,4.8299999999999415,0.9120815078627108
484,4.839999999999941,0.912646622229994
485,4.849999999999941,0.9132081847671545
486,4.859999999999941,0.9137662158272348
487,4.869999999999941,0.9143207356695862
488,4.87999999999994,0.9148717644600087
489,4.88999999999994,0.9154193222708972
490,4.89999999999994,0.9159634290813887
491,4.90999999999994,0.9165041047775179
492,4.9199999999999395,0.917041369152373
493,4.929999999999939,0.9175752419062584
494,4.939999999999939,0.9181057426468601
495,4.949999999999939,0.9186328908894141
496,4.959999999999939,0.919156706056882
497,4.9699999999999385,0.9196772074801254
498,4.979999999999938,0.9201944143980881
499,4.989999999999938,0.9207083459579806
500,4.999999999999938,0.9212190212154663
501,5.009999999999938,0.9217264591348541
502,5.019999999999937,0.9222306785892926
503,5.029999999999937,0.9227316983609674
504,5.039999999999937,0.9232295371413025
505,5.049999999999937,0.9237242135311647
506,5.0599999999999365,0.9242157460410705
507,5.069999999999936,0.924704153091396
508,5.079999999999936,0.9251894530125907
509,5.089999999999936,0.9256716640453932
510,5.099999999999936,0.9261508043410507
511,5.1099999999999355,0.926626891961539
512,5.119999999999935,0.9270999448797886
513,5.129999999999935,0.9275699809799105
514,5.139999999999935,0.9280370180574257
515,5.149999999999935,0.9285010738194973
516,5.159999999999934,0.9289621658851654
517,5.169999999999934,0.9294203117855829
518,5.179999999999934,0.9298755289642546
519,5.189999999999934,0.9303278347772792
520,5.199999999999934,0.9307772464935925
521,5.209999999999933,0.9312237812952127
522,5.219999999999933,0.9316674562774886
523,5.229999999999933,0.9321082884493493
524,5.239999999999933,0.9325462947335552
525,5.2499999999999325,0.932981491966953
526,5.259999999999932,0.9334138969007304
527,5.269999999999932,0.9338435262006735
528,5.279999999999932,0.9342703964474257
529,5.289999999999932,0.9346945241367502
530,5.299999999999931,0.9351159256797901
531,5.309999999999931,0.9355346174033349
532,5.319999999999931,0.9359506155500845
533,5.329999999999931,0.9363639362789179
534,5.339999999999931,0.936774595665161
535,5.34999999999993,0.9371826097008576
536,5.35999999999993,0.9375879942950406
537,5.36999999999993,0.937990765274005
538,5.37999999999993,0.9383909383815827
539,5.3899999999999295,0.9387885292794172
540,5.399999999999929,0.9391835535472417
541,5.409999999999929,0.9395760266831562
542,5.419999999999929,0.9399659641039064
543,5.429999999999929,0.9403533811451652
544,5.4399999999999284,0.9407382930618129
545,5.449999999999928,0.9411207150282199
546,5.459999999999928,0.9415006621385301
547,5.469999999999928,0.9418781494069456
548,5.479999999999928,0.9422531917680111
549,5.489999999999927,0.9426258040769008
550,5.499999999999927,0.9429960011097043
551,5.509999999999927,0.943363797563716
552,5.519999999999927,0.943729208057722
553,5.5299999999999265,0.9440922471322901
554,5.539999999999926,0.9444529292500599
555,5.549999999999926,0.9448112687960328
556,5.559999999999926,0.9451672800778641
557,5.569999999999926,0.9455209773261544
558,5.5799999999999255,0.9458723746947417
559,5.589999999999925,0.9462214862609954
560,5.599999999999925,0.9465683260261086
561,5.609999999999925,0.9469129079153932
562,5.619999999999925,0.9472552457785738
563,5.629999999999924,0.9475953533900819
564,5.639999999999924,0.9479332444493531
565,5.649999999999924,0.9482689325811204
566,5.659999999999924,0.9486024313357119
567,5.6699999999999235,0.948933754189346
568,5.679999999999923,0.9492629145444287
569,5.689999999999923,0.9495899257298501
570,5.699999999999923,0.949914801001281
571,5.709999999999923,0.9502375535414712
572,5.7199999999999225,0.9505581964605462
573,5.729999999999922,0.9508767427963046
574,5.739999999999922,0.9511932055145164
575,5.749999999999922,0.9515075975092205
576,5.759999999999922,0.9518199316030229
577,5.769999999999921,0.9521302205473942
578,5.779999999999921,0.9524384770229678
579,5.789999999999921,0.9527447136398384
580,5.799999999999921,0.9530489429378591
581,5.809999999999921,0.9533511773869405
582,5.81999999999992,0.9536514293873477
583,5.82999999999992,0.9539497112699984
584,5.83999999999992,0.9542460352967612
585,5.84999999999992,0.9545404136607528
586,5.8599999999999195,0.9548328584866353
587,5.869999999999919,0.9551233818309145
588,5.879999999999919,0.955411995682236
589,5.889999999999919,0.9556987119616833
590,5.899999999999919,0.9559835425230737
591,5.909999999999918,0.9562664991532557
592,5.919999999999918,0.9565475935724047
593,5.929999999999918,0.9568268374343197
594,5.939999999999918,0.9571042423267189
595,5.949999999999918,0.9573798197715347
596,5.959999999999917,0.9576535812252103
597,5.969999999999917,0.9579255380789928
598,5.979999999999917,0.9581957016592293
599,5.989999999999917,0.9584640832276604
600,5.9999999999999165,0.9587306939817142
601,6.009999999999916,0.9589955450547993
602,6.019999999999916,0.959258647516599
603,6.029999999999916,0.9595200123733625
604,6.039999999999916,0.9597796505681983
605,6.0499999999999154,0.9600375729813649
606,6.059999999999915,0.9602937904305635
607,6.069999999999915,0.960548313671227
608,6.079999999999915,0.960801153396812
609,6.089999999999915,0.9610523202390879
610,6.099999999999914,0.9613018247684262
611,6.109999999999914,0.9615496774940894
612,6.119999999999914,0.9617958888645196
613,6.129999999999914,0.9620404692676258
614,6.1399999999999135,0.9622834290310711
615,6.149999999999913,0.96252477842256
616,6.159999999999913,0.9627645276501233
617,6.169999999999913,0.9630026868624049
618,6.179999999999913,0.9632392661489453
619,6.1899999999999125,0.9634742755404666
620,6.199999999999912,0.9637077250091562
621,6.209999999999912,0.9639396244689497
622,6.219999999999912,0.9641699837758125
623,6.229999999999912,0.9643988127280227
624,6.239999999999911,0.9646261210664515
625,6.249999999999911,0.9648519184748433
626,6.259999999999911,0.965076214580096
627,6.269999999999911,0.9652990189525396
628,6.2799999999999105,0.9655203411062147
629,6.28999999999991,0.9657401904991498
630,6.29999999999991,0.9659585765336391
631,6.30999999999991,0.9661755085565173
632,6.31999999999991,0.9663909958594361
633,6.3299999999999095,0.9666050476791386
634,6.339999999999909,0.9668176731977333
635,6.349999999999909,0.9670288815429671
636,6.359999999999909,0.9672386817884983
637,6.369999999999909,0.9674470829541677
638,6.379999999999908,0.9676540940062702
639,6.389999999999908,0.9678597238578243
640,6.399999999999908,0.9680639813688419
641,6.409999999999908,0.9682668753465968
642,6.419999999999908,0.9684684145458926
643,6.429999999999907,0.9686686076693297
644,6.439999999999907,0.968867463367571
645,6.449999999999907,0.9690649902396083
646,6.459999999999907,0.969261196833026
647,6.4699999999999065,0.969456091644265
648,6.479999999999906,0.9696496831188863
649,6.489999999999906,0.969841979651832
650,6.499999999999906,0.9700329895876876
651,6.509999999999906,0.9702227212209417
652,6.519999999999905,0.970411182796246
653,6.529999999999905,0.9705983825086743
654,6.539999999999905,0.9707843285039791
655,6.549999999999905,0.9709690288788502
656,6.559999999999905,0.9711524916811699
657,6.569999999999904,0.9713347249102687
658,6.579999999999904,0.9715157365171796
659,6.589999999999904,0.9716955344048913
660,6.599999999999904,0.9718741264286018
661,6.6099999999999035,0.9720515203959691
662,6.619999999999903,0.9722277240673631
663,6.629999999999903,0.9724027451561148
664,6.639999999999903,0.9725765913287661
665,6.649999999999903,0.9727492702053178
666,6.659999999999902,0.9729207893594767
667,6.669999999999902,0.9730911563189026
668,6.679999999999902,0.9732603785654538
669,6.689999999999902,0.973428463535431
670,6.699999999999902,0.9735954186198221
671,6.709999999999901,0.9737612511645444
672,6.719999999999901,0.9739259684706869
673,6.729999999999901,0.9740895777947511
674,6.739999999999901,0.9742520863488914
675,6.7499999999999005,0.9744135013011539
676,6.7599999999999,0.9745738297757153
677,6.7699999999999,0.9747330788531196
678,6.7799999999999,0.9748912555705154
679,6.7899999999999,0.9750483669218905
680,6.7999999999998995,0.9752044198583074
681,6.809999999999899,0.9753594212881368
682,6.819999999999899,0.9755133780772897
683,6.829999999999899,0.9756662970494502
684,6.839999999999899,0.975818184986306
685,6.849999999999898,0.9759690486277784
686,6.859999999999898,0.9761188946722518
687,6.869999999999898,0.9762677297768011
688,6.879999999999898,0.9764155605574195
689,6.8899999999998975,0.976562393589245
690,6.899999999999897,0.9767082354067852
691,6.909999999999897,0.976853092504142
692,6.919999999999897,0.9769969713352354
693,6.929999999999897,0.9771398783140258
694,6.9399999999998965,0.9772818198147356
695,6.949999999999896,0.9774228021720701
696,6.959999999999896,0.9775628316814375
697,6.969999999999896,0.9777019145991673
698,6.979999999999896,0.9778400571427288
699,6.989999999999895,0.9779772654909473
700,6.999999999999895,0.9781135457842215
701,7.009999999999895,0.9782489041247372
702,7.019999999999895,0.9783833465766828
703,7.0299999999998946,0.9785168791664615
704,7.039999999999894,0.9786495078829045
705,7.049999999999894,0.9787812386774825
706,7.059999999999894,0.9789120774645151
707,7.069999999999894,0.979042030121382
708,7.0799999999998935,0.9791711024887305
709,7.089999999999893,0.9792993003706837
710,7.099999999999893,0.9794266295350471
711,7.109999999999893,0.9795530957135151
712,7.119999999999893,0.9796787046018752
713,7.129999999999892,0.9798034618602126
714,7.139999999999892,0.9799273731131131
715,7.149999999999892,0.9800504439498654
716,7.159999999999892,0.9801726799246625
717,7.169999999999892,0.980294086556802
718,7.179999999999891,0.9804146693308855
719,7.189999999999891,0.9805344336970174
720,7.199999999999891,0.9806533850710024
721,7.209999999999891,0.9807715288345422
722,7.2199999999998905,0.9808888703354314
723,7.22999999999989,0.9810054148877524
724,7.23999999999989,0.9811211677720696
725,7.24999999999989,0.9812361342356222
726,7.25999999999989,0.9813503194925167
727,7.269999999999889,0.9814637287239181
728,7.279999999999889,0.9815763670782399
729,7.289999999999889,0.9816882396713348
730,7.299999999999889,0.9817993515866817
731,7.309999999999889,0.9819097078755747
732,7.319999999999888,0.9820193135573094
733,7.329999999999888,0.9821281736193689
734,7.339999999999888,0.9822362930176087
735,7.349999999999888,0.9823436766764411
736,7.3599999999998875,0.9824503294890184
737,7.369999999999887,0.9825562563174155
738,7.379999999999887,0.9826614619928106
739,7.389999999999887,0.9827659513156669
740,7.399999999999887,0.9828697290559115
741,7.4099999999998865,0.982972799953115
742,7.419999999999886,0.9830751687166687
743,7.429999999999886,0.9831768400259624
744,7.439999999999886,0.9832778185305603
745,7.449999999999886,0.9833781088503765
746,7.459999999999885,0.9834777155758495
747,7.469999999999885,0.9835766432681159
748,7.479999999999885,0.9836748964591832
749,7.489999999999885,0.9837724796521017
750,7.4999999999998845,0.9838693973211354
751,7.509999999999884,0.9839656539119328
752,7.519999999999884,0.9840612538416956
753,7.529999999999884,0.9841562014993479
754,7.539999999999884,0.9842505012457031
755,7.5499999999998835,0.9843441574136313
756,7.559999999999883,0.9844371743082256
757,7.569999999999883,0.9845295562069662
758,7.579999999999883,0.984621307359886
759,7.589999999999883,0.9847124319897326
760,7.599999999999882,0.9848029342921327
761,7.609999999999882,0.9848928184357526
762,7.619999999999882,0.9849820885624596
763,7.629999999999882,0.9850707487874822
764,7.6399999999998816,0.9851588031995697
765,7.649999999999881,0.9852462558611503
766,7.659999999999881,0.9853331108084891
767,7.669999999999881,0.9854193720518448
768,7.679999999999881,0.9855050435756261
769,7.6899999999998805,0.9855901293385464
770,7.69999999999988,0.9856746332737792
771,7.70999999999988,0.9857585592891112
772,7.71999999999988,0.9858419112670945
773,7.72999999999988,0.9859246930652004
774,7.739999999999879,0.9860069085159688
775,7.749999999999879,0.9860885614271604
776,7.759999999999879,0.9861696555819047
777,7.769999999999879,0.9862501947388504
778,7.779999999999879,0.9863301826323129
779,7.789999999999878,0.986409622972421
780,7.799999999999878,0.9864885194452646
781,7.809999999999878,0.9865668757130402
782,7.819999999999878,0.9866446954141952
783,7.8299999999998775,0.986721982163573
784,7.839999999999877,0.9867987395525558
785,7.849999999999877,0.9868749711492081
786,7.859999999999877,0.9869506804984178
787,7.869999999999877,0.9870258711220379
788,7.879999999999876,0.9871005465190267
789,7.889999999999876,0.9871747101655879
790,7.899999999999876,0.9872483655153089
791,7.909999999999876,0.9873215159992994
792,7.919999999999876,0.9873941650263289
793,7.929999999999875,0.9874663159829629
794,7.939999999999875,0.9875379722336992
795,7.949999999999875,0.9876091371211035
796,7.959999999999875,0.9876798139659432
797,7.9699999999998745,0.9877500060673211
798,7.979999999999874,0.9878197167028094
799,7.989999999999874,0.9878889491285808
800,7.999999999999874,0.987957706579541
801,8.009999999999874,0.9880259922694589
802,8.019999999999873,0.9880938093910969
803,8.029999999999873,0.9881611611163411
804,8.039999999999873,0.9882280505963286
805,8.049999999999873,0.9882944809615766
806,8.059999999999873,0.9883604553221093
807,8.069999999999872,0.9884259767675846
808,8.079999999999872,0.9884910483674201
809,8.089999999999872,0.9885556731709177
810,8.099999999999872,0.9886198542073892
811,8.109999999999872,0.988683594486279
812,8.119999999999871,0.9887468969972879
813,8.129999999999871,0.9888097647104954
814,8.139999999999871,0.9888722005764814
815,8.14999999999987,0.9889342075264473
816,8.15999999999987,0.9889957884723366
817,8.16999999999987,0.9890569463069542
818,8.17999999999987,0.9891176839040859
819,8.18999999999987,0.9891780041186167
820,8.19999999999987,0.9892379097866484
821,8.20999999999987,0.9892974037256166
822,8.21999999999987,0.9893564887344074
823,8.229999999999869,0.9894151675934733
824,8.239999999999869,0.9894734430649473
825,8.249999999999869,0.9895313178927589
826,8.259999999999868,0.9895887948027465
827,8.269999999999868,0.9896458765027716
828,8.279999999999868,0.9897025656828303
829,8.289999999999868,0.9897588650151664
830,8.299999999999867,0.9898147771543816
831,8.309999999999867,0.9898703047375466
832,8.319999999999867,0.989925450384311
833,8.329999999999867,0.9899802166970129
834,8.339999999999867,0.990034606260787
835,8.349999999999866,0.9900886216436734
836,8.359999999999866,0.9901422653967248
837,8.369999999999866,0.9901955400541133
838,8.379999999999866,0.9902484481332365
839,8.389999999999866,0.990300992134824
840,8.399999999999865,0.9903531745430415
841,8.409999999999865,0.9904049978255955
842,8.419999999999865,0.9904564644338375
843,8.429999999999865,0.9905075768028666
844,8.439999999999864,0.990558337351633
845,8.449999999999864,0.9906087484830394
846,8.459999999999864,0.9906588125840423
847,8.469999999999864,0.9907085320257539
848,8.479999999999864,0.9907579091635412
849,8.489999999999863,0.9908069463371264
850,8.499999999999863,0.9908556458706858
851,8.509999999999863,0.9909040100729484
852,8.519999999999863,0.9909520412372941
853,8.529999999999863,0.9909997416418505
854,8.539999999999862,0.9910471135495904
855,8.549999999999862,0.991094159208428
856,8.559999999999862,0.991140880851314
857,8.569999999999862,0.9911872806963314
858,8.579999999999862,0.99123336094679
859,8.589999999999861,0.9912791237913201
860,8.599999999999861,0.9913245714039661
861,8.60999999999986,0.99136970594428
862,8.61999999999986,0.9914145295574129
863,8.62999999999986,0.9914590443742076
864,8.63999999999986,0.9915032525112892
865,8.64999999999986,0.9915471560711568
866,8.65999999999986,0.9915907571422728
867,8.66999999999986,0.9916340577991531
868,8.67999999999986,0.9916770601024564
869,8.68999999999986,0.9917197660990721
870,8.699999999999859,0.9917621778222095
871,8.709999999999859,0.9918042972914846
872,8.719999999999859,0.9918461265130073
873,8.729999999999858,0.9918876674794683
874,8.739999999999858,0.9919289221702249
875,8.749999999999858,0.9919698925513863
876,8.759999999999858,0.9920105805758992
877,8.769999999999857,0.9920509881836318
878,8.779999999999857,0.9920911173014579
879,8.789999999999857,0.992130969843341
880,8.799999999999857,0.9921705477104164
881,8.809999999999857,0.992209852791074
882,8.819999999999856,0.992248886961041
883,8.829999999999856,0.9922876520834626
884,8.839999999999856,0.9923261500089833
885,8.849999999999856,0.9923643825758277
886,8.859999999999856,0.9924023516098801
887,8.869999999999855,0.9924400589247647
888,8.879999999999855,0.992477506321924
889,8.889999999999855,0.9925146955906982
890,8.899999999999855,0.9925516285084027
891,8.909999999999854,0.9925883068404061
892,8.919999999999854,0.9926247323402075
893,8.929999999999854,0.9926609067495131
894,8.939999999999854,0.9926968317983125
895,8.949999999999854,0.9927325092049546
896,8.959999999999853,0.9927679406762229
897,8.969999999999853,0.9928031279074104
898,8.979999999999853,0.9928380725823943
899,8.989999999999853,0.9928727763737097
900,8.999999999999853,0.9929072409426234
901,9.009999999999852,0.9929414679392066
902,9.019999999999852,0.992975459002408
903,9.029999999999852,0.9930092157601262
904,9.039999999999852,0.9930427398292808
905,9.049999999999851,0.9930760328158842
906,9.059999999999851,0.9931090963151125
907,9.069999999999851,0.9931419319113758
908,9.07999999999985,0.9931745411783887
909,9.08999999999985,0.9932069256792391
910,9.09999999999985,0.9932390869664581
911,9.10999999999985,0.9932710265820888
912,9.11999999999985,0.9933027460577541
913,9.12999999999985,0.993334246914725
914,9.13999999999985,0.9933655306639881
915,9.14999999999985,0.9933965988063126
916,9.15999999999985,0.9934274528323171
917,9.169999999999849,0.993458094222536
918,9.179999999999849,0.9934885244474847
919,9.189999999999849,0.9935187449677261
920,9.199999999999848,0.9935487572339348
921,9.209999999999848,0.9935785626869621
922,9.219999999999848,0.9936081627579004
923,9.229999999999848,0.9936375588681469
924,9.239999999999847,0.9936667524294669
925,9.249999999999847,0.9936957448440573
926,9.259999999999847,0.993724537504609
927,9.269999999999847,0.993753131794369
928,9.279999999999847,0.993781529087203
929,9.289999999999846,0.9938097307476561
930,9.299999999999846,0.9938377381310146
931,9.309999999999846,0.9938655525833665
932,9.319999999999846,0.9938931754416619
933,9.329999999999846,0.993920608033773
934,9.339999999999845,0.9939478516785538
935,9.349999999999845,0.9939749076858995
936,9.359999999999845,0.994001777356805
937,9.369999999999845,0.9940284619834239
938,9.379999999999844,0.9940549628491265
939,9.389999999999844,0.9940812812285574
940,9.399999999999844,0.9941074183876936
941,9.409999999999844,0.9941333755839004
942,9.419999999999844,0.9941591540659895
943,9.429999999999843,0.9941847550742745
944,9.439999999999843,0.9942101798406273
945,9.449999999999843,0.9942354295885336
946,9.459999999999843,0.9942605055331483
947,9.469999999999843,0.9942854088813503
948,9.479999999999842,0.9943101408317976
949,9.489999999999842,0.9943347025749812
950,9.499999999999842,0.9943590952932791
951,9.509999999999842,0.9943833201610102
952,9.519999999999841,0.994407378344487
953,9.529999999999841,0.9944312710020692
954,9.539999999999841,0.9944549992842159
955,9.54999999999984,0.9944785643335381
956,9.55999999999984,0.9945019672848504
957,9.56999999999984,0.9945252092652228
958,9.57999999999984,0.9945482913940321
959,9.58999999999984,0.9945712147830127
960,9.59999999999984,0.9945939805363071
961,9.60999999999984,0.9946165897505168
962,9.61999999999984,0.9946390435147517
963,9.62999999999984,0.9946613429106801
964,9.639999999999839,0.994683489012578
965,9.649999999999839,0.9947054828873783
966,9.659999999999838,0.9947273255947193
967,9.669999999999838,0.9947490181869937
968,9.679999999999838,0.9947705617093958
969,9.689999999999838,0.9947919571999705
970,9.699999999999838,0.9948132056896598
971,9.709999999999837,0.9948343082023507
972,9.719999999999837,0.994855265754922
973,9.729999999999837,0.9948760793572906
974,9.739999999999837,0.9948967500124584
975,9.749999999999837,0.9949172787165576
976,9.759999999999836,0.9949376664588973
977,9.769999999999836,0.9949579142220085
978,9.779999999999836,0.9949780229816892
979,9.789999999999836,0.9949979937070496
980,9.799999999999836,0.9950178273605562
981,9.809999999999835,0.995037524898077
982,9.819999999999835,0.9950570872689241
983,9.829999999999835,0.9950765154158991
984,9.839999999999835,0.9950958102753354
985,9.849999999999834,0.995114972777142
986,9.859999999999834,0.995134003844846
987,9.869999999999834,0.9951529043956352
988,9.879999999999834,0.9951716753404013
989,9.889999999999834,0.995190317583781
990,9.899999999999833,0.9952088320241982
991,9.909999999999833,0.9952272195539057
992,9.919999999999833,0.9952454810590264
993,9.929999999999833,0.9952636174195943
994,9.939999999999833,0.9952816295095953
995,9.949999999999832,0.9952995181970075
996,9.959999999999832,0.9953172843438417
997,9.969999999999832,0.9953349288061814
998,9.979999999999832,0.9953524524342223
999,9.989999999999831,0.9953698560723121
1000,9.999999999999831,0.9953871405589894
1001,10.009999999999831,0.9954043067270225
1002,10.01999999999983,0.9954213554034489
1003,10.02999999999983,0.9954382874096129
1004,10.03999999999983,0.9954551035612044
1005,10.04999999999983,0.9954718046682964
1006,10.05999999999983,0.9954883915353834
1007,10.06999999999983,0.9955048649614179
1008,10.07999999999983,0.9955212257398485
1009,10.08999999999983,0.9955374746586567
1010,10.09999999999983,0.9955536125003933
1011,10.109999999999829,0.9955696400422154
1012,10.119999999999829,0.9955855580559223
1013,10.129999999999828,0.9956013673079916
1014,10.139999999999828,0.9956170685596155
1015,10.149999999999828,0.9956326625667358
1016,10.159999999999828,0.9956481500800792
1017,10.169999999999828,0.9956635318451932
1018,10.179999999999827,0.9956788086024801
1019,10.189999999999827,0.9956939810872324
1020,10.199999999999827,0.9957090500296666
1021,10.209999999999827,0.9957240161549578
1022,10.219999999999827,0.9957388801832736
1023,10.229999999999826,0.9957536428298082
1024,10.239999999999826,0.9957683048048152
1025,10.249999999999826,0.9957828668136418
1026,10.259999999999826,0.9957973295567614
1027,10.269999999999825,0.9958116937298065
1028,10.279999999999825,0.9958259600236019
1029,10.289999999999825,0.9958401291241963
1030,10.299999999999825,0.9958542017128955
1031,10.309999999999825,0.995868178466294
1032,10.319999999999824,0.9958820600563068
1033,10.329999999999824,0.9958958471502009
1034,10.339999999999824,0.9959095404106274
1035,10.349999999999824,0.9959231404956521
1036,10.359999999999824,0.9959366480587868
1037,10.369999999999823,0.99595006374902
1038,10.379999999999823,0.9959633882108475
1039,10.389999999999823,0.995976622084303
1040,10.399999999999823,0.9959897660049883
1041,10.409999999999823,0.9960028206041032
1042,10.419999999999822,0.996015786508475
1043,10.429999999999822,0.9960286643405892
1044,10.439999999999822,0.9960414547186177
1045,10.449999999999822,0.9960541582564488
1046,10.459999999999821,0.9960667755637161
1047,10.469999999999821,0.9960793072458272
1048,10.479999999999821,0.9960917539039924
1049,10.48999999999982,0.9961041161352535
1050,10.49999999999982,0.9961163945325118
1051,10.50999999999982,0.9961285896845562
1052,10.51999999999982,0.9961407021760912
1053,10.52999999999982,0.9961527325877648
1054,10.53999999999982,0.9961646814961959
1055,10.54999999999982,0.9961765494740015
1056,10.55999999999982,0.9961883370898242
1057,10.569999999999819,0.9962000449083594
1058,10.579999999999819,0.9962116734903815
1059,10.589999999999819,0.9962232233927711
1060,10.599999999999818,0.9962346951685414
1061,10.609999999999818,0.9962460893668642
1062,10.619999999999818,0.9962574065330965
1063,10.629999999999818,0.9962686472088061
1064,10.639999999999818,0.9962798119317979
1065,10.649999999999817,0.9962909012361387
1066,10.659999999999817,0.9963019156521836
1067,10.669999999999817,0.9963128557066006
1068,10.679999999999817,0.9963237219223958
1069,10.689999999999817,0.996334514818939
1070,10.699999999999816,0.9963452349119875
1071,10.709999999999816,0.9963558827137117
1072,10.719999999999816,0.9963664587327189
1073,10.729999999999816,0.9963769634740777
1074,10.739999999999815,0.9963873974393426
1075,10.749999999999815,0.9963977611265773
1076,10.759999999999815,0.996408055030379
1077,10.769999999999815,0.9964182796419021
1078,10.779999999999815,0.9964284354488814
1079,10.789999999999814,0.9964385229356556
1080,10.799999999999814,0.9964485425831906
1081,10.809999999999814,0.9964584948691023
1082,10.819999999999814,0.9964683802676798
1083,10.829999999999814,0.996478199249908
1084,10.839999999999813,0.9964879522834901
1085,10.849999999999813,0.9964976398328701
1086,10.859999999999813,0.9965072623592551
1087,10.869999999999813,0.9965168203206376
1088,10.879999999999812,0.9965263141718171
1089,10.889999999999812,0.9965357443644227
1090,10.899999999999812,0.9965451113469336
1091,10.909999999999812,0.9965544155647018
1092,10.919999999999812,0.9965636574599731
1093,10.929999999999811,0.9965728374719082
1094,10.939999999999811,0.996581956036604
1095,10.949999999999811,0.9965910135871147
1096,10.95999999999981,0.9966000105534722
1097,10.96999999999981,0.9966089473627078
1098,10.97999999999981,0.9966178244388713
1099,10.98999999999981,0.9966266422030527
1100,10.99999999999981,0.9966354010734021
1101,11.00999999999981,0.9966441014651497
1102,11.01999999999981,0.9966527437906259
1103,11.02999999999981,0.9966613284592812
1104,11.039999999999809,0.9966698558777064
1105,11.049999999999809,0.9966783264496512
1106,11.059999999999809,0.9966867405760447
1107,11.069999999999808,0.9966950986550145
1108,11.079999999999808,0.9967034010819057
1109,11.089999999999808,0.9967116482493001
1110,11.099999999999808,0.9967198405470354
1111,11.109999999999808,0.9967279783622238
1112,11.119999999999807,0.996736062079271
1113,11.129999999999807,0.9967440920798942
1114,11.139999999999807,0.9967520687431416
1115,11.149999999999807,0.9967599924454097
1116,11.159999999999807,0.9967678635604623
1117,11.169999999999806,0.9967756824594481
1118,11.179999999999806,0.9967834495109192
1119,11.189999999999806,0.9967911650808483
1120,11.199999999999806,0.9967988295326472
1121,11.209999999999805,0.9968064432271837
1122,11.219999999999805,0.9968140065227998
1123,11.229999999999805,0.9968215197753286
1124,11.239999999999805,0.9968289833381118
1125,11.249999999999805,0.9968363975620166
1126,11.259999999999804,0.9968437627954533
1127,11.269999999999804,0.9968510793843917
1128,11.279999999999804,0.9968583476723779
1129,11.289999999999804,0.9968655680005517
1130,11.299999999999804,0.9968727407076622
1131,11.309999999999803,0.996879866130085
1132,11.319999999999803,0.9968869446018384
1133,11.329999999999803,0.9968939764545994
1134,11.339999999999803,0.9969009620177203
1135,11.349999999999802,0.9969079016182445
1136,11.359999999999802,0.9969147955809221
1137,11.369999999999802,0.9969216442282264
1138,11.379999999999802,0.9969284478803692
1139,11.389999999999802,0.9969352068553162
1140,11.399999999999801,0.9969419214688034
1141,11.409999999999801,0.9969485920343514
1142,11.419999999999801,0.9969552188632813
1143,11.4299999999998,0.9969618022647299
1144,11.4399999999998,0.9969683425456646
1145,11.4499999999998,0.9969748400108984
1146,11.4599999999998,0.9969812949631053
1147,11.4699999999998,0.9969877077028342
1148,11.4799999999998,0.9969940785285241
1149,11.4899999999998,0.9970004077365188
1150,11.4999999999998,0.9970066956210814
1151,11.509999999999799,0.997012942474408
1152,11.519999999999799,0.997019148586643
1153,11.529999999999799,0.9970253142458927
1154,11.539999999999798,0.9970314397382395
1155,11.549999999999798,0.9970375253477558
1156,11.559999999999798,0.9970435713565184
1157,11.569999999999798,0.9970495780446216
1158,11.579999999999798,0.9970555456901915
1159,11.589999999999797,0.9970614745693994
1160,11.599999999999797,0.9970673649564754
1161,11.609999999999797,0.9970732171237217
1162,11.619999999999797,0.9970790313415261
1163,11.629999999999797,0.9970848078783755
1164,11.639999999999796,0.9970905470008685
1165,11.649999999999796,0.997096248973729
1166,11.659999999999796,0.9971019140598187
1167,11.669999999999796,0.9971075425201508
1168,11.679999999999795,0.997113134613902
1169,11.689999999999795,0.9971186905984257
1170,11.699999999999795,0.9971242107292646
1171,11.709999999999795,0.9971296952601628
1172,11.719999999999795,0.9971351444430793
1173,11.729999999999794,0.997140558528199
1174,11.739999999999794,0.9971459377639467
1175,11.749999999999794,0.9971512823969974
1176,11.759999999999794,0.9971565926722902
1177,11.769999999999794,0.9971618688330391
1178,11.779999999999793,0.997167111120746
1179,11.789999999999793,0.9971723197752114
1180,11.799999999999793,0.9971774950345474
1181,11.809999999999793,0.997182637135189
1182,11.819999999999792,0.9971877463119051
1183,11.829999999999792,0.9971928227978111
1184,11.839999999999792,0.9971978668243799
1185,11.849999999999792,0.9972028786214533
1186,11.859999999999792,0.9972078584172533
1187,11.869999999999791,0.9972128064383938
1188,11.879999999999791,0.9972177229098911
1189,11.889999999999791,0.9972226080551755
1190,11.89999999999979,0.9972274620961022
1191,11.90999999999979,0.9972322852529624
1192,11.91999999999979,0.9972370777444938
1193,11.92999999999979,0.9972418397878917
1194,11.93999999999979,0.99724657159882
1195,11.94999999999979,0.9972512733914211
1196,11.95999999999979,0.9972559453783273
1197,11.96999999999979,0.9972605877706706
1198,11.979999999999789,0.9972652007780941
1199,11.989999999999789,0.997269784608761
1200,11.999999999999789,0.9972743394693665
1201,12.009999999999788,0.9972788655651466
1202,12.019999999999788,0.9972833630998891
1203,12.029999999999788,0.9972878322759434
1204,12.039999999999788,0.997292273294231
1205,12.049999999999788,0.9972966863542545
1206,12.059999999999787,0.9973010716541083
1207,12.069999999999787,0.9973054293904882
1208,12.079999999999787,0.9973097597587011
1209,12.089999999999787,0.9973140629526747
1210,12.099999999999786,0.997318339164967
1211,12.109999999999786,0.9973225885867762
1212,12.119999999999786,0.9973268114079499
1213,12.129999999999786,0.9973310078169945
1214,12.139999999999786,0.9973351780010846
1215,12.149999999999785,0.9973393221460727
1216,12.159999999999785,0.9973434404364977
1217,12.169999999999785,0.9973475330555946
1218,12.179999999999785,0.9973516001853036
1219,12.189999999999785,0.9973556420062787
1220,12.199999999999784,0.997359658697897
1221,12.209999999999784,0.997363650438268
1222,12.219999999999784,0.9973676174042416
1223,12.229999999999784,0.9973715597714176
1224,12.239999999999783,0.997375477714154
1225,12.249999999999783,0.9973793714055761
1226,12.259999999999783,0.9973832410175848
1227,12.269999999999783,0.9973870867208651
1228,12.279999999999783,0.9973909086848949
1229,12.289999999999782,0.9973947070779532
1230,12.299999999999782,0.9973984820671287
1231,12.309999999999782,0.9974022338183277
1232,12.319999999999782,0.997405962496283
1233,12.329999999999782,0.9974096682645616
1234,12.339999999999781,0.9974133512855728
1235,12.349999999999781,0.9974170117205772
1236,12.359999999999781,0.9974206497296932
1237,12.36999999999978,0.9974242654719064
1238,12.37999999999978,0.9974278591050771
1239,12.38999999999978,0.9974314307859475
1240,12.39999999999978,0.9974349806701506
1241,12.40999999999978,0.9974385089122172
1242,12.41999999999978,0.9974420156655839
1243,12.42999999999978,0.9974455010826009
1244,12.43999999999978,0.9974489653145391
1245,12.449999999999779,0.9974524085115984
1246,12.459999999999779,0.9974558308229148
1247,12.469999999999779,0.9974592323965674
1248,12.479999999999778,0.9974626133795867
1249,12.489999999999778,0.9974659739179614
1250,12.499999999999778,0.997469314156646
1251,12.509999999999778,0.9974726342395672
1252,12.519999999999778,0.9974759343096328
1253,12.529999999999777,0.9974792145087369
1254,12.539999999999777,0.9974824749777685
1255,12.549999999999777,0.9974857158566178
1256,12.559999999999777,0.9974889372841833
1257,12.569999999999776,0.9974921393983789
1258,12.579999999999776,0.9974953223361408
1259,12.589999999999776,0.9974984862334342
1260,12.599999999999776,0.9975016312252604
1261,12.609999999999776,0.997504757445663
1262,12.619999999999775,0.9975078650277356
1263,12.629999999999775,0.9975109541036273
1264,12.639999999999775,0.9975140248045502
1265,12.649999999999775,0.9975170772607856
1266,12.659999999999775,0.9975201116016907
1267,12.669999999999774,0.997523127955705
1268,12.679999999999774,0.9975261264503564
1269,12.689999999999774,0.9975291072122686
1270,12.699999999999774,0.9975320703671662
1271,12.709999999999773,0.9975350160398819
1272,12.719999999999773,0.9975379443543626
1273,12.729999999999773,0.9975408554336752
1274,12.739999999999773,0.9975437494000133
1275,12.749999999999773,0.9975466263747033
1276,12.759999999999772,0.9975494864782097
1277,12.769999999999772,0.9975523298301426
1278,12.779999999999772,0.9975551565492624
1279,12.789999999999772,0.9975579667534862
1280,12.799999999999772,0.9975607605598942
1281,12.809999999999771,0.9975635380847347
1282,12.819999999999771,0.997566299443431
1283,12.829999999999771,0.997569044750586
1284,12.83999999999977,0.9975717741199892
1285,12.84999999999977,0.9975744876646214
1286,12.85999999999977,0.9975771854966611
1287,12.86999999999977,0.9975798677274896
1288,12.87999999999977,0.9975825344676971
1289,12.88999999999977,0.997585185827088
1290,12.89999999999977,0.9975878219146864
1291,12.90999999999977,0.9975904428387418
1292,12.919999999999769,0.9975930487067342
1293,12.929999999999769,0.9975956396253799
1294,12.939999999999769,0.9975982157006369
1295,12.949999999999768,0.9976007770377096
1296,12.959999999999768,0.997603323741055
1297,12.969999999999768,0.9976058559143871
1298,12.979999999999768,0.9976083736606831
1299,12.989999999999768,0.9976108770821877
1300,12.999999999999767,0.9976133662804186
1301,13.009999999999767,0.9976158413561718
1302,13.019999999999767,0.9976183024095263
1303,13.029999999999767,0.9976207495398498
1304,13.039999999999766,0.9976231828458029
1305,13.049999999999766,0.9976256024253444
1306,13.059999999999766,0.9976280083757368
1307,13.069999999999766,0.9976304007935504
1308,13.079999999999766,0.9976327797746684
1309,13.089999999999765,0.9976351454142922
1310,13.099999999999765,0.9976374978069457
1311,13.109999999999765,0.9976398370464802
1312,13.119999999999765,0.9976421632260792
1313,13.129999999999765,0.9976444764382632
1314,13.139999999999764,0.9976467767748942
1315,13.149999999999764,0.9976490643271805
1316,13.159999999999764,0.997651339185681
1317,13.169999999999764,0.9976536014403105
1318,13.179999999999763,0.9976558511803432
1319,13.189999999999763,0.9976580884944183
1320,13.199999999999763,0.9976603134705435
1321,13.209999999999763,0.9976625261961004
1322,13.219999999999763,0.9976647267578481
1323,13.229999999999762,0.9976669152419281
1324,13.239999999999762,0.9976690917338684
1325,13.249999999999762,0.9976712563185882
1326,13.259999999999762,0.9976734090804016
1327,13.269999999999762,0.9976755501030223
1328,13.279999999999761,0.997677679469568
1329,13.289999999999761,0.9976797972625642
1330,13.299999999999761,0.9976819035639485
1331,13.30999999999976,0.9976839984550747
1332,13.31999999999976,0.9976860820167174
1333,13.32999999999976,0.9976881543290754
1334,13.33999999999976,0.9976902154717763
1335,13.34999999999976,0.9976922655238801
1336,13.35999999999976,0.9976943045638836
1337,13.36999999999976,0.9976963326697244
1338,13.37999999999976,0.9976983499187843
1339,13.389999999999759,0.9977003563878937
1340,13.399999999999759,0.9977023521533357
1341,13.409999999999759,0.9977043372908494
1342,13.419999999999758,0.9977063118756342
1343,13.429999999999758,0.9977082759823532
1344,13.439999999999758,0.9977102296851375
1345,13.449999999999758,0.9977121730575895
1346,13.459999999999757,0.9977141061727872
1347,13.469999999999757,0.9977160291032869
1348,13.479999999999757,0.9977179419211284
1349,13.489999999999757,0.9977198446978369
1350,13.499999999999757,0.9977217375044284
1351,13.509999999999756,0.9977236204114116
1352,13.519999999999756,0.9977254934887931
1353,13.529999999999756,0.9977273568060798
1354,13.539999999999756,0.9977292104322829
1355,13.549999999999756,0.9977310544359212
1356,13.559999999999755,0.9977328888850252
1357,13.569999999999755,0.9977347138471394
1358,13.579999999999755,0.9977365293893269
1359,13.589999999999755,0.9977383355781723
1360,13.599999999999755,0.997740132479785
1361,13.609999999999754,0.9977419201598028
1362,13.619999999999754,0.9977436986833949
1363,13.629999999999754,0.9977454681152659
1364,13.639999999999754,0.9977472285196581
1365,13.649999999999753,0.9977489799603558
1366,13.659999999999753,0.9977507225006879
1367,13.669999999999753,0.9977524562035311
1368,13.679999999999753,0.9977541811313138
1369,13.689999999999753,0.997755897346018
1370,13.699999999999752,0.9977576049091841
1371,13.709999999999752,0.9977593038819125
1372,13.719999999999752,0.9977609943248678
1373,13.729999999999752,0.9977626762982813
1374,13.739999999999752,0.9977643498619545
1375,13.749999999999751,0.9977660150752615
1376,13.759999999999751,0.9977676719971528
1377,13.76999999999975,0.9977693206861576
1378,13.77999999999975,0.9977709612003876
1379,13.78999999999975,0.9977725935975391
1380,13.79999999999975,0.9977742179348965
1381,13.80999999999975,0.9977758342693349
1382,13.81999999999975,0.9977774426573235
1383,13.82999999999975,0.9977790431549278
1384,13.83999999999975,0.9977806358178132
1385,13.84999999999975,0.9977822207012468
1386,13.859999999999749,0.9977837978601016
1387,13.869999999999749,0.9977853673488583
1388,13.879999999999749,0.997786929221608
1389,13.889999999999748,0.997788483532056
1390,13.899999999999748,0.9977900303335233
1391,13.909999999999748,0.9977915696789503
1392,13.919999999999748,0.9977931016208988
1393,13.929999999999747,0.9977946262115552
1394,13.939999999999747,0.9977961435027328
1395,13.949999999999747,0.9977976535458747
1396,13.959999999999747,0.9977991563920562
1397,13.969999999999747,0.9978006520919878
1398,13.979999999999746,0.9978021406960171
1399,13.989999999999746,0.9978036222541325
1400,13.999999999999746,0.9978050968159644
1401,14.009999999999746,0.9978065644307889
1402,14.019999999999746,0.9978080251475292
1403,14.029999999999745,0.9978094790147596
1404,14.039999999999745,0.9978109260807063
1405,14.049999999999745,0.9978123663932514
1406,14.059999999999745,0.997813799999934
1407,14.069999999999744,0.9978152269479539
1408,14.079999999999744,0.9978166472841726
1409,14.089999999999744,0.9978180610551175
1410,14.099999999999744,0.9978194683069823
1411,14.109999999999744,0.997820869085631
1412,14.119999999999743,0.9978222634365992
1413,14.129999999999743,0.997823651405097
1414,14.139999999999743,0.9978250330360113
1415,14.149999999999743,0.9978264083739076
1416,14.159999999999743,0.9978277774630328
1417,14.169999999999742,0.9978291403473173
1418,14.179999999999742,0.9978304970703772
1419,14.189999999999742,0.9978318476755166
1420,14.199999999999742,0.9978331922057297
1421,14.209999999999742,0.9978345307037033
1422,14.219999999999741,0.9978358632118186
1423,14.229999999999741,0.9978371897721537
1424,14.23999999999974,0.9978385104264855
1425,14.24999999999974,0.9978398252162922
1426,14.25999999999974,0.9978411341827548
1427,14.26999999999974,0.99784243736676
1428,14.27999999999974,0.9978437348089017
1429,14.28999999999974,0.9978450265494833
1430,14.29999999999974,0.9978463126285196
1431,14.30999999999974,0.9978475930857396
1432,14.31999999999974,0.9978488679605872
1433,14.329999999999739,0.9978501372922245
1434,14.339999999999739,0.9978514011195331
1435,14.349999999999739,0.9978526594811161
1436,14.359999999999738,0.9978539124153007
1437,14.369999999999738,0.9978551599601394
1438,14.379999999999738,0.9978564021534123
1439,14.389999999999738,0.9978576390326291
1440,14.399999999999737,0.997858870635031
1441,14.409999999999737,0.9978600969975926
1442,14.419999999999737,0.9978613181570235
1443,14.429999999999737,0.9978625341497709
1444,14.439999999999737,0.9978637450120206
1445,14.449999999999736,0.9978649507796995
1446,14.459999999999736,0.9978661514884772
1447,14.469999999999736,0.9978673471737679
1448,14.479999999999736,0.9978685378707322
1449,14.489999999999736,0.9978697236142787
1450,14.499999999999735,0.9978709044390663
1451,14.509999999999735,0.9978720803795056
1452,14.519999999999735,0.9978732514697604
1453,14.529999999999735,0.9978744177437503
1454,14.539999999999734,0.9978755792351517
1455,14.549999999999734,0.9978767359773998
1456,14.559999999999734,0.9978778880036903
1457,14.569999999999734,0.997879035346981
1458,14.579999999999734,0.9978801780399938
1459,14.589999999999733,0.9978813161152162
1460,14.599999999999733,0.9978824496049028
1461,14.609999999999733,0.9978835785410772
1462,14.619999999999733,0.9978847029555336
1463,14.629999999999733,0.9978858228798383
1464,14.639999999999732,0.9978869383453316
1465,14.649999999999732,0.997888049383129
1466,14.659999999999732,0.9978891560241234
1467,14.669999999999732,0.9978902582989861
1468,14.679999999999731,0.9978913562381686
1469,14.689999999999731,0.9978924498719043
1470,14.699999999999731,0.9978935392302097
1471,14.70999999999973,0.9978946243428868
1472,14.71999999999973,0.9978957052395233
1473,14.72999999999973,0.9978967819494954
1474,14.73999999999973,0.9978978545019683
1475,14.74999999999973,0.9978989229258987
1476,14.75999999999973,0.9978999872500353
1477,14.76999999999973,0.9979010475029209
1478,14.77999999999973,0.9979021037128938
1479,14.78999999999973,0.9979031559080892
1480,14.799999999999729,0.9979042041164404
1481,14.809999999999729,0.9979052483656808
1482,14.819999999999729,0.9979062886833447
1483,14.829999999999728,0.9979073250967693
1484,14.839999999999728,0.9979083576330954
1485,14.849999999999728,0.9979093863192697
1486,14.859999999999728,0.9979104111820456
1487,14.869999999999727,0.9979114322479844
1488,14.879999999999727,0.9979124495434573
1489,14.889999999999727,0.9979134630946463
1490,14.899999999999727,0.9979144729275459
1491,14.909999999999727,0.9979154790679637
1492,14.919999999999726,0.9979164815415229
1493,14.929999999999726,0.9979174803736625
1494,14.939999999999726,0.9979184755896392
1495,14.949999999999726,0.9979194672145288
1496,14.959999999999726,0.9979204552732271
1497,14.969999999999725,0.9979214397904516
1498,14.979999999999725,0.997922420790742
1499,14.989999999999725,0.9979233982984627
1500,14.999999999999725,0.997924372337803
1501,15.009999999999724,0.9979253429327787
1502,15.019999999999724,0.9979263101072335
1503,15.029999999999724,0.9979272738848403
1504,15.039999999999724,0.9979282342891018
1505,15.049999999999724,0.9979291913433523
1506,15.059999999999723,0.9979301450707588
1507,15.069999999999723,0.9979310954943222
1508,15.079999999999723,0.9979320426368783
1509,15.089999999999723,0.9979329865210992
1510,15.099999999999723,0.9979339271694941
1511,15.109999999999722,0.9979348646044113
1512,15.119999999999722,0.9979357988480383
1513,15.129999999999722,0.9979367299224036
1514,15.139999999999722,0.9979376578493777
1515,15.149999999999721,0.9979385826506743
1516,15.159999999999721,0.9979395043478512
1517,15.169999999999721,0.9979404229623116
1518,15.17999999999972,0.9979413385153052
1519,15.18999999999972,0.9979422510279292
1520,15.19999999999972,0.9979431605211295
1521,15.20999999999972,0.9979440670157018
1522,15.21999999999972,0.9979449705322924
1523,15.22999999999972,0.9979458710913995
1524,15.23999999999972,0.9979467687133746
1525,15.24999999999972,0.9979476634184227
1526,15.25999999999972,0.9979485552266042
1527,15.269999999999719,0.9979494441578353
1528,15.279999999999719,0.9979503302318895
1529,15.289999999999718,0.9979512134683984
1530,15.299999999999718,0.9979520938868527
1531,15.309999999999718,0.9979529715066032
1532,15.319999999999718,0.9979538463468619
1533,15.329999999999718,0.9979547184267031
1534,15.339999999999717,0.9979555877650639
1535,15.349999999999717,0.9979564543807459
1536,15.359999999999717,0.9979573182924154
1537,15.369999999999717,0.9979581795186052
1538,15.379999999999717,0.9979590380777147
1539,15.389999999999716,0.9979598939880114
1540,15.399999999999716,0.9979607472676318
1541,15.409999999999716,0.9979615979345824
1542,15.419999999999716,0.99796244600674
1543,15.429999999999715,0.9979632915018536
1544,15.439999999999715,0.9979641344375446
1545,15.449999999999715,0.9979649748313079
1546,15.459999999999715,0.997965812700513
1547,15.469999999999715,0.9979666480624045
1548,15.479999999999714,0.9979674809341038
1549,15.489999999999714,0.9979683113326088
1550,15.499999999999714,0.9979691392747956
1551,15.509999999999714,0.9979699647774194
1552,15.519999999999714,0.9979707878571149
1553,15.529999999999713,0.9979716085303976
1554,15.539999999999713,0.9979724268136644
1555,15.549999999999713,0.9979732427231944
1556,15.559999999999713,0.9979740562751501
1557,15.569999999999713,0.9979748674855778
1558,15.579999999999712,0.9979756763704088
1559,15.589999999999712,0.9979764829454599
1560,15.599999999999712,0.9979772872264345
1561,15.609999999999712,0.9979780892289233
1562,15.619999999999711,0.9979788889684049
1563,15.629999999999711,0.9979796864602472
1564,15.639999999999711,0.9979804817197073
1565,15.64999999999971,0.9979812747619332
1566,15.65999999999971,0.997982065601964
1567,15.66999999999971,0.997982854254731
1568,15.67999999999971,0.9979836407350581
1569,15.68999999999971,0.9979844250576629
1570,15.69999999999971,0.9979852072371577
1571,15.70999999999971,0.9979859872880492
1572,15.71999999999971,0.9979867652247407
1573,15.729999999999709,0.9979875410615318
1574,15.739999999999709,0.9979883148126192
1575,15.749999999999709,0.9979890864920984
1576,15.759999999999708,0.9979898561139631
1577,15.769999999999708,0.9979906236921067
1578,15.779999999999708,0.9979913892403232
1579,15.789999999999708,0.9979921527723071
1580,15.799999999999708,0.997992914301655
1581,15.809999999999707,0.9979936738418659
1582,15.819999999999707,0.9979944314063416
1583,15.829999999999707,0.997995187008388
1584,15.839999999999707,0.9979959406612152
1585,15.849999999999707,0.9979966923779389
1586,15.859999999999706,0.9979974421715804
1587,15.869999999999706,0.9979981900550674
1588,15.879999999999706,0.9979989360412352
1589,15.889999999999706,0.9979996801428268
1590,15.899999999999705,0.9980004223724935
1591,15.909999999999705,0.9980011627427963
1592,15.919999999999705,0.9980019012662054
1593,15.929999999999705,0.9980026379551021
1594,15.939999999999705,0.9980033728217785
1595,15.949999999999704,0.9980041058784386
1596,15.959999999999704,0.9980048371371988
1597,15.969999999999704,0.9980055666100884
1598,15.979999999999704,0.9980062943090505
1599,15.989999999999704,0.9980070202459427
1600,15.999999999999703,0.9980077444325369
1601,16.009999999999703,0.9980084668805212
1602,16.019999999999705,0.9980091876014993
1603,16.029999999999706,0.9980099066069918
1604,16.039999999999708,0.9980106239084368
1605,16.04999999999971,0.9980113395171899
1606,16.05999999999971,0.9980120534445257
1607,16.069999999999713,0.9980127657016374
1608,16.079999999999714,0.9980134762996383
1609,16.089999999999716,0.9980141852495618
1610,16.099999999999717,0.9980148925623618
1611,16.10999999999972,0.9980155982489141
1612,16.11999999999972,0.998016302320016
1613,16.129999999999722,0.9980170047863878
1614,16.139999999999723,0.9980177056586724
1615,16.149999999999725,0.9980184049474367
1616,16.159999999999727,0.9980191026631714
1617,16.169999999999728,0.9980197988162923
1618,16.17999999999973,0.9980204934171402
1619,16.18999999999973,0.9980211864759818
1620,16.199999999999733,0.9980218780030101
1621,16.209999999999734,0.998022568008345
1622,16.219999999999736,0.9980232565020336
1623,16.229999999999738,0.9980239434940513
1624,16.23999999999974,0.9980246289943017
1625,16.24999999999974,0.9980253130126171
1626,16.259999999999742,0.9980259955587596
1627,16.269999999999744,0.9980266766424213
1628,16.279999999999745,0.9980273562732244
1629,16.289999999999747,0.9980280344607223
1630,16.29999999999975,0.9980287112143998
1631,16.30999999999975,0.9980293865436739
1632,16.31999999999975,0.9980300604578937
1633,16.329999999999753,0.9980307329663413
1634,16.339999999999755,0.9980314040782323
1635,16.349999999999756,0.9980320738027162
1636,16.359999999999758,0.9980327421488768
1637,16.36999999999976,0.9980334091257327
1638,16.37999999999976,0.9980340747422379
1639,16.389999999999763,0.9980347390072822
1640,16.399999999999764,0.9980354019296914
1641,16.409999999999766,0.9980360635182284
1642,16.419999999999767,0.9980367237815928
1643,16.42999999999977,0.9980373827284221
1644,16.43999999999977,0.9980380403672917
1645,16.449999999999772,0.9980386967067156
1646,16.459999999999773,0.9980393517551467
1647,16.469999999999775,0.9980400055209772
1648,16.479999999999777,0.9980406580125392
1649,16.489999999999778,0.998041309238105
1650,16.49999999999978,0.9980419592058876
1651,16.50999999999978,0.9980426079240411
1652,16.519999999999783,0.9980432554006611
1653,16.529999999999784,0.9980439016437853
1654,16.539999999999786,0.9980445466613935
1655,16.549999999999788,0.9980451904614085
1656,16.55999999999979,0.998045833051696
1657,16.56999999999979,0.9980464744400659
1658,16.579999999999792,0.9980471146342713
1659,16.589999999999794,0.9980477536420105
1660,16.599999999999795,0.9980483914709258
1661,16.609999999999797,0.9980490281286056
1662,16.6199999999998,0.9980496636225832
1663,16.6299999999998,0.9980502979603381
1664,16.6399999999998,0.9980509311492962
1665,16.649999999999803,0.9980515631968304
1666,16.659999999999805,0.9980521941102604
1667,16.669999999999806,0.9980528238968535
1668,16.679999999999808,0.998053452563825
1669,16.68999999999981,0.9980540801183386
1670,16.69999999999981,0.9980547065675065
1671,16.709999999999813,0.9980553319183898
1672,16.719999999999814,0.9980559561779992
1673,16.729999999999816,0.9980565793532952
1674,16.739999999999817,0.9980572014511881
1675,16.74999999999982,0.9980578224785391
1676,16.75999999999982,0.99805844244216
1677,16.769999999999822,0.9980590613488137
1678,16.779999999999824,0.998059679205215
1679,16.789999999999825,0.9980602960180301
1680,16.799999999999827,0.9980609117938778
1681,16.809999999999828,0.9980615265393294
1682,16.81999999999983,0.9980621402609091
1683,16.82999999999983,0.9980627529650944
1684,16.839999999999833,0.9980633646583161
1685,16.849999999999834,0.9980639753469596
1686,16.859999999999836,0.9980645850373638
1687,16.869999999999838,0.9980651937358227
1688,16.87999999999984,0.9980658014485851
1689,16.88999999999984,0.998066408181855
1690,16.899999999999842,0.9980670139417919
1691,16.909999999999844,0.9980676187345112
1692,16.919999999999845,0.998068222566085
1693,16.929999999999847,0.9980688254425409
1694,16.93999999999985,0.9980694273698645
1695,16.94999999999985,0.9980700283539976
1696,16.95999999999985,0.9980706284008399
1697,16.969999999999853,0.998071227516249
1698,16.979999999999855,0.9980718257060402
1699,16.989999999999856,0.9980724229759873
1700,16.999999999999858,0.998073019331823
1701,17.00999999999986,0.9980736147792385
1702,17.01999999999986,0.9980742093238848
1703,17.029999999999863,0.998074802971372
1704,17.039999999999864,0.9980753957272702
1705,17.049999999999866,0.9980759875971098
1706,17.059999999999867,0.9980765785863814
1707,17.06999999999987,0.9980771687005366
1708,17.07999999999987,0.9980777579449875
1709,17.089999999999872,0.9980783463251081
1710,17.099999999999874,0.9980789338462333
1711,17.109999999999875,0.9980795205136602
1712,17.119999999999877,0.9980801063326481
1713,17.129999999999878,0.9980806913084185
1714,17.13999999999988,0.9980812754461555
1715,17.14999999999988,0.9980818587510063
1716,17.159999999999883,0.9980824412280811
1717,17.169999999999884,0.9980830228824537
1718,17.179999999999886,0.9980836037191615
1719,17.189999999999888,0.998084183743206
1720,17.19999999999989,0.9980847629595527
1721,17.20999999999989,0.998085341373132
1722,17.219999999999892,0.9980859189888386
1723,17.229999999999894,0.9980864958115324
1724,17.239999999999895,0.9980870718460388
1725,17.249999999999897,0.9980876470971484
1726,17.2599999999999,0.9980882215696174
1727,17.2699999999999,0.9980887952681685
1728,17.2799999999999,0.9980893681974903
1729,17.289999999999903,0.998089940362238
1730,17.299999999999905,0.9980905117670333
1731,17.309999999999906,0.9980910824164654
1732,17.319999999999908,0.9980916523150902
1733,17.32999999999991,0.9980922214674313
1734,17.33999999999991,0.9980927898779798
1735,17.349999999999913,0.998093357551195
1736,17.359999999999914,0.9980939244915041
1737,17.369999999999916,0.9980944907033028
1738,17.379999999999917,0.9980950561909553
1739,17.38999999999992,0.9980956209587948
1740,17.39999999999992,0.9980961850111233
1741,17.409999999999922,0.9980967483522124
1742,17.419999999999924,0.9980973109863028
1743,17.429999999999925,0.9980978729176054
1744,17.439999999999927,0.9980984341503008
1745,17.44999999999993,0.9980989946885395
1746,17.45999999999993,0.9980995545364427
1747,17.46999999999993,0.9981001136981023
1748,17.479999999999933,0.9981006721775805
1749,17.489999999999934,0.998101229978911
1750,17.499999999999936,0.9981017871060985
1751,17.509999999999938,0.9981023435631192
1752,17.51999999999994,0.9981028993539207
1753,17.52999999999994,0.9981034544824229
1754,17.539999999999942,0.9981040089525172
1755,17.549999999999944,0.9981045627680676
1756,17.559999999999945,0.9981051159329104
1757,17.569999999999947,0.9981056684508546
1758,17.57999999999995,0.998106220325682
1759,17.58999999999995,0.9981067715611475
1760,17.59999999999995,0.9981073221609791
1761,17.609999999999953,0.9981078721288783
1762,17.619999999999955,0.9981084214685203
1763,17.629999999999956,0.9981089701835539
1764,17.639999999999958,0.9981095182776021
1765,17.64999999999996,0.998110065754262
1766,17.65999999999996,0.9981106126171049
1767,17.669999999999963,0.9981111588696768
1768,17.679999999999964,0.9981117045154987
1769,17.689999999999966,0.998112249558066
1770,17.699999999999967,0.9981127940008495
1771,17.70999999999997,0.9981133378472953
1772,17.71999999999997,0.9981138811008248
1773,17.729999999999972,0.9981144237648352
1774,17.739999999999974,0.9981149658426993
1775,17.749999999999975,0.9981155073377662
1776,17.759999999999977,0.9981160482533609
1777,17.76999999999998,0.9981165885927846
1778,17.77999999999998,0.9981171283593154
1779,17.78999999999998,0.9981176675562079
1780,17.799999999999983,0.9981182061866934
1781,17.809999999999985,0.9981187442539804
1782,17.819999999999986,0.9981192817612544
1783,17.829999999999988,0.9981198187116783
1784,17.83999999999999,0.9981203551083927
1785,17.84999999999999,0.9981208909545154
1786,17.859999999999992,0.9981214262531426
1787,17.869999999999994,0.998121961007348
1788,17.879999999999995,0.9981224952201835
1789,17.889999999999997,0.9981230288946797
1790,17.9,0.9981235620338453
1791,17.91,0.9981240946406678
1792,17.92,0.9981246267181132
1793,17.930000000000003,0.9981251582691266
1794,17.940000000000005,0.9981256892966321
1795,17.950000000000006,0.9981262198035333
1796,17.960000000000008,0.9981267497927129
1797,17.97000000000001,0.998127279267033
1798,17.98000000000001,0.9981278082293358
1799,17.990000000000013,0.9981283366824428
1800,18.000000000000014,0.9981288646291558
1801,18.010000000000016,0.9981293920722568
1802,18.020000000000017,0.9981299190145078
1803,18.03000000000002,0.9981304454586513
1804,18.04000000000002,0.99813097140741
1805,18.050000000000022,0.9981314968634881
1806,18.060000000000024,0.9981320218295697
1807,18.070000000000025,0.9981325463083206
1808,18.080000000000027,0.998133070302387
1809,18.09000000000003,0.9981335938143969
1810,18.10000000000003,0.9981341168469593
1811,18.11000000000003,0.998134639402665
1812,18.120000000000033,0.9981351614840862
1813,18.130000000000035,0.9981356830937769
1814,18.140000000000036,0.998136204234273
1815,18.150000000000038,0.9981367249080925
1816,18.16000000000004,0.9981372451177355
1817,18.17000000000004,0.9981377648656844
1818,18.180000000000042,0.9981382841544041
1819,18.190000000000044,0.9981388029863417
1820,18.200000000000045,0.9981393213639275
1821,18.210000000000047,0.9981398392895742
1822,18.22000000000005,0.9981403567656774
1823,18.23000000000005,0.998140873794616
1824,18.24000000000005,0.9981413903787518
1825,18.250000000000053,0.9981419065204302
1826,18.260000000000055,0.9981424222219796
1827,18.270000000000056,0.9981429374857123
1828,18.280000000000058,0.9981434523139239
1829,18.29000000000006,0.998143966708894
1830,18.30000000000006,0.9981444806728861
1831,18.310000000000063,0.9981449942081475
1832,18.320000000000064,0.9981455073169098
1833,18.330000000000066,0.9981460200013886
1834,18.340000000000067,0.9981465322637841
1835,18.35000000000007,0.9981470441062809
1836,18.36000000000007,0.9981475555310478
1837,18.370000000000072,0.9981480665402389
1838,18.380000000000074,0.9981485771359926
1839,18.390000000000075,0.9981490873204324
1840,18.400000000000077,0.9981495970956666
1841,18.41000000000008,0.998150106463789
1842,18.42000000000008,0.9981506154268782
1843,18.43000000000008,0.9981511239869983
1844,18.440000000000083,0.9981516321461991
1845,18.450000000000085,0.9981521399065154
1846,18.460000000000086,0.9981526472699682
1847,18.470000000000088,0.9981531542385638
1848,18.48000000000009,0.9981536608142945
1849,18.49000000000009,0.9981541669991386
1850,18.500000000000092,0.9981546727950605
1851,18.510000000000094,0.9981551782040108
1852,18.520000000000095,0.998155683227926
1853,18.530000000000097,0.9981561878687293
1854,18.5400000000001,0.9981566921283302
1855,18.5500000000001,0.998157196008625
1856,18.5600000000001,0.9981576995114961
1857,18.570000000000103,0.9981582026388133
1858,18.580000000000105,0.9981587053924327
1859,18.590000000000106,0.9981592077741976
1860,18.600000000000108,0.9981597097859385
1861,18.61000000000011,0.9981602114294725
1862,18.62000000000011,0.9981607127066044
1863,18.630000000000113,0.9981612136191261
1864,18.640000000000114,0.998161714168817
1865,18.650000000000116,0.9981622143574438
1866,18.660000000000117,0.998162714186761
1867,18.67000000000012,0.9981632136585106
1868,18.68000000000012,0.9981637127744224
1869,18.690000000000122,0.9981642115362142
1870,18.700000000000124,0.9981647099455915
1871,18.710000000000125,0.9981652080042479
1872,18.720000000000127,0.9981657057138653
1873,18.73000000000013,0.9981662030761136
1874,18.74000000000013,0.9981667000926508
1875,18.75000000000013,0.9981671967651239
1876,18.760000000000133,0.9981676930951676
1877,18.770000000000135,0.9981681890844055
1878,18.780000000000136,0.99816868473445
1879,18.790000000000138,0.9981691800469016
1880,18.80000000000014,0.9981696750233503
1881,18.81000000000014,0.9981701696653744
1882,18.820000000000142,0.9981706639745416
1883,18.830000000000144,0.9981711579524081
1884,18.840000000000146,0.9981716516005196
1885,18.850000000000147,0.9981721449204108
1886,18.86000000000015,0.9981726379136058
1887,18.87000000000015,0.9981731305816178
1888,18.88000000000015,0.9981736229259498
1889,18.890000000000153,0.9981741149480938
1890,18.900000000000155,0.9981746066495317
1891,18.910000000000156,0.998175098031735
1892,18.920000000000158,0.9981755890961647
1893,18.93000000000016,0.9981760798442718
1894,18.94000000000016,0.9981765702774972
1895,18.950000000000163,0.9981770603972716
1896,18.960000000000164,0.9981775502050156
1897,18.970000000000166,0.9981780397021403
1898,18.980000000000167,0.9981785288900464
1899,18.99000000000017,0.9981790177701253
1900,19.00000000000017,0.9981795063437584
1901,19.010000000000172,0.9981799946123177
1902,19.020000000000174,0.9981804825771652
1903,19.030000000000175,0.9981809702396539
1904,19.040000000000177,0.9981814576011271
1905,19.05000000000018,0.9981819446629188
1906,19.06000000000018,0.9981824314263537
1907,19.07000000000018,0.9981829178927473
1908,19.080000000000183,0.9981834040634059
1909,19.090000000000185,0.9981838899396267
1910,19.100000000000186,0.9981843755226979
1911,19.110000000000188,0.9981848608138988
1912,19.12000000000019,0.9981853458144997
1913,19.13000000000019,0.9981858305257619
1914,19.140000000000192,0.9981863149489385
1915,19.150000000000194,0.9981867990852732
1916,19.160000000000196,0.9981872829360015
1917,19.170000000000197,0.9981877665023502
1918,19.1800000000002,0.9981882497855374
1919,19.1900000000002,0.9981887327867732
1920,19.200000000000202,0.9981892155072589
1921,19.210000000000203,0.9981896979481875
1922,19.220000000000205,0.9981901801107438
1923,19.230000000000206,0.9981906619961044
1924,19.240000000000208,0.9981911436054378
1925,19.25000000000021,0.9981916249399042
1926,19.26000000000021,0.998192106000656
1927,19.270000000000213,0.9981925867888375
1928,19.280000000000214,0.998193067305585
1929,19.290000000000216,0.998193547552027
1930,19.300000000000217,0.9981940275292843
1931,19.31000000000022,0.9981945072384698
1932,19.32000000000022,0.9981949866806887
1933,19.330000000000222,0.9981954658570387
1934,19.340000000000224,0.9981959447686096
1935,19.350000000000225,0.9981964234164842
1936,19.360000000000227,0.9981969018017371
1937,19.37000000000023,0.9981973799254363
1938,19.38000000000023,0.9981978577886419
1939,19.39000000000023,0.9981983353924065
1940,19.400000000000233,0.998198812737776
1941,19.410000000000235,0.9981992898257888
1942,19.420000000000236,0.998199766657476
1943,19.430000000000238,0.9982002432338619
1944,19.44000000000024,0.9982007195559635
1945,19.45000000000024,0.9982011956247909
1946,19.460000000000242,0.9982016714413472
1947,19.470000000000244,0.9982021470066286
1948,19.480000000000246,0.9982026223216245
1949,19.490000000000247,0.9982030973873174
1950,19.50000000000025,0.9982035722046831
1951,19.51000000000025,0.9982040467746908
1952,19.520000000000252,0.9982045210983027
1953,19.530000000000253,0.9982049951764749
1954,19.540000000000255,0.9982054690101564
1955,19.550000000000257,0.9982059426002899
1956,19.560000000000258,0.9982064159478119
1957,19.57000000000026,0.9982068890536522
1958,19.58000000000026,0.9982073619187339
1959,19.590000000000263,0.9982078345439747
1960,19.600000000000264,0.998208306930285
1961,19.610000000000266,0.9982087790785694
1962,19.620000000000267,0.9982092509897266
1963,19.63000000000027,0.9982097226646486
1964,19.64000000000027,0.9982101941042216
1965,19.650000000000272,0.9982106653093258
1966,19.660000000000274,0.998211136280835
1967,19.670000000000275,0.9982116070196176
1968,19.680000000000277,0.9982120775265356
1969,19.69000000000028,0.9982125478024454
1970,19.70000000000028,0.9982130178481972
1971,19.71000000000028,0.9982134876646357
1972,19.720000000000283,0.9982139572525999
1973,19.730000000000285,0.9982144266129227
1974,19.740000000000286,0.9982148957464317
1975,19.750000000000288,0.9982153646539488
1976,19.76000000000029,0.9982158333362899
1977,19.77000000000029,0.998216301794266
1978,19.780000000000292,0.998216770028682
1979,19.790000000000294,0.9982172380403377
1980,19.800000000000296,0.9982177058300272
1981,19.810000000000297,0.9982181733985395
1982,19.8200000000003,0.9982186407466578
1983,19.8300000000003,0.9982191078751604
1984,19.840000000000302,0.9982195747848203
1985,19.850000000000303,0.9982200414764049
1986,19.860000000000305,0.9982205079506765
1987,19.870000000000307,0.9982209742083926
1988,19.880000000000308,0.9982214402503051
1989,19.89000000000031,0.9982219060771612
1990,19.90000000000031,0.9982223716897026
1991,19.910000000000313,0.9982228370886664
1992,19.920000000000314,0.9982233022747845
1993,19.930000000000316,0.9982237672487838
1994,19.940000000000317,0.9982242320113864
1995,19.95000000000032,0.9982246965633096
1996,19.96000000000032,0.9982251609052656
1997,19.970000000000322,0.998225625037962
1998,19.980000000000324,0.9982260889621015
1999,19.990000000000325,0.9982265526783821
2000,20.000000000000327,0.9982270161874972
2001,20.01000000000033,0.9982274794901355
2002,20.02000000000033,0.9982279425869808
2003,20.03000000000033,0.9982284054787126
2004,20.040000000000333,0.9982288681660058
2005,20.050000000000335,0.9982293306495305
2006,20.060000000000336,0.9982297929299525
2007,20.070000000000338,0.9982302550079333
2008,20.08000000000034,0.9982307168841296
2009,20.09000000000034,0.9982311785591937
2010,20.100000000000342,0.9982316400337741
2011,20.110000000000344,0.9982321013085141
2012,20.120000000000346,0.9982325623840533
2013,20.130000000000347,0.9982330232610268
2014,20.14000000000035,0.9982334839400655
2015,20.15000000000035,0.998233944421796
2016,20.160000000000352,0.9982344047068408
2017,20.170000000000353,0.998234864795818
2018,20.180000000000355,0.9982353246893421
2019,20.190000000000357,0.9982357843880229
2020,20.200000000000358,0.9982362438924663
2021,20.21000000000036,0.9982367032032745
2022,20.22000000000036,0.9982371623210453
2023,20.230000000000363,0.9982376212463727
2024,20.240000000000364,0.9982380799798466
2025,20.250000000000366,0.998238538522053
2026,20.260000000000367,0.9982389968735742
2027,20.27000000000037,0.9982394550349883
2028,20.28000000000037,0.99823991300687
2029,20.290000000000372,0.9982403707897897
2030,20.300000000000374,0.9982408283843142
2031,20.310000000000375,0.9982412857910067
2032,20.320000000000377,0.9982417430104265
2033,20.33000000000038,0.9982422000431291
2034,20.34000000000038,0.9982426568896666
2035,20.35000000000038,0.9982431135505873
2036,20.360000000000383,0.9982435700264357
2037,20.370000000000385,0.998244026317753
2038,20.380000000000386,0.9982444824250765
2039,20.390000000000388,0.9982449383489402
2040,20.40000000000039,0.9982453940898747
2041,20.41000000000039,0.9982458496484066
2042,20.420000000000393,0.9982463050250594
2043,20.430000000000394,0.9982467602203532
2044,20.440000000000396,0.9982472152348044
2045,20.450000000000397,0.9982476700689262
2046,20.4600000000004,0.9982481247232285
2047,20.4700000000004,0.9982485791982175
2048,20.480000000000402,0.9982490334943965
2049,20.490000000000403,0.9982494876122651
2050,20.500000000000405,0.9982499415523198
2051,20.510000000000407,0.9982503953150541
2052,20.520000000000408,0.9982508489009577
2053,20.53000000000041,0.9982513023105176
2054,20.54000000000041,0.9982517555442174
2055,20.550000000000413,0.9982522086025375
2056,20.560000000000414,0.9982526614859553
2057,20.570000000000416,0.9982531141949448
2058,20.580000000000418,0.9982535667299772
2059,20.59000000000042,0.9982540190915207
2060,20.60000000000042,0.99825447128004
2061,20.610000000000422,0.9982549232959971
2062,20.620000000000424,0.9982553751398511
2063,20.630000000000425,0.9982558268120577
2064,20.640000000000427,0.9982562783130701
2065,20.65000000000043,0.9982567296433382
2066,20.66000000000043,0.9982571808033092
2067,20.67000000000043,0.9982576317934272
2068,20.680000000000433,0.9982580826141335
2069,20.690000000000435,0.9982585332658668
2070,20.700000000000436,0.9982589837490624
2071,20.710000000000438,0.9982594340641534
2072,20.72000000000044,0.9982598842115696
2073,20.73000000000044,0.9982603341917384
2074,20.740000000000443,0.9982607840050841
2075,20.750000000000444,0.9982612336520286
2076,20.760000000000446,0.9982616831329908
2077,20.770000000000447,0.9982621324483869
2078,20.78000000000045,0.9982625815986307
2079,20.79000000000045,0.9982630305841331
2080,20.800000000000452,0.9982634794053025
2081,20.810000000000453,0.9982639280625444
2082,20.820000000000455,0.998264376556262
2083,20.830000000000457,0.9982648248868559
2084,20.840000000000458,0.9982652730547239
2085,20.85000000000046,0.9982657210602615
2086,20.86000000000046,0.9982661689038614
2087,20.870000000000463,0.9982666165859141
2088,20.880000000000464,0.9982670641068073
2089,20.890000000000466,0.9982675114669265
2090,20.900000000000468,0.9982679586666546
2091,20.91000000000047,0.998268405706372
2092,20.92000000000047,0.9982688525864567
2093,20.930000000000472,0.9982692993072845
2094,20.940000000000474,0.9982697458692286
2095,20.950000000000475,0.9982701922726597
2096,20.960000000000477,0.9982706385179464
2097,20.97000000000048,0.998271084605455
2098,20.98000000000048,0.9982715305355493
2099,20.99000000000048,0.9982719763085908
2100,21.000000000000483,0.9982724219249387
2101,21.010000000000485,0.9982728673849501
2102,21.020000000000486,0.9982733126889799
2103,21.030000000000488,0.9982737578373801
2104,21.04000000000049,0.9982742028305015
2105,21.05000000000049,0.9982746476686919
2106,21.060000000000493,0.998275092352297
2107,21.070000000000494,0.9982755368816609
2108,21.080000000000496,0.9982759812571248
2109,21.090000000000497,0.9982764254790283
2110,21.1000000000005,0.9982768695477084
2111,21.1100000000005,0.9982773134635005
2112,21.120000000000502,0.9982777572267374
2113,21.130000000000503,0.9982782008377502
2114,21.140000000000505,0.9982786442968677
2115,21.150000000000507,0.9982790876044169
2116,21.160000000000508,0.9982795307607224
2117,21.17000000000051,0.998279973766107
2118,21.18000000000051,0.9982804166208914
2119,21.190000000000513,0.9982808593253945
2120,21.200000000000514,0.9982813018799329
2121,21.210000000000516,0.9982817442848215
2122,21.220000000000518,0.9982821865403732
2123,21.23000000000052,0.9982826286468987
2124,21.24000000000052,0.9982830706047071
2125,21.250000000000522,0.9982835124141055
2126,21.260000000000524,0.9982839540753989
2127,21.270000000000525,0.9982843955888908
2128,21.280000000000527,0.9982848369548823
2129,21.29000000000053,0.9982852781736733
2130,21.30000000000053,0.9982857192455613
2131,21.31000000000053,0.9982861601708422
2132,21.320000000000533,0.9982866009498099
2133,21.330000000000535,0.9982870415827568
2134,21.340000000000536,0.9982874820699734
2135,21.350000000000538,0.9982879224117482
2136,21.36000000000054,0.9982883626083682
2137,21.37000000000054,0.9982888026601184
2138,21.380000000000543,0.9982892425672824
2139,21.390000000000544,0.9982896823301417
2140,21.400000000000546,0.9982901219489763
2141,21.410000000000547,0.9982905614240644
2142,21.42000000000055,0.9982910007556826
2143,21.43000000000055,0.9982914399441056
2144,21.440000000000552,0.9982918789896069
2145,21.450000000000554,0.9982923178924579
2146,21.460000000000555,0.9982927566529283
2147,21.470000000000557,0.9982931952712866
2148,21.480000000000558,0.9982936337477992
2149,21.49000000000056,0.9982940720827314
2150,21.50000000000056,0.9982945102763463
2151,21.510000000000563,0.998294948328906
2152,21.520000000000564,0.9982953862406705
2153,21.530000000000566,0.9982958240118988
2154,21.540000000000568,0.9982962616428477
2155,21.55000000000057,0.998296699133773
2156,21.56000000000057,0.9982971364849287
2157,21.570000000000572,0.9982975736965672
2158,21.580000000000574,0.9982980107689398
2159,21.590000000000575,0.9982984477022957
2160,21.600000000000577,0.9982988844968831
2161,21.61000000000058,0.9982993211529486
2162,21.62000000000058,0.9982997576707372
2163,21.63000000000058,0.9983001940504924
2164,21.640000000000583,0.9983006302924566
2165,21.650000000000585,0.9983010663968704
2166,21.660000000000586,0.9983015023639732
2167,21.670000000000588,0.9983019381940028
2168,21.68000000000059,0.9983023738871958
2169,21.69000000000059,0.998302809443787
2170,21.700000000000593,0.9983032448640105
2171,21.710000000000594,0.9983036801480983
2172,21.720000000000596,0.9983041152962815
2173,21.730000000000597,0.9983045503087897
2174,21.7400000000006,0.9983049851858511
2175,21.7500000000006,0.9983054199276926
2176,21.760000000000602,0.9983058545345398
2177,21.770000000000604,0.998306289006617
2178,21.780000000000605,0.998306723344147
2179,21.790000000000607,0.9983071575473517
2180,21.80000000000061,0.9983075916164511
2181,21.81000000000061,0.9983080255516646
2182,21.82000000000061,0.9983084593532099
2183,21.830000000000613,0.9983088930213034
2184,21.840000000000614,0.9983093265561606
2185,21.850000000000616,0.9983097599579952
2186,21.860000000000618,0.9983101932270203
2187,21.87000000000062,0.9983106263634475
2188,21.88000000000062,0.9983110593674868
2189,21.890000000000622,0.9983114922393476
2190,21.900000000000624,0.9983119249792377
2191,21.910000000000625,0.9983123575873638
2192,21.920000000000627,0.9983127900639317
2193,21.93000000000063,0.9983132224091454
2194,21.94000000000063,0.9983136546232084
2195,21.95000000000063,0.9983140867063225
2196,21.960000000000633,0.9983145186586888
2197,21.970000000000635,0.9983149504805069
2198,21.980000000000636,0.9983153821719754
2199,21.990000000000638,0.9983158137332917
2200,22.00000000000064,0.9983162451646522
2201,22.01000000000064,0.9983166764662522
2202,22.020000000000643,0.9983171076382858
2203,22.030000000000644,0.9983175386809461
2204,22.040000000000646,0.9983179695944249
2205,22.050000000000647,0.9983184003789131
2206,22.06000000000065,0.9983188310346005
2207,22.07000000000065,0.9983192615616758
2208,22.080000000000652,0.9983196919603267
2209,22.090000000000654,0.9983201222307397
2210,22.100000000000655,0.9983205523731005
2211,22.110000000000657,0.9983209823875936
2212,22.12000000000066,0.9983214122744023
2213,22.13000000000066,0.9983218420337093
2214,22.14000000000066,0.998322271665696
2215,22.150000000000663,0.9983227011705428
2216,22.160000000000664,0.9983231305484291
2217,22.170000000000666,0.9983235597995335
2218,22.180000000000668,0.9983239889240333
2219,22.19000000000067,0.998324417922105
2220,22.20000000000067,0.9983248467939243
2221,22.210000000000672,0.9983252755396655
2222,22.220000000000674,0.9983257041595024
2223,22.230000000000675,0.9983261326536075
2224,22.240000000000677,0.9983265610221524
2225,22.25000000000068,0.998326989265308
2226,22.26000000000068,0.9983274173832442
2227,22.27000000000068,0.9983278453761295
2228,22.280000000000683,0.9983282732441323
2229,22.290000000000685,0.9983287009874194
2230,22.300000000000686,0.998329128606157
2231,22.310000000000688,0.9983295561005103
2232,22.32000000000069,0.9983299834706438
2233,22.33000000000069,0.9983304107167208
2234,22.340000000000693,0.998330837838904
2235,22.350000000000694,0.998331264837355
2236,22.360000000000696,0.9983316917122347
2237,22.370000000000697,0.998332118463703
2238,22.3800000000007,0.998332545091919
2239,22.3900000000007,0.9983329715970412
2240,22.400000000000702,0.9983333979792266
2241,22.410000000000704,0.9983338242386322
2242,22.420000000000705,0.9983342503754133
2243,22.430000000000707,0.9983346763897253
2244,22.44000000000071,0.998335102281722
2245,22.45000000000071,0.9983355280515567
2246,22.46000000000071,0.9983359536993819
2247,22.470000000000713,0.9983363792253491
2248,22.480000000000715,0.9983368046296095
2249,22.490000000000716,0.998337229912313
2250,22.500000000000718,0.9983376550736087
2251,22.51000000000072,0.9983380801136453
2252,22.52000000000072,0.9983385050325705
2253,22.530000000000722,0.9983389298305313
2254,22.540000000000724,0.9983393545076736
2255,22.550000000000725,0.9983397790641432
2256,22.560000000000727,0.9983402035000845
2257,22.57000000000073,0.9983406278156414
2258,22.58000000000073,0.9983410520109572
2259,22.59000000000073,0.9983414760861743
2260,22.600000000000733,0.9983419000414344
2261,22.610000000000735,0.9983423238768784
2262,22.620000000000736,0.9983427475926465
2263,22.630000000000738,0.9983431711888784
2264,22.64000000000074,0.9983435946657128
2265,22.65000000000074,0.9983440180232876
2266,22.660000000000743,0.9983444412617405
2267,22.670000000000744,0.9983448643812081
2268,22.680000000000746,0.9983452873818263
2269,22.690000000000747,0.9983457102637304
2270,22.70000000000075,0.9983461330270551
2271,22.71000000000075,0.9983465556719343
2272,22.720000000000752,0.9983469781985013
2273,22.730000000000754,0.9983474006068885
2274,22.740000000000755,0.9983478228972281
2275,22.750000000000757,0.9983482450696513
2276,22.76000000000076,0.9983486671242885
2277,22.77000000000076,0.9983490890612698
2278,22.78000000000076,0.9983495108807245
2279,22.790000000000763,0.9983499325827813
2280,22.800000000000765,0.9983503541675681
2281,22.810000000000766,0.9983507756352125
2282,22.820000000000768,0.9983511969858408
2283,22.83000000000077,0.9983516182195796
2284,22.84000000000077,0.9983520393365543
2285,22.850000000000772,0.9983524603368896
2286,22.860000000000774,0.99835288122071
2287,22.870000000000775,0.998353301988139
2288,22.880000000000777,0.9983537226392997
2289,22.89000000000078,0.9983541431743145
2290,22.90000000000078,0.9983545635933054
2291,22.91000000000078,0.9983549838963937
2292,22.920000000000783,0.9983554040836998
2293,22.930000000000785,0.9983558241553442
2294,22.940000000000786,0.9983562441114461
2295,22.950000000000788,0.9983566639521245
2296,22.96000000000079,0.9983570836774979
2297,22.97000000000079,0.9983575032876839
2298,22.980000000000793,0.9983579227827999
2299,22.990000000000794,0.9983583421629625
2300,23.000000000000796,0.9983587614282879
2301,23.010000000000797,0.9983591805788916
2302,23.0200000000008,0.9983595996148886
2303,23.0300000000008,0.9983600185363933
2304,23.040000000000802,0.9983604373435199
2305,23.050000000000804,0.9983608560363816
2306,23.060000000000805,0.9983612746150912
2307,23.070000000000807,0.9983616930797611
2308,23.08000000000081,0.9983621114305031
2309,23.09000000000081,0.9983625296674286
2310,23.10000000000081,0.998362947790648
2311,23.110000000000813,0.998363365800272
2312,23.120000000000815,0.99836378369641
2313,23.130000000000816,0.9983642014791714
2314,23.140000000000818,0.9983646191486648
2315,23.15000000000082,0.9983650367049984
2316,23.16000000000082,0.99836545414828
2317,23.170000000000822,0.9983658714786169
2318,23.180000000000824,0.9983662886961157
2319,23.190000000000826,0.9983667058008825
2320,23.200000000000827,0.9983671227930233
2321,23.21000000000083,0.9983675396726432
2322,23.22000000000083,0.9983679564398472
2323,23.23000000000083,0.9983683730947394
2324,23.240000000000833,0.9983687896374237
2325,23.250000000000835,0.9983692060680036
2326,23.260000000000836,0.9983696223865819
2327,23.270000000000838,0.998370038593261
2328,23.28000000000084,0.998370454688143
2329,23.29000000000084,0.9983708706713293
2330,23.300000000000843,0.9983712865429212
2331,23.310000000000844,0.9983717023030192
2332,23.320000000000846,0.9983721179517234
2333,23.330000000000847,0.9983725334891337
2334,23.34000000000085,0.9983729489153492
2335,23.35000000000085,0.998373364230469
2336,23.360000000000852,0.9983737794345913
2337,23.370000000000854,0.9983741945278142
2338,23.380000000000855,0.9983746095102353
2339,23.390000000000857,0.9983750243819517
2340,23.40000000000086,0.99837543914306
2341,23.41000000000086,0.9983758537936568
2342,23.42000000000086,0.9983762683338376
2343,23.430000000000863,0.9983766827636981
2344,23.440000000000865,0.9983770970833333
2345,23.450000000000866,0.9983775112928379
2346,23.460000000000868,0.998377925392306
2347,23.47000000000087,0.9983783393818314
2348,23.48000000000087,0.9983787532615078
2349,23.490000000000872,0.9983791670314279
2350,23.500000000000874,0.9983795806916846
2351,23.510000000000876,0.99837999424237
2352,23.520000000000877,0.998380407683576
2353,23.53000000000088,0.998380821015394
2354,23.54000000000088,0.9983812342379152
2355,23.550000000000882,0.9983816473512303
2356,23.560000000000883,0.9983820603554294
2357,23.570000000000885,0.9983824732506027
2358,23.580000000000886,0.9983828860368397
2359,23.590000000000888,0.9983832987142294
2360,23.60000000000089,0.9983837112828609
2361,23.61000000000089,0.9983841237428225
2362,23.620000000000893,0.9983845360942022
2363,23.630000000000894,0.998384948337088
2364,23.640000000000896,0.998385360471567
2365,23.650000000000897,0.9983857724977264
2366,23.6600000000009,0.9983861844156529
2367,23.6700000000009,0.9983865962254326
2368,23.680000000000902,0.9983870079271515
2369,23.690000000000904,0.9983874195208954
2370,23.700000000000905,0.9983878310067492
2371,23.710000000000907,0.9983882423847982
2372,23.72000000000091,0.9983886536551267
2373,23.73000000000091,0.9983890648178192
2374,23.74000000000091,0.9983894758729593
2375,23.750000000000913,0.9983898868206309
2376,23.760000000000915,0.9983902976609169
2377,23.770000000000916,0.9983907083939004
2378,23.780000000000918,0.9983911190196639
2379,23.79000000000092,0.9983915295382897
2380,23.80000000000092,0.9983919399498596
2381,23.810000000000922,0.9983923502544555
2382,23.820000000000924,0.9983927604521584
2383,23.830000000000926,0.9983931705430493
2384,23.840000000000927,0.9983935805272091
2385,23.85000000000093,0.9983939904047179
2386,23.86000000000093,0.9983944001756557
2387,23.870000000000932,0.9983948098401024
2388,23.880000000000933,0.9983952193981374
2389,23.890000000000935,0.9983956288498397
2390,23.900000000000936,0.9983960381952881
2391,23.910000000000938,0.9983964474345612
2392,23.92000000000094,0.9983968565677371
2393,23.93000000000094,0.998397265594894
2394,23.940000000000943,0.9983976745161092
2395,23.950000000000944,0.9983980833314601
2396,23.960000000000946,0.9983984920410238
2397,23.970000000000947,0.998398900644877
2398,23.98000000000095,0.9983993091430963
2399,23.99000000000095,0.9983997175357576
2400,24.000000000000952,0.998400125822937
2401,24.010000000000954,0.9984005340047101
2402,24.020000000000955,0.9984009420811522
2403,24.030000000000957,0.9984013500523382
2404,24.04000000000096,0.9984017579183431
2405,24.05000000000096,0.9984021656792413
2406,24.06000000000096,0.9984025733351071
2407,24.070000000000963,0.9984029808860143
2408,24.080000000000965,0.9984033883320368
2409,24.090000000000966,0.9984037956732479
2410,24.100000000000968,0.9984042029097207
2411,24.11000000000097,0.9984046100415283
2412,24.12000000000097,0.9984050170687431
2413,24.130000000000972,0.9984054239914375
2414,24.140000000000974,0.9984058308096838
2415,24.150000000000976,0.9984062375235538
2416,24.160000000000977,0.998406644133119
2417,24.17000000000098,0.9984070506384508
2418,24.18000000000098,0.9984074570396203
2419,24.190000000000982,0.9984078633366984
2420,24.200000000000983,0.9984082695297556
2421,24.210000000000985,0.9984086756188623
2422,24.220000000000987,0.9984090816040886
2423,24.230000000000988,0.9984094874855044
2424,24.24000000000099,0.9984098932631793
2425,24.25000000000099,0.9984102989371826
2426,24.260000000000993,0.9984107045075836
2427,24.270000000000994,0.998411109974451
2428,24.280000000000996,0.9984115153378538
2429,24.290000000000997,0.9984119205978601
2430,24.300000000001,0.9984123257545382
2431,24.310000000001,0.998412730807956
2432,24.320000000001002,0.9984131357581815
2433,24.330000000001004,0.998413540605282
2434,24.340000000001005,0.9984139453493248
2435,24.350000000001007,0.9984143499903769
2436,24.36000000000101,0.9984147545285054
2437,24.37000000000101,0.9984151589637765
2438,24.38000000000101,0.998415563296257
2439,24.390000000001013,0.9984159675260128
2440,24.400000000001015,0.99841637165311
2441,24.410000000001016,0.9984167756776143
2442,24.420000000001018,0.9984171795995911
2443,24.43000000000102,0.9984175834191059
2444,24.44000000000102,0.9984179871362237
2445,24.450000000001022,0.9984183907510092
2446,24.460000000001024,0.9984187942635274
2447,24.470000000001026,0.9984191976738426
2448,24.480000000001027,0.9984196009820191
2449,24.49000000000103,0.9984200041881208
2450,24.50000000000103,0.9984204072922117
2451,24.510000000001032,0.9984208102943555
2452,24.520000000001033,0.9984212131946154
2453,24.530000000001035,0.9984216159930548
2454,24.540000000001037,0.9984220186897367
2455,24.550000000001038,0.9984224212847239
2456,24.56000000000104,0.9984228237780791
2457,24.57000000000104,0.9984232261698648
2458,24.580000000001043,0.9984236284601431
2459,24.590000000001044,0.9984240306489762
2460,24.600000000001046,0.9984244327364258
2461,24.610000000001047,0.9984248347225537
2462,24.62000000000105,0.9984252366074214
2463,24.63000000000105,0.9984256383910901
2464,24.640000000001052,0.998426040073621
2465,24.650000000001054,0.998426441655075
2466,24.660000000001055,0.9984268431355128
2467,24.670000000001057,0.9984272445149949
2468,24.68000000000106,0.9984276457935818
2469,24.69000000000106,0.9984280469713335
2470,24.70000000000106,0.9984284480483102
2471,24.710000000001063,0.9984288490245716
2472,24.720000000001065,0.9984292499001775
2473,24.730000000001066,0.9984296506751871
2474,24.740000000001068,0.99843005134966
2475,24.75000000000107,0.9984304519236551
2476,24.76000000000107,0.9984308523972314
2477,24.770000000001072,0.9984312527704478
2478,24.780000000001074,0.9984316530433627
2479,24.790000000001076,0.9984320532160347
2480,24.800000000001077,0.9984324532885219
2481,24.81000000000108,0.9984328532608825
2482,24.82000000000108,0.9984332531331744
2483,24.830000000001082,0.9984336529054554
2484,24.840000000001083,0.9984340525777831
2485,24.850000000001085,0.9984344521502148
2486,24.860000000001087,0.9984348516228078
2487,24.870000000001088,0.9984352509956193
2488,24.88000000000109,0.9984356502687061
2489,24.89000000000109,0.998436049442125
2490,24.900000000001093,0.9984364485159329
2491,24.910000000001094,0.9984368474901859
2492,24.920000000001096,0.9984372463649405
2493,24.930000000001098,0.9984376451402527
2494,24.9400000000011,0.9984380438161786
2495,24.9500000000011,0.998438442392774
2496,24.960000000001102,0.9984388408700946
2497,24.970000000001104,0.9984392392481959
2498,24.980000000001105,0.9984396375271334
2499,24.990000000001107,0.998440035706962
2500,25.00000000000111,0.9984404337877372
2501,25.01000000000111,0.9984408317695137
2502,25.02000000000111,0.9984412296523463
2503,25.030000000001113,0.9984416274362895
2504,25.040000000001115,0.998442025121398
2505,25.050000000001116,0.9984424227077261
2506,25.060000000001118,0.9984428201953279
2507,25.07000000000112,0.9984432175842575
2508,25.08000000000112,0.9984436148745688
2509,25.090000000001123,0.9984440120663155
2510,25.100000000001124,0.9984444091595515
2511,25.110000000001126,0.9984448061543298
2512,25.120000000001127,0.9984452030507042
2513,25.13000000000113,0.9984455998487276
2514,25.14000000000113,0.9984459965484533
2515,25.150000000001132,0.998446393149934
2516,25.160000000001133,0.9984467896532228
2517,25.170000000001135,0.9984471860583719
2518,25.180000000001137,0.9984475823654343
2519,25.190000000001138,0.998447978574462
2520,25.20000000000114,0.9984483746855075
2521,25.21000000000114,0.9984487706986229
2522,25.220000000001143,0.9984491666138601
2523,25.230000000001144,0.998449562431271
2524,25.240000000001146,0.9984499581509074
2525,25.250000000001148,0.9984503537728208
2526,25.26000000000115,0.9984507492970626
2527,25.27000000000115,0.9984511447236843
2528,25.280000000001152,0.9984515400527372
2529,25.290000000001154,0.9984519352842721
2530,25.300000000001155,0.9984523304183401
2531,25.310000000001157,0.9984527254549922
2532,25.32000000000116,0.998453120394279
2533,25.33000000000116,0.998453515236251
2534,25.34000000000116,0.9984539099809587
2535,25.350000000001163,0.9984543046284526
2536,25.360000000001165,0.9984546991787828
2537,25.370000000001166,0.9984550936319995
2538,25.380000000001168,0.9984554879881524
2539,25.39000000000117,0.9984558822472918
2540,25.40000000000117,0.9984562764094672
2541,25.410000000001173,0.9984566704747282
2542,25.420000000001174,0.9984570644431245
2543,25.430000000001176,0.9984574583147053
2544,25.440000000001177,0.9984578520895201
2545,25.45000000000118,0.9984582457676178
2546,25.46000000000118,0.9984586393490477
2547,25.470000000001182,0.9984590328338585
2548,25.480000000001183,0.9984594262220993
2549,25.490000000001185,0.9984598195138187
2550,25.500000000001187,0.9984602127090652
2551,25.510000000001188,0.9984606058078873
2552,25.52000000000119,0.9984609988103336
2553,25.53000000000119,0.9984613917164522
2554,25.540000000001193,0.9984617845262913
2555,25.550000000001194,0.9984621772398989
2556,25.560000000001196,0.9984625698573231
2557,25.570000000001198,0.9984629623786115
2558,25.5800000000012,0.998463354803812
2559,25.5900000000012,0.9984637471329723
2560,25.600000000001202,0.9984641393661396
2561,25.610000000001204,0.9984645315033617
2562,25.620000000001205,0.9984649235446856
2563,25.630000000001207,0.9984653154901588
2564,25.64000000000121,0.9984657073398282
2565,25.65000000000121,0.9984660990937408
2566,25.66000000000121,0.9984664907519436
2567,25.670000000001213,0.9984668823144833
2568,25.680000000001215,0.9984672737814067
2569,25.690000000001216,0.9984676651527603
2570,25.700000000001218,0.9984680564285906
2571,25.71000000000122,0.998468447608944
2572,25.72000000000122,0.9984688386938669
2573,25.730000000001223,0.9984692296834055
2574,25.740000000001224,0.9984696205776058
2575,25.750000000001226,0.9984700113765138
2576,25.760000000001227,0.9984704020801755
2577,25.77000000000123,0.9984707926886366
2578,25.78000000000123,0.9984711832019428
2579,25.790000000001232,0.9984715736201399
2580,25.800000000001234,0.9984719639432734
2581,25.810000000001235,0.9984723541713886
2582,25.820000000001237,0.9984727443045309
2583,25.830000000001238,0.9984731343427455
2584,25.84000000000124,0.9984735242860777
2585,25.85000000000124,0.9984739141345724
2586,25.860000000001243,0.9984743038882747
2587,25.870000000001244,0.9984746935472295
2588,25.880000000001246,0.9984750831114815
2589,25.890000000001248,0.9984754725810753
2590,25.90000000000125,0.9984758619560556
2591,25.91000000000125,0.9984762512364671
2592,25.920000000001252,0.9984766404223541
2593,25.930000000001254,0.9984770295137608
2594,25.940000000001255,0.9984774185107317
2595,25.950000000001257,0.9984778074133108
2596,25.96000000000126,0.9984781962215423
2597,25.97000000000126,0.9984785849354701
2598,25.98000000000126,0.9984789735551383
2599,25.990000000001263,0.9984793620805904
2600,26.000000000001265,0.9984797505118704
2601,26.010000000001266,0.998480138849022
2602,26.020000000001268,0.9984805270920886
2603,26.03000000000127,0.9984809152411137
2604,26.04000000000127,0.9984813032961408
2605,26.050000000001273,0.9984816912572132
2606,26.060000000001274,0.9984820791243741
2607,26.070000000001276,0.9984824668976668
2608,26.080000000001277,0.9984828545771343
2609,26.09000000000128,0.9984832421628195
2610,26.10000000000128,0.9984836296547654
2611,26.110000000001282,0.9984840170530149
2612,26.120000000001284,0.9984844043576108
2613,26.130000000001285,0.9984847915685955
2614,26.140000000001287,0.9984851786860118
2615,26.150000000001288,0.9984855657099023
2616,26.16000000000129,0.9984859526403094
2617,26.17000000000129,0.9984863394772754
2618,26.180000000001293,0.9984867262208426
2619,26.190000000001294,0.9984871128710533
2620,26.200000000001296,0.9984874994279495
2621,26.210000000001298,0.9984878858915733
2622,26.2200000000013,0.9984882722619668
2623,26.2300000000013,0.9984886585391718
2624,26.240000000001302,0.9984890447232302
2625,26.250000000001304,0.9984894308141837
2626,26.260000000001305,0.9984898168120742
2627,26.270000000001307,0.998490202716943
2628,26.28000000000131,0.9984905885288318
2629,26.29000000000131,0.9984909742477821
2630,26.30000000000131,0.9984913598738352
2631,26.310000000001313,0.9984917454070324
2632,26.320000000001315,0.9984921308474152
2633,26.330000000001316,0.9984925161950245
2634,26.340000000001318,0.9984929014499015
2635,26.35000000000132,0.9984932866120874
2636,26.36000000000132,0.998493671681623
2637,26.370000000001323,0.9984940566585492
2638,26.380000000001324,0.9984944415429068
2639,26.390000000001326,0.9984948263347366
2640,26.400000000001327,0.9984952110340795
2641,26.41000000000133,0.9984955956409758
2642,26.42000000000133,0.9984959801554661
2643,26.430000000001332,0.9984963645775912
2644,26.440000000001334,0.9984967489073912
2645,26.450000000001335,0.9984971331449064
2646,26.460000000001337,0.9984975172901774
2647,26.47000000000134,0.9984979013432442
2648,26.48000000000134,0.998498285304147
2649,26.49000000000134,0.9984986691729258
2650,26.500000000001343,0.9984990529496208
2651,26.510000000001344,0.9984994366342719
2652,26.520000000001346,0.9984998202269189
2653,26.530000000001348,0.9985002037276017
2654,26.54000000000135,0.99850058713636
2655,26.55000000000135,0.9985009704532335
2656,26.560000000001352,0.998501353678262
2657,26.570000000001354,0.9985017368114848
2658,26.580000000001355,0.9985021198529416
2659,26.590000000001357,0.9985025028026717
2660,26.60000000000136,0.9985028856607147
2661,26.61000000000136,0.9985032684271097
2662,26.62000000000136,0.998503651101896
2663,26.630000000001363,0.9985040336851129
2664,26.640000000001365,0.9985044161767994
2665,26.650000000001366,0.9985047985769947
2666,26.660000000001368,0.9985051808857377
2667,26.67000000000137,0.9985055631030674
2668,26.68000000000137,0.9985059452290227
2669,26.690000000001373,0.9985063272636424
2670,26.700000000001374,0.9985067092069654
2671,26.710000000001376,0.9985070910590302
2672,26.720000000001377,0.9985074728198756
2673,26.73000000000138,0.9985078544895402
2674,26.74000000000138,0.9985082360680624
2675,26.750000000001382,0.9985086175554807
2676,26.760000000001384,0.9985089989518336
2677,26.770000000001385,0.9985093802571596
2678,26.780000000001387,0.9985097614714967
2679,26.79000000000139,0.9985101425948834
2680,26.80000000000139,0.9985105236273577
2681,26.81000000000139,0.9985109045689579
2682,26.820000000001393,0.9985112854197218
2683,26.830000000001395,0.9985116661796878
2684,26.840000000001396,0.9985120468488935
2685,26.850000000001398,0.9985124274273771
2686,26.8600000000014,0.9985128079151763
2687,26.8700000000014,0.9985131883123289
2688,26.880000000001402,0.9985135686188727
2689,26.890000000001404,0.9985139488348455
2690,26.900000000001405,0.9985143289602846
2691,26.910000000001407,0.9985147089952279
2692,26.92000000000141,0.9985150889397127
2693,26.93000000000141,0.9985154687937766
2694,26.94000000000141,0.998515848557457
2695,26.950000000001413,0.9985162282307912
2696,26.960000000001415,0.9985166078138167
2697,26.970000000001416,0.9985169873065706
2698,26.980000000001418,0.99851736670909
2699,26.99000000000142,0.9985177460214123
2700,27.00000000000142,0.9985181252435744
2701,27.010000000001423,0.9985185043756135
2702,27.020000000001424,0.9985188834175666
2703,27.030000000001426,0.9985192623694705
2704,27.040000000001427,0.9985196412313622
2705,27.05000000000143,0.9985200200032786
2706,27.06000000000143,0.9985203986852562
2707,27.070000000001432,0.9985207772773321
2708,27.080000000001434,0.9985211557795429
2709,27.090000000001435,0.9985215341919252
2710,27.100000000001437,0.9985219125145156
2711,27.11000000000144,0.9985222907473505
2712,27.12000000000144,0.9985226688904667
2713,27.13000000000144,0.9985230469439005
2714,27.140000000001443,0.9985234249076882
2715,27.150000000001445,0.9985238027818661
2716,27.160000000001446,0.9985241805664709
2717,27.170000000001448,0.9985245582615383
2718,27.18000000000145,0.9985249358671049
2719,27.19000000000145,0.9985253133832067
2720,27.200000000001452,0.99852569080988
2721,27.210000000001454,0.9985260681471605
2722,27.220000000001455,0.9985264453950844
2723,27.230000000001457,0.9985268225536877
2724,27.24000000000146,0.9985271996230064
2725,27.25000000000146,0.9985275766030762
2726,27.26000000000146,0.998527953493933
2727,27.270000000001463,0.9985283302956125
2728,27.280000000001465,0.9985287070081504
2729,27.290000000001466,0.9985290836315827
2730,27.300000000001468,0.9985294601659447
2731,27.31000000000147,0.9985298366112721
2732,27.32000000000147,0.9985302129676005
2733,27.330000000001473,0.9985305892349653
2734,27.340000000001474,0.9985309654134021
2735,27.350000000001476,0.9985313415029462
2736,27.360000000001477,0.998531717503633
2737,27.37000000000148,0.9985320934154978
2738,27.38000000000148,0.998532469238576
2739,27.390000000001482,0.9985328449729026
2740,27.400000000001484,0.998533220618513
2741,27.410000000001485,0.9985335961754422
2742,27.420000000001487,0.9985339716437255
2743,27.43000000000149,0.9985343470233977
2744,27.44000000000149,0.998534722314494
2745,27.45000000000149,0.9985350975170494
2746,27.460000000001493,0.9985354726310988
2747,27.470000000001495,0.9985358476566769
2748,27.480000000001496,0.9985362225938188
2749,27.490000000001498,0.9985365974425591
2750,27.5000000000015,0.9985369722029327
2751,27.5100000000015,0.9985373468749743
2752,27.520000000001502,0.9985377214587184
2753,27.530000000001504,0.9985380959542
2754,27.540000000001505,0.9985384703614534
2755,27.550000000001507,0.9985388446805131
2756,27.56000000000151,0.9985392189114138
2757,27.57000000000151,0.9985395930541899
2758,27.58000000000151,0.9985399671088759
2759,27.590000000001513,0.998540341075506
2760,27.600000000001515,0.9985407149541148
2761,27.610000000001516,0.9985410887447363
2762,27.620000000001518,0.998541462447405
2763,27.63000000000152,0.9985418360621551
2764,27.64000000000152,0.9985422095890206
2765,27.650000000001523,0.9985425830280359
2766,27.660000000001524,0.998542956379235
2767,27.670000000001526,0.9985433296426519
2768,27.680000000001527,0.9985437028183206
2769,27.69000000000153,0.9985440759062753
2770,27.70000000000153,0.9985444489065497
2771,27.710000000001532,0.9985448218191778
2772,27.720000000001534,0.9985451946441936
2773,27.730000000001535,0.9985455673816307
2774,27.740000000001537,0.998545940031523
2775,27.75000000000154,0.9985463125939043
2776,27.76000000000154,0.9985466850688082
2777,27.77000000000154,0.9985470574562685
2778,27.780000000001543,0.9985474297563187
2779,27.790000000001545,0.9985478019689926
2780,27.800000000001546,0.9985481740943236
2781,27.810000000001548,0.9985485461323452
2782,27.82000000000155,0.998548918083091
2783,27.83000000000155,0.9985492899465944
2784,27.840000000001552,0.9985496617228887
2785,27.850000000001554,0.9985500334120075
2786,27.860000000001556,0.9985504050139841
2787,27.870000000001557,0.9985507765288516
2788,27.88000000000156,0.9985511479566433
2789,27.89000000000156,0.9985515192973926
2790,27.90000000000156,0.9985518905511327
2791,27.910000000001563,0.9985522617178966
2792,27.920000000001565,0.9985526327977173
2793,27.930000000001566,0.9985530037906283
2794,27.940000000001568,0.9985533746966623
2795,27.95000000000157,0.9985537455158524
2796,27.96000000000157,0.9985541162482315
2797,27.970000000001573,0.9985544868938329
2798,27.980000000001574,0.998554857452689
2799,27.990000000001576,0.9985552279248329
2800,28.000000000001577,0.9985555983102975
2801,28.01000000000158,0.9985559686091154
2802,28.02000000000158,0.9985563388213197
2803,28.030000000001582,0.9985567089469427
2804,28.040000000001584,0.9985570789860174
2805,28.050000000001585,0.9985574489385763
2806,28.060000000001587,0.9985578188046522
2807,28.07000000000159,0.9985581885842775
2808,28.08000000000159,0.9985585582774849
2809,28.09000000000159,0.9985589278843067
2810,28.100000000001593,0.9985592974047756
2811,28.110000000001595,0.9985596668389239
2812,28.120000000001596,0.9985600361867842
2813,28.130000000001598,0.9985604054483889
2814,28.1400000000016,0.9985607746237701
2815,28.1500000000016,0.9985611437129602
2816,28.160000000001602,0.9985615127159917
2817,28.170000000001604,0.9985618816328966
2818,28.180000000001606,0.9985622504637072
2819,28.190000000001607,0.9985626192084557
2820,28.20000000000161,0.9985629878671741
2821,28.21000000000161,0.9985633564398948
2822,28.220000000001612,0.9985637249266498
2823,28.230000000001613,0.998564093327471
2824,28.240000000001615,0.9985644616423905
2825,28.250000000001616,0.9985648298714404
2826,28.260000000001618,0.9985651980146524
2827,28.27000000000162,0.9985655660720587
2828,28.28000000000162,0.998565934043691
2829,28.290000000001623,0.9985663019295813
2830,28.300000000001624,0.9985666697297613
2831,28.310000000001626,0.9985670374442628
2832,28.320000000001627,0.9985674050731177
2833,28.33000000000163,0.9985677726163575
2834,28.34000000000163,0.9985681400740142
2835,28.350000000001632,0.9985685074461192
2836,28.360000000001634,0.9985688747327043
2837,28.370000000001635,0.998569241933801
2838,28.380000000001637,0.998569609049441
2839,28.39000000000164,0.9985699760796557
2840,28.40000000000164,0.9985703430244767
2841,28.41000000000164,0.9985707098839355
2842,28.420000000001643,0.9985710766580634
2843,28.430000000001645,0.998571443346892
2844,28.440000000001646,0.9985718099504526
2845,28.450000000001648,0.9985721764687766
2846,28.46000000000165,0.9985725429018952
2847,28.47000000000165,0.9985729092498399
2848,28.480000000001652,0.9985732755126419
2849,28.490000000001654,0.9985736416903322
2850,28.500000000001656,0.9985740077829425
2851,28.510000000001657,0.9985743737905035
2852,28.52000000000166,0.9985747397130466
2853,28.53000000000166,0.9985751055506027
2854,28.540000000001662,0.9985754713032031
2855,28.550000000001663,0.9985758369708789
2856,28.560000000001665,0.998576202553661
2857,28.570000000001667,0.9985765680515803
2858,28.580000000001668,0.9985769334646679
2859,28.59000000000167,0.9985772987929549
2860,28.60000000000167,0.9985776640364719
2861,28.610000000001673,0.99857802919525
2862,28.620000000001674,0.9985783942693198
2863,28.630000000001676,0.9985787592587124
2864,28.640000000001677,0.9985791241634585
2865,28.65000000000168,0.9985794889835888
2866,28.66000000000168,0.9985798537191342
2867,28.670000000001682,0.9985802183701252
2868,28.680000000001684,0.9985805829365927
2869,28.690000000001685,0.9985809474185671
2870,28.700000000001687,0.9985813118160792
2871,28.71000000000169,0.9985816761291595
2872,28.72000000000169,0.9985820403578387
2873,28.73000000000169,0.9985824045021472
2874,28.740000000001693,0.9985827685621155
2875,28.750000000001695,0.9985831325377742
2876,28.760000000001696,0.9985834964291537
2877,28.770000000001698,0.9985838602362844
2878,28.7800000000017,0.9985842239591968
2879,28.7900000000017,0.998584587597921
2880,28.800000000001702,0.9985849511524877
2881,28.810000000001704,0.998585314622927
2882,28.820000000001706,0.9985856780092692
2883,28.830000000001707,0.9985860413115446
2884,28.84000000000171,0.9985864045297834
2885,28.85000000000171,0.9985867676640159
2886,28.860000000001712,0.9985871307142722
2887,28.870000000001713,0.9985874936805824
2888,28.880000000001715,0.9985878565629768
2889,28.890000000001717,0.9985882193614852
2890,28.900000000001718,0.998588582076138
2891,28.91000000000172,0.998588944706965
2892,28.92000000000172,0.9985893072539964
2893,28.930000000001723,0.998589669717262
2894,28.940000000001724,0.998590032096792
2895,28.950000000001726,0.9985903943926161
2896,28.960000000001727,0.9985907566047644
2897,28.97000000000173,0.9985911187332666
2898,28.98000000000173,0.9985914807781526
2899,28.990000000001732,0.9985918427394523
2900,29.000000000001734,0.9985922046171956
2901,29.010000000001735,0.9985925664114121
2902,29.020000000001737,0.9985929281221316
2903,29.03000000000174,0.9985932897493839
2904,29.04000000000174,0.9985936512931985
2905,29.05000000000174,0.9985940127536054
2906,29.060000000001743,0.9985943741306339
2907,29.070000000001745,0.9985947354243139
2908,29.080000000001746,0.9985950966346748
2909,29.090000000001748,0.9985954577617464
2910,29.10000000000175,0.9985958188055579
2911,29.11000000000175,0.9985961797661392
2912,29.120000000001752,0.9985965406435195
2913,29.130000000001754,0.9985969014377285
2914,29.140000000001756,0.9985972621487954
2915,29.150000000001757,0.9985976227767498
2916,29.16000000000176,0.9985979833216211
2917,29.17000000000176,0.9985983437834385
2918,29.180000000001762,0.9985987041622315
2919,29.190000000001763,0.9985990644580295
2920,29.200000000001765,0.9985994246708615
2921,29.210000000001767,0.998599784800757
2922,29.220000000001768,0.9986001448477451
2923,29.23000000000177,0.9986005048118551
2924,29.24000000000177,0.9986008646931163
2925,29.250000000001773,0.9986012244915577
2926,29.260000000001774,0.9986015842072086
2927,29.270000000001776,0.9986019438400978
2928,29.280000000001777,0.9986023033902548
2929,29.29000000000178,0.9986026628577084
2930,29.30000000000178,0.9986030222424878
2931,29.310000000001782,0.9986033815446219
2932,29.320000000001784,0.9986037407641398
2933,29.330000000001785,0.9986040999010705
2934,29.340000000001787,0.9986044589554427
2935,29.35000000000179,0.9986048179272856
2936,29.36000000000179,0.9986051768166281
2937,29.37000000000179,0.9986055356234989
2938,29.380000000001793,0.9986058943479269
2939,29.390000000001795,0.998606252989941
2940,29.400000000001796,0.99860661154957
2941,29.410000000001798,0.9986069700268426
2942,29.4200000000018,0.9986073284217877
2943,29.4300000000018,0.9986076867344339
2944,29.440000000001803,0.9986080449648099
2945,29.450000000001804,0.9986084031129446
2946,29.460000000001806,0.9986087611788664
2947,29.470000000001807,0.9986091191626041
2948,29.48000000000181,0.9986094770641862
2949,29.49000000000181,0.9986098348836414
2950,29.500000000001812,0.9986101926209983
2951,29.510000000001813,0.9986105502762853
2952,29.520000000001815,0.9986109078495311
2953,29.530000000001817,0.998611265340764
2954,29.540000000001818,0.9986116227500126
2955,29.55000000000182,0.9986119800773055
2956,29.56000000000182,0.9986123373226707
2957,29.570000000001823,0.998612694486137
2958,29.580000000001824,0.9986130515677327
2959,29.590000000001826,0.9986134085674861
2960,29.600000000001828,0.9986137654854256
2961,29.61000000000183,0.9986141223215794
2962,29.62000000000183,0.998614479075976
2963,29.630000000001832,0.9986148357486435
2964,29.640000000001834,0.9986151923396102
2965,29.650000000001835,0.9986155488489042
2966,29.660000000001837,0.9986159052765541
2967,29.67000000000184,0.9986162616225875
2968,29.68000000000184,0.9986166178870332
2969,29.69000000000184,0.9986169740699188
2970,29.700000000001843,0.9986173301712726
2971,29.710000000001845,0.9986176861911228
2972,29.720000000001846,0.9986180421294973
2973,29.730000000001848,0.9986183979864244
2974,29.74000000000185,0.9986187537619319
2975,29.75000000000185,0.9986191094560478
2976,29.760000000001853,0.9986194650688002
2977,29.770000000001854,0.9986198206002169
2978,29.780000000001856,0.998620176050326
2979,29.790000000001857,0.9986205314191554
2980,29.80000000000186,0.998620886706733
2981,29.81000000000186,0.9986212419130865
2982,29.820000000001862,0.9986215970382439
2983,29.830000000001863,0.9986219520822331
2984,29.840000000001865,0.9986223070450818
2985,29.850000000001867,0.9986226619268177
2986,29.860000000001868,0.9986230167274687
2987,29.87000000000187,0.9986233714470625
2988,29.88000000000187,0.9986237260856268
2989,29.890000000001873,0.9986240806431893
2990,29.900000000001874,0.9986244351197777
2991,29.910000000001876,0.9986247895154198
2992,29.920000000001878,0.9986251438301429
2993,29.93000000000188,0.9986254980639748
2994,29.94000000000188,0.9986258522169432
2995,29.950000000001882,0.9986262062890755
2996,29.960000000001884,0.9986265602803993
2997,29.970000000001885,0.9986269141909422
2998,29.980000000001887,0.9986272680207317
2999,29.99000000000189,0.9986276217697951
3000,30.00000000000189,0.9986279754381601
3001,30.01000000000189,0.998628329025854
3002,30.020000000001893,0.9986286825329042
3003,30.030000000001895,0.9986290359593382
3004,30.040000000001896,0.9986293893051834
3005,30.050000000001898,0.998629742570467
3006,30.0600000000019,0.9986300957552166
3007,30.0700000000019,0.9986304488594593
3008,30.080000000001903,0.9986308018832224
3009,30.090000000001904,0.9986311548265333
3010,30.100000000001906,0.9986315076894192
3011,30.110000000001907,0.9986318604719073
3012,30.12000000000191,0.998632213174025
3013,30.13000000000191,0.9986325657957992
3014,30.140000000001912,0.9986329183372572
3015,30.150000000001913,0.9986332707984262
3016,30.160000000001915,0.9986336231793335
3017,30.170000000001917,0.9986339754800058
3018,30.180000000001918,0.9986343277004704
3019,30.19000000000192,0.9986346798407545
3020,30.20000000000192,0.9986350319008851
3021,30.210000000001923,0.998635383880889
3022,30.220000000001924,0.9986357357807935
3023,30.230000000001926,0.9986360876006254
3024,30.240000000001928,0.9986364393404118
3025,30.25000000000193,0.9986367910001797
3026,30.26000000000193,0.9986371425799557
3027,30.270000000001932,0.9986374940797671
3028,30.280000000001934,0.9986378454996406
3029,30.290000000001935,0.9986381968396031
3030,30.300000000001937,0.9986385480996816
3031,30.31000000000194,0.9986388992799026
3032,30.32000000000194,0.9986392503802931
3033,30.33000000000194,0.9986396014008799
3034,30.340000000001943,0.9986399523416899
3035,30.350000000001945,0.9986403032027497
3036,30.360000000001946,0.998640653984086
3037,30.370000000001948,0.9986410046857255
3038,30.38000000000195,0.9986413553076949
3039,30.39000000000195,0.9986417058500211
3040,30.400000000001953,0.9986420563127305
3041,30.410000000001954,0.9986424066958499
3042,30.420000000001956,0.9986427569994057
3043,30.430000000001957,0.9986431072234249
3044,30.44000000000196,0.9986434573679336
3045,30.45000000000196,0.9986438074329586
3046,30.460000000001962,0.9986441574185263
3047,30.470000000001964,0.9986445073246635
3048,30.480000000001965,0.9986448571513964
3049,30.490000000001967,0.9986452068987517
3050,30.500000000001968,0.9986455565667557
3051,30.51000000000197,0.9986459061554349
3052,30.52000000000197,0.9986462556648157
3053,30.530000000001973,0.9986466050949245
3054,30.540000000001974,0.9986469544457879
3055,30.550000000001976,0.9986473037174319
3056,30.560000000001978,0.9986476529098831
3057,30.57000000000198,0.9986480020231677
3058,30.58000000000198,0.9986483510573121
3059,30.590000000001982,0.9986487000123425
3060,30.600000000001984,0.9986490488882852
3061,30.610000000001985,0.9986493976851666
3062,30.620000000001987,0.9986497464030126
3063,30.63000000000199,0.9986500950418498
3064,30.64000000000199,0.9986504436017041
3065,30.65000000000199,0.9986507920826018
3066,30.660000000001993,0.998651140484569
3067,30.670000000001995,0.9986514888076319
3068,30.680000000001996,0.9986518370518166
3069,30.690000000001998,0.9986521852171493
3070,30.700000000002,0.9986525333036559
3071,30.710000000002,0.9986528813113624
3072,30.720000000002003,0.9986532292402952
3073,30.730000000002004,0.99865357709048
3074,30.740000000002006,0.9986539248619429
3075,30.750000000002007,0.9986542725547101
3076,30.76000000000201,0.9986546201688072
3077,30.77000000000201,0.9986549677042603
3078,30.780000000002012,0.9986553151610955
3079,30.790000000002014,0.9986556625393386
3080,30.800000000002015,0.9986560098390154
3081,30.810000000002017,0.9986563570601519
3082,30.82000000000202,0.9986567042027739
3083,30.83000000000202,0.9986570512669073
3084,30.84000000000202,0.9986573982525778
3085,30.850000000002023,0.9986577451598114
3086,30.860000000002024,0.9986580919886338
3087,30.870000000002026,0.9986584387390707
3088,30.880000000002028,0.9986587854111478
3089,30.89000000000203,0.9986591320048911
3090,30.90000000000203,0.9986594785203261
3091,30.910000000002032,0.9986598249574785
3092,30.920000000002034,0.9986601713163742
3093,30.930000000002035,0.9986605175970386
3094,30.940000000002037,0.9986608637994974
3095,30.95000000000204,0.9986612099237763
3096,30.96000000000204,0.9986615559699008
3097,30.97000000000204,0.9986619019378967
3098,30.980000000002043,0.9986622478277893
3099,30.990000000002045,0.9986625936396044
3100,31.000000000002046,0.9986629393733674
3101,31.010000000002048,0.9986632850291038
3102,31.02000000000205,0.9986636306068393
3103,31.03000000000205,0.9986639761065991
3104,31.040000000002053,0.9986643215284088
3105,31.050000000002054,0.9986646668722938
3106,31.060000000002056,0.9986650121382796
3107,31.070000000002057,0.9986653573263916
3108,31.08000000000206,0.9986657024366552
3109,31.09000000000206,0.9986660474690958
3110,31.100000000002062,0.9986663924237387
3111,31.110000000002064,0.9986667373006092
3112,31.120000000002065,0.9986670820997328
3113,31.130000000002067,0.9986674268211346
3114,31.14000000000207,0.99866777146484
3115,31.15000000000207,0.9986681160308744
3116,31.16000000000207,0.9986684605192627
3117,31.170000000002073,0.9986688049300305
3118,31.180000000002075,0.9986691492632028
3119,31.190000000002076,0.998669493518805
3120,31.200000000002078,0.998669837696862
3121,31.21000000000208,0.9986701817973992
3122,31.22000000000208,0.9986705258204417
3123,31.230000000002082,0.9986708697660146
3124,31.240000000002084,0.9986712136341431
3125,31.250000000002085,0.9986715574248523
3126,31.260000000002087,0.9986719011381671
3127,31.27000000000209,0.9986722447741126
3128,31.28000000000209,0.9986725883327141
3129,31.29000000000209,0.9986729318139964
3130,31.300000000002093,0.9986732752179847
3131,31.310000000002095,0.9986736185447037
3132,31.320000000002096,0.9986739617941787
3133,31.330000000002098,0.9986743049664345
3134,31.3400000000021,0.9986746480614961
3135,31.3500000000021,0.9986749910793883
3136,31.360000000002103,0.9986753340201362
3137,31.370000000002104,0.9986756768837646
3138,31.380000000002106,0.9986760196702984
3139,31.390000000002107,0.9986763623797624
3140,31.40000000000211,0.9986767050121816
3141,31.41000000000211,0.9986770475675807
3142,31.420000000002112,0.9986773900459845
3143,31.430000000002114,0.998677732447418
3144,31.440000000002115,0.9986780747719056
3145,31.450000000002117,0.9986784170194724
3146,31.46000000000212,0.998678759190143
3147,31.47000000000212,0.9986791012839422
3148,31.48000000000212,0.9986794433008946
3149,31.490000000002123,0.998679785241025
3150,31.500000000002125,0.998680127104358
3151,31.510000000002126,0.9986804688909183
3152,31.520000000002128,0.9986808106007307
3153,31.53000000000213,0.9986811522338196
3154,31.54000000000213,0.9986814937902097
3155,31.550000000002132,0.9986818352699255
3156,31.560000000002134,0.9986821766729918
3157,31.570000000002135,0.9986825179994329
3158,31.580000000002137,0.9986828592492736
3159,31.59000000000214,0.9986832004225382
3160,31.60000000000214,0.9986835415192514
3161,31.61000000000214,0.9986838825394376
3162,31.620000000002143,0.9986842234831214
3163,31.630000000002145,0.998684564350327
3164,31.640000000002146,0.9986849051410792
3165,31.650000000002148,0.9986852458554022
3166,31.66000000000215,0.9986855864933204
3167,31.67000000000215,0.9986859270548584
3168,31.680000000002153,0.9986862675400403
3169,31.690000000002154,0.9986866079488907
3170,31.700000000002156,0.998686948281434
3171,31.710000000002157,0.9986872885376943
3172,31.72000000000216,0.998687628717696
3173,31.73000000000216,0.9986879688214635
3174,31.740000000002162,0.998688308849021
3175,31.750000000002164,0.9986886488003929
3176,31.760000000002165,0.9986889886756032
3177,31.770000000002167,0.9986893284746764
3178,31.78000000000217,0.9986896681976365
3179,31.79000000000217,0.9986900078445079
3180,31.80000000000217,0.9986903474153147
3181,31.810000000002173,0.9986906869100811
3182,31.820000000002175,0.9986910263288313
3183,31.830000000002176,0.9986913656715893
3184,31.840000000002178,0.9986917049383794
3185,31.85000000000218,0.9986920441292256
3186,31.86000000000218,0.9986923832441521
3187,31.870000000002182,0.998692722283183
3188,31.880000000002184,0.998693061246342
3189,31.890000000002185,0.9986934001336536
3190,31.900000000002187,0.9986937389451417
3191,31.91000000000219,0.9986940776808302
3192,31.92000000000219,0.9986944163407432
3193,31.93000000000219,0.9986947549249047
3194,31.940000000002193,0.9986950934333386
3195,31.950000000002195,0.9986954318660689
3196,31.960000000002196,0.9986957702231196
3197,31.970000000002198,0.9986961085045145
3198,31.9800000000022,0.9986964467102776
3199,31.9900000000022,0.9986967848404327
3200,32.0000000000022,0.9986971228950038
3201,32.0100000000022,0.9986974608740147
3202,32.0200000000022,0.9986977987774892
3203,32.0300000000022,0.9986981366054511
3204,32.040000000002195,0.9986984743579245
3205,32.05000000000219,0.9986988120349328
3206,32.06000000000219,0.9986991496365001
3207,32.07000000000219,0.9986994871626499
3208,32.08000000000219,0.9986998246134062
3209,32.090000000002185,0.9987001619887926
3210,32.10000000000218,0.9987004992888329
3211,32.11000000000218,0.9987008365135507
3212,32.12000000000218,0.9987011736629698
3213,32.13000000000218,0.9987015107371139
3214,32.140000000002175,0.9987018477360065
3215,32.15000000000217,0.9987021846596713
3216,32.16000000000217,0.998702521508132
3217,32.17000000000217,0.9987028582814123
3218,32.18000000000217,0.9987031949795355
3219,32.190000000002165,0.9987035316025256
3220,32.20000000000216,0.9987038681504058
3221,32.21000000000216,0.9987042046231998
3222,32.22000000000216,0.9987045410209311
3223,32.23000000000216,0.9987048773436233
3224,32.240000000002155,0.9987052135912999
3225,32.25000000000215,0.9987055497639844
3226,32.26000000000215,0.9987058858617002
3227,32.27000000000215,0.9987062218844708
3228,32.28000000000215,0.9987065578323197
3229,32.290000000002145,0.9987068937052702
3230,32.30000000000214,0.9987072295033459
3231,32.31000000000214,0.9987075652265701
3232,32.32000000000214,0.9987079008749662
3233,32.33000000000214,0.9987082364485576
3234,32.340000000002135,0.9987085719473676
3235,32.35000000000213,0.9987089073714196
3236,32.36000000000213,0.9987092427207369
3237,32.37000000000213,0.9987095779953429
3238,32.38000000000213,0.9987099131952607
3239,32.390000000002125,0.9987102483205138
3240,32.40000000000212,0.9987105833711254
3241,32.41000000000212,0.9987109183471187
3242,32.42000000000212,0.998711253248517
3243,32.43000000000212,0.9987115880753434
3244,32.440000000002115,0.9987119228276213
3245,32.45000000000211,0.9987122575053738
3246,32.46000000000211,0.9987125921086242
3247,32.47000000000211,0.9987129266373954
3248,32.48000000000211,0.9987132610917108
3249,32.490000000002105,0.9987135954715934
3250,32.5000000000021,0.9987139297770664
3251,32.5100000000021,0.9987142640081529
3252,32.5200000000021,0.998714598164876
3253,32.5300000000021,0.9987149322472587
3254,32.540000000002095,0.9987152662553241
3255,32.55000000000209,0.9987156001890953
3256,32.56000000000209,0.9987159340485953
3257,32.57000000000209,0.9987162678338471
3258,32.58000000000209,0.9987166015448737
3259,32.590000000002085,0.9987169351816982
3260,32.60000000000208,0.9987172687443435
3261,32.61000000000208,0.9987176022328325
3262,32.62000000000208,0.9987179356471882
3263,32.63000000000208,0.9987182689874337
3264,32.640000000002075,0.9987186022535915
3265,32.65000000000207,0.9987189354456849
3266,32.66000000000207,0.9987192685637367
3267,32.67000000000207,0.9987196016077697
3268,32.68000000000207,0.9987199345778067
3269,32.690000000002065,0.9987202674738708
3270,32.70000000000206,0.9987206002959845
3271,32.71000000000206,0.998720933044171
3272,32.72000000000206,0.9987212657184528
3273,32.73000000000206,0.9987215983188527
3274,32.740000000002055,0.9987219308453936
3275,32.75000000000205,0.9987222632980983
3276,32.76000000000205,0.9987225956769894
3277,32.77000000000205,0.9987229279820897
3278,32.78000000000205,0.998723260213422
3279,32.790000000002046,0.9987235923710088
3280,32.80000000000204,0.9987239244548731
3281,32.81000000000204,0.9987242564650373
3282,32.82000000000204,0.9987245884015241
3283,32.83000000000204,0.9987249202643562
3284,32.840000000002036,0.9987252520535563
3285,32.850000000002034,0.998725583769147
3286,32.86000000000203,0.9987259154111507
3287,32.87000000000203,0.9987262469795903
3288,32.88000000000203,0.9987265784744883
3289,32.890000000002026,0.9987269098958671
3290,32.900000000002024,0.9987272412437493
3291,32.91000000000202,0.9987275725181575
3292,32.92000000000202,0.9987279037191142
3293,32.93000000000202,0.998728234846642
3294,32.940000000002016,0.9987285659007632
3295,32.950000000002014,0.9987288968815003
3296,32.96000000000201,0.9987292277888761
3297,32.97000000000201,0.9987295586229126
3298,32.98000000000201,0.9987298893836325
3299,32.990000000002006,0.9987302200710582
3300,33.000000000002004,0.998730550685212
3301,33.010000000002,0.9987308812261164
3302,33.020000000002,0.9987312116937938
3303,33.030000000002,0.9987315420882664
3304,33.040000000001996,0.9987318724095567
3305,33.050000000001994,0.9987322026576871
3306,33.06000000000199,0.9987325328326798
3307,33.07000000000199,0.9987328629345571
3308,33.08000000000199,0.9987331929633414
3309,33.090000000001986,0.9987335229190549
3310,33.100000000001984,0.99873385280172
3311,33.11000000000198,0.9987341826113588
3312,33.12000000000198,0.9987345123479937
3313,33.13000000000198,0.9987348420116468
3314,33.140000000001976,0.9987351716023403
3315,33.150000000001974,0.9987355011200965
3316,33.16000000000197,0.9987358305649375
3317,33.17000000000197,0.9987361599368856
3318,33.18000000000197,0.9987364892359628
3319,33.190000000001966,0.9987368184621915
3320,33.200000000001964,0.9987371476155935
3321,33.21000000000196,0.9987374766961913
3322,33.22000000000196,0.9987378057040066
3323,33.23000000000196,0.9987381346390619
3324,33.240000000001956,0.998738463501379
3325,33.250000000001954,0.99873879229098
3326,33.26000000000195,0.9987391210078871
3327,33.27000000000195,0.9987394496521221
3328,33.28000000000195,0.9987397782237073
3329,33.290000000001946,0.9987401067226646
3330,33.300000000001944,0.9987404351490159
3331,33.31000000000194,0.9987407635027833
3332,33.32000000000194,0.9987410917839887
3333,33.33000000000194,0.9987414199926542
3334,33.340000000001936,0.9987417481288017
3335,33.350000000001934,0.9987420761924529
3336,33.36000000000193,0.99874240418363
3337,33.37000000000193,0.9987427321023549
3338,33.38000000000193,0.9987430599486493
3339,33.390000000001926,0.9987433877225352
3340,33.400000000001924,0.9987437154240345
3341,33.41000000000192,0.998744043053169
3342,33.42000000000192,0.9987443706099605
3343,33.43000000000192,0.9987446980944309
3344,33.440000000001916,0.9987450255066019
3345,33.450000000001914,0.9987453528464955
3346,33.46000000000191,0.9987456801141333
3347,33.47000000000191,0.9987460073095372
3348,33.48000000000191,0.9987463344327289
3349,33.490000000001906,0.9987466614837301
3350,33.500000000001904,0.9987469884625627
3351,33.5100000000019,0.9987473153692482
3352,33.5200000000019,0.9987476422038085
3353,33.5300000000019,0.9987479689662652
3354,33.540000000001896,0.9987482956566399
3355,33.550000000001894,0.9987486222749544
3356,33.56000000000189,0.9987489488212303
3357,33.57000000000189,0.9987492752954894
3358,33.58000000000189,0.9987496016977531
3359,33.590000000001886,0.9987499280280431
3360,33.600000000001884,0.998750254286381
3361,33.61000000000188,0.9987505804727883
3362,33.62000000000188,0.9987509065872868
3363,33.63000000000188,0.9987512326298978
3364,33.640000000001876,0.9987515586006432
3365,33.650000000001874,0.9987518844995442
3366,33.66000000000187,0.9987522103266224
3367,33.67000000000187,0.9987525360818995
3368,33.68000000000187,0.9987528617653968
3369,33.69000000000187,0.9987531873771358
3370,33.700000000001864,0.9987535129171381
3371,33.71000000000186,0.9987538383854251
3372,33.72000000000186,0.9987541637820181
3373,33.73000000000186,0.9987544891069388
3374,33.74000000000186,0.9987548143602084
3375,33.750000000001855,0.9987551395418484
3376,33.76000000000185,0.9987554646518803
3377,33.77000000000185,0.9987557896903252
3378,33.78000000000185,0.9987561146572047
3379,33.79000000000185,0.9987564395525401
3380,33.800000000001845,0.9987567643763529
3381,33.81000000000184,0.998757089128664
3382,33.82000000000184,0.9987574138094952
3383,33.83000000000184,0.9987577384188675
3384,33.84000000000184,0.9987580629568024
3385,33.850000000001835,0.998758387423321
3386,33.86000000000183,0.9987587118184447
3387,33.87000000000183,0.9987590361421946
3388,33.88000000000183,0.9987593603945921
3389,33.89000000000183,0.9987596845756584
3390,33.900000000001825,0.9987600086854147
3391,33.91000000000182,0.9987603327238822
3392,33.92000000000182,0.998760656691082
3393,33.93000000000182,0.9987609805870354
3394,33.94000000000182,0.9987613044117637
3395,33.950000000001815,0.9987616281652877
3396,33.96000000000181,0.9987619518476288
3397,33.97000000000181,0.998762275458808
3398,33.98000000000181,0.9987625989988466
3399,33.99000000000181,0.9987629224677654
3400,34.000000000001805,0.9987632458655858
3401,34.0100000000018,0.9987635691923288
3402,34.0200000000018,0.9987638924480153
3403,34.0300000000018,0.9987642156326665
3404,34.0400000000018,0.9987645387463034
3405,34.050000000001795,0.9987648617889472
3406,34.06000000000179,0.9987651847606186
3407,34.07000000000179,0.9987655076613388
3408,34.08000000000179,0.9987658304911287
3409,34.09000000000179,0.9987661532500094
3410,34.100000000001785,0.9987664759380017
3411,34.11000000000178,0.9987667985551267
3412,34.12000000000178,0.9987671211014054
3413,34.13000000000178,0.9987674435768585
3414,34.14000000000178,0.9987677659815071
3415,34.150000000001775,0.998768088315372
3416,34.16000000000177,0.9987684105784742
3417,34.17000000000177,0.9987687327708344
3418,34.18000000000177,0.9987690548924738
3419,34.19000000000177,0.9987693769434128
3420,34.200000000001765,0.9987696989236726
3421,34.21000000000176,0.9987700208332739
3422,34.22000000000176,0.9987703426722376
3423,34.23000000000176,0.9987706644405844
3424,34.24000000000176,0.9987709861383351
3425,34.250000000001755,0.9987713077655106
3426,34.26000000000175,0.9987716293221315
3427,34.27000000000175,0.9987719508082186
3428,34.28000000000175,0.9987722722237927
3429,34.29000000000175,0.9987725935688746
3430,34.300000000001745,0.998772914843485
3431,34.31000000000174,0.9987732360476443
3432,34.32000000000174,0.9987735571813736
3433,34.33000000000174,0.9987738782446934
3434,34.34000000000174,0.9987741992376244
3435,34.350000000001735,0.9987745201601873
3436,34.36000000000173,0.9987748410124028
3437,34.37000000000173,0.9987751617942913
3438,34.38000000000173,0.9987754825058736
3439,34.39000000000173,0.9987758031471702
3440,34.400000000001725,0.9987761237182019
3441,34.41000000000172,0.998776444218989
3442,34.42000000000172,0.9987767646495525
3443,34.43000000000172,0.9987770850099125
3444,34.44000000000172,0.9987774053000897
3445,34.450000000001715,0.9987777255201048
3446,34.46000000000171,0.9987780456699783
3447,34.47000000000171,0.9987783657497304
3448,34.48000000000171,0.9987786857593821
3449,34.49000000000171,0.9987790056989535
3450,34.500000000001705,0.9987793255684652
3451,34.5100000000017,0.9987796453679377
3452,34.5200000000017,0.9987799650973914
3453,34.5300000000017,0.9987802847568468
3454,34.5400000000017,0.9987806043463243
3455,34.550000000001695,0.9987809238658443
3456,34.56000000000169,0.9987812433154273
3457,34.57000000000169,0.9987815626950935
3458,34.58000000000169,0.9987818820048635
3459,34.59000000000169,0.9987822012447576
3460,34.600000000001685,0.9987825204147961
3461,34.61000000000168,0.9987828395149994
3462,34.62000000000168,0.9987831585453878
3463,34.63000000000168,0.9987834775059816
3464,34.64000000000168,0.9987837963968013
3465,34.650000000001675,0.9987841152178669
3466,34.66000000000167,0.998784433969199
3467,34.67000000000167,0.9987847526508177
3468,34.68000000000167,0.9987850712627432
3469,34.69000000000167,0.998785389804996
3470,34.700000000001666,0.998785708277596
3471,34.71000000000166,0.9987860266805638
3472,34.72000000000166,0.9987863450139194
3473,34.73000000000166,0.998786663277683
3474,34.74000000000166,0.9987869814718748
3475,34.750000000001656,0.9987872995965151
3476,34.760000000001654,0.998787617651624
3477,34.77000000000165,0.9987879356372217
3478,34.78000000000165,0.9987882535533282
3479,34.79000000000165,0.9987885713999638
3480,34.800000000001646,0.9987888891771486
3481,34.810000000001644,0.9987892068849026
3482,34.82000000000164,0.998789524523246
3483,34.83000000000164,0.9987898420921989
3484,34.84000000000164,0.9987901595917813
3485,34.850000000001636,0.9987904770220134
3486,34.860000000001634,0.9987907943829151
3487,34.87000000000163,0.9987911116745065
3488,34.88000000000163,0.9987914288968077
3489,34.89000000000163,0.9987917460498388
3490,34.900000000001626,0.9987920631336195
3491,34.910000000001624,0.9987923801481701
3492,34.92000000000162,0.9987926970935104
3493,34.93000000000162,0.9987930139696604
3494,34.94000000000162,0.9987933307766401
3495,34.950000000001616,0.9987936475144695
3496,34.960000000001614,0.9987939641831685
3497,34.97000000000161,0.998794280782757
3498,34.98000000000161,0.9987945973132549
3499,34.99000000000161,0.9987949137746822
3500,35.000000000001606,0.9987952301670587
3501,35.010000000001604,0.9987955464904045
3502,35.0200000000016,0.9987958627447391
3503,35.0300000000016,0.9987961789300825
3504,35.0400000000016,0.9987964950464548
3505,35.050000000001596,0.9987968110938755
3506,35.060000000001594,0.9987971270723647
3507,35.07000000000159,0.998797442981942
3508,35.08000000000159,0.9987977588226273
3509,35.09000000000159,0.9987980745944404
3510,35.100000000001586,0.998798390297401
3511,35.110000000001584,0.998798705931529
3512,35.12000000000158,0.998799021496844
3513,35.13000000000158,0.9987993369933659
3514,35.14000000000158,0.9987996524211143
3515,35.150000000001576,0.998799967780109
3516,35.160000000001574,0.9988002830703698
3517,35.17000000000157,0.9988005982919163
3518,35.18000000000157,0.9988009134447682
3519,35.19000000000157,0.998801228528945
3520,35.200000000001566,0.9988015435444667
3521,35.210000000001564,0.9988018584913528
3522,35.22000000000156,0.998802173369623
3523,35.23000000000156,0.9988024881792967
3524,35.24000000000156,0.9988028029203939
3525,35.250000000001556,0.9988031175929339
3526,35.260000000001554,0.9988034321969365
3527,35.27000000000155,0.9988037467324211
3528,35.28000000000155,0.9988040611994075
3529,35.29000000000155,0.998804375597915
3530,35.300000000001546,0.9988046899279635
3531,35.310000000001544,0.9988050041895722
3532,35.32000000000154,0.9988053183827609
3533,35.33000000000154,0.998805632507549
3534,35.34000000000154,0.9988059465639558
3535,35.350000000001536,0.9988062605520013
3536,35.360000000001534,0.9988065744717046
3537,35.37000000000153,0.9988068883230853
3538,35.38000000000153,0.9988072021061629
3539,35.39000000000153,0.9988075158209567
3540,35.400000000001526,0.9988078294674864
3541,35.410000000001524,0.9988081430457713
3542,35.42000000000152,0.9988084565558307
3543,35.43000000000152,0.9988087699976842
3544,35.44000000000152,0.9988090833713511
3545,35.450000000001516,0.9988093966768509
3546,35.460000000001514,0.9988097099142028
3547,35.47000000000151,0.9988100230834264
3548,35.48000000000151,0.9988103361845407
3549,35.49000000000151,0.9988106492175656
3550,35.500000000001506,0.9988109621825199
3551,35.510000000001504,0.9988112750794231
3552,35.5200000000015,0.9988115879082946
3553,35.5300000000015,0.9988119006691537
3554,35.5400000000015,0.9988122133620196
3555,35.550000000001496,0.9988125259869117
3556,35.560000000001494,0.9988128385438492
3557,35.57000000000149,0.9988131510328513
3558,35.58000000000149,0.9988134634539373
3559,35.59000000000149,0.9988137758071264
3560,35.60000000000149,0.9988140880924379
3561,35.610000000001484,0.998814400309891
3562,35.62000000000148,0.9988147124595049
3563,35.63000000000148,0.9988150245412988
3564,35.64000000000148,0.9988153365552919
3565,35.65000000000148,0.9988156485015032
3566,35.660000000001475,0.9988159603799521
3567,35.67000000000147,0.9988162721906576
3568,35.68000000000147,0.9988165839336389
3569,35.69000000000147,0.9988168956089152
3570,35.70000000000147,0.9988172072165055
3571,35.710000000001465,0.998817518756429
3572,35.72000000000146,0.9988178302287046
3573,35.73000000000146,0.9988181416333517
3574,35.74000000000146,0.9988184529703892
3575,35.75000000000146,0.9988187642398361
3576,35.760000000001455,0.9988190754417116
3577,35.77000000000145,0.9988193865760345
3578,35.78000000000145,0.9988196976428242
3579,35.79000000000145,0.9988200086420994
3580,35.80000000000145,0.9988203195738793
3581,35.810000000001445,0.9988206304381829
3582,35.82000000000144,0.9988209412350291
3583,35.83000000000144,0.9988212519644368
3584,35.84000000000144,0.9988215626264253
3585,35.85000000000144,0.9988218732210132
3586,35.860000000001435,0.9988221837482196
3587,35.87000000000143,0.9988224942080635
3588,35.88000000000143,0.9988228046005637
3589,35.89000000000143,0.9988231149257392
3590,35.90000000000143,0.9988234251836088
3591,35.910000000001425,0.9988237353741916
3592,35.92000000000142,0.9988240454975063
3593,35.93000000000142,0.9988243555535717
3594,35.94000000000142,0.998824665542407
3595,35.95000000000142,0.9988249754640307
3596,35.960000000001415,0.9988252853184619
3597,35.97000000000141,0.9988255951057193
3598,35.98000000000141,0.9988259048258218
3599,35.99000000000141,0.998826214478788
3600,36.00000000000141,0.998826524064637
3601,36.010000000001405,0.9988268335833874
3602,36.0200000000014,0.998827143035058
3603,36.0300000000014,0.9988274524196676
3604,36.0400000000014,0.9988277617372351
3605,36.0500000000014,0.9988280709877789
3606,36.060000000001395,0.9988283801713181
3607,36.07000000000139,0.9988286892878713
3608,36.08000000000139,0.9988289983374571
3609,36.09000000000139,0.9988293073200942
3610,36.10000000000139,0.9988296162358016
3611,36.110000000001385,0.9988299250845977
3612,36.12000000000138,0.9988302338665012
3613,36.13000000000138,0.9988305425815308
3614,36.14000000000138,0.9988308512297053
3615,36.15000000000138,0.9988311598110431
3616,36.160000000001375,0.998831468325563
3617,36.17000000000137,0.9988317767732836
3618,36.18000000000137,0.9988320851542235
3619,36.19000000000137,0.9988323934684012
3620,36.20000000000137,0.9988327017158355
3621,36.210000000001365,0.9988330098965449
3622,36.22000000000136,0.9988333180105479
3623,36.23000000000136,0.998833626057863
3624,36.24000000000136,0.998833934038509
3625,36.25000000000136,0.9988342419525043
3626,36.260000000001355,0.9988345497998673
3627,36.27000000000135,0.9988348575806167
3628,36.28000000000135,0.9988351652947711
3629,36.29000000000135,0.9988354729423488
3630,36.30000000000135,0.9988357805233683
3631,36.310000000001345,0.9988360880378482
3632,36.32000000000134,0.9988363954858068
3633,36.33000000000134,0.9988367028672628
3634,36.34000000000134,0.9988370101822345
3635,36.35000000000134,0.9988373174307403
3636,36.360000000001335,0.9988376246127988
3637,36.37000000000133,0.9988379317284282
3638,36.38000000000133,0.998838238777647
3639,36.39000000000133,0.9988385457604737
3640,36.40000000000133,0.9988388526769265
3641,36.410000000001325,0.9988391595270241
3642,36.42000000000132,0.9988394663107845
3643,36.43000000000132,0.9988397730282261
3644,36.44000000000132,0.9988400796793675
3645,36.45000000000132,0.9988403862642269
3646,36.460000000001315,0.9988406927828226
3647,36.47000000000131,0.998840999235173
3648,36.48000000000131,0.9988413056212964
3649,36.49000000000131,0.9988416119412109
3650,36.50000000000131,0.9988419181949351
3651,36.510000000001305,0.9988422243824869
3652,36.5200000000013,0.998842530503885
3653,36.5300000000013,0.9988428365591474
3654,36.5400000000013,0.9988431425482923
3655,36.5500000000013,0.9988434484713382
3656,36.560000000001295,0.9988437543283031
3657,36.57000000000129,0.9988440601192052
3658,36.58000000000129,0.9988443658440629
3659,36.59000000000129,0.9988446715028941
3660,36.60000000000129,0.9988449770957174
3661,36.610000000001286,0.9988452826225507
3662,36.62000000000128,0.9988455880834122
3663,36.63000000000128,0.99884589347832
3664,36.64000000000128,0.9988461988072924
3665,36.65000000000128,0.9988465040703475
3666,36.660000000001276,0.9988468092675034
3667,36.670000000001274,0.9988471143987782
3668,36.68000000000127,0.99884741946419
3669,36.69000000000127,0.9988477244637569
3670,36.70000000000127,0.9988480293974971
3671,36.710000000001266,0.9988483342654285
3672,36.720000000001264,0.9988486390675694
3673,36.73000000000126,0.9988489438039376
3674,36.74000000000126,0.9988492484745514
3675,36.75000000000126,0.9988495530794286
3676,36.760000000001256,0.9988498576185874
3677,36.770000000001254,0.9988501620920457
3678,36.78000000000125,0.9988504664998217
3679,36.79000000000125,0.9988507708419332
3680,36.80000000000125,0.9988510751183982
3681,36.810000000001246,0.9988513793292348
3682,36.820000000001244,0.998851683474461
3683,36.83000000000124,0.9988519875540947
3684,36.84000000000124,0.9988522915681537
3685,36.85000000000124,0.9988525955166562
3686,36.860000000001236,0.9988528993996199
3687,36.870000000001234,0.9988532032170628
3688,36.88000000000123,0.998853506969003
3689,36.89000000000123,0.9988538106554582
3690,36.90000000000123,0.9988541142764463
3691,36.910000000001226,0.9988544178319853
3692,36.920000000001224,0.998854721322093
3693,36.93000000000122,0.9988550247467871
3694,36.94000000000122,0.9988553281060858
3695,36.95000000000122,0.9988556314000067
3696,36.960000000001216,0.9988559346285677
3697,36.970000000001214,0.9988562377917867
3698,36.98000000000121,0.9988565408896813
3699,36.99000000000121,0.9988568439222696
3700,37.00000000000121,0.9988571468895692
3701,37.010000000001206,0.9988574497915979
3702,37.020000000001204,0.9988577526283735
3703,37.0300000000012,0.9988580553999139
3704,37.0400000000012,0.9988583581062366
3705,37.0500000000012,0.9988586607473595
3706,37.060000000001196,0.9988589633233004
3707,37.070000000001194,0.9988592658340769
3708,37.08000000000119,0.9988595682797069
3709,37.09000000000119,0.9988598706602079
3710,37.10000000000119,0.9988601729755977
3711,37.110000000001186,0.9988604752258939
3712,37.120000000001184,0.9988607774111143
3713,37.13000000000118,0.9988610795312767
3714,37.14000000000118,0.9988613815863985
3715,37.15000000000118,0.9988616835764974
3716,37.160000000001176,0.9988619855015911
3717,37.170000000001174,0.9988622873616972
3718,37.18000000000117,0.9988625891568335
3719,37.19000000000117,0.9988628908870173
3720,37.20000000000117,0.9988631925522665
3721,37.210000000001166,0.9988634941525986
3722,37.220000000001164,0.9988637956880311
3723,37.23000000000116,0.9988640971585816
3724,37.24000000000116,0.9988643985642678
3725,37.25000000000116,0.9988646999051071
3726,37.260000000001156,0.9988650011811171
3727,37.270000000001154,0.9988653023923154
3728,37.28000000000115,0.9988656035387196
3729,37.29000000000115,0.9988659046203469
3730,37.30000000000115,0.9988662056372151
3731,37.310000000001146,0.9988665065893416
3732,37.320000000001144,0.998866807476744
3733,37.33000000000114,0.9988671082994397
3734,37.34000000000114,0.9988674090574461
3735,37.35000000000114,0.9988677097507808
3736,37.360000000001136,0.998868010379461
3737,37.370000000001134,0.9988683109435046
3738,37.38000000000113,0.9988686114429287
3739,37.39000000000113,0.9988689118777507
3740,37.40000000000113,0.9988692122479883
3741,37.410000000001126,0.9988695125536586
3742,37.420000000001124,0.9988698127947792
3743,37.43000000000112,0.9988701129713674
3744,37.44000000000112,0.9988704130834406
3745,37.45000000000112,0.9988707131310162
3746,37.460000000001116,0.9988710131141114
3747,37.470000000001114,0.9988713130327438
3748,37.48000000000111,0.9988716128869307
3749,37.49000000000111,0.9988719126766893
3750,37.50000000000111,0.9988722124020369
3751,37.51000000000111,0.9988725120629911
3752,37.520000000001104,0.9988728116595689
3753,37.5300000000011,0.9988731111917878
3754,37.5400000000011,0.998873410659665
3755,37.5500000000011,0.9988737100632177
3756,37.5600000000011,0.9988740094024633
3757,37.570000000001095,0.998874308677419
3758,37.58000000000109,0.998874607888102
3759,37.59000000000109,0.9988749070345297
3760,37.60000000000109,0.9988752061167192
3761,37.61000000000109,0.9988755051346878
3762,37.620000000001085,0.9988758040884527
3763,37.63000000000108,0.9988761029780311
3764,37.64000000000108,0.9988764018034401
3765,37.65000000000108,0.998876700564697
3766,37.66000000000108,0.9988769992618189
3767,37.670000000001075,0.9988772978948232
3768,37.68000000000107,0.9988775964637268
3769,37.69000000000107,0.9988778949685468
3770,37.70000000000107,0.9988781934093006
3771,37.71000000000107,0.9988784917860053
3772,37.720000000001065,0.9988787900986777
3773,37.73000000000106,0.9988790883473353
3774,37.74000000000106,0.998879386531995
3775,37.75000000000106,0.9988796846526741
3776,37.76000000000106,0.9988799827093894
3777,37.770000000001055,0.9988802807021581
3778,37.78000000000105,0.9988805786309973
3779,37.79000000000105,0.998880876495924
3780,37.80000000000105,0.9988811742969554
3781,37.81000000000105,0.9988814720341084
3782,37.820000000001045,0.9988817697074001
3783,37.83000000000104,0.9988820673168475
3784,37.84000000000104,0.9988823648624675
3785,37.85000000000104,0.9988826623442774
3786,37.86000000000104,0.9988829597622938
3787,37.870000000001035,0.998883257116534
3788,37.88000000000103,0.9988835544070149
3789,37.89000000000103,0.9988838516337536
3790,37.90000000000103,0.9988841487967668
3791,37.91000000000103,0.9988844458960715
3792,37.920000000001025,0.9988847429316848
3793,37.93000000000102,0.9988850399036235
3794,37.94000000000102,0.9988853368119046
3795,37.95000000000102,0.998885633656545
3796,37.96000000000102,0.9988859304375616
3797,37.970000000001015,0.9988862271549713
3798,37.98000000000101,0.9988865238087911
3799,37.99000000000101,0.9988868203990375
3800,38.00000000000101,0.9988871169257278
3801,38.01000000000101,0.9988874133888788
3802,38.020000000001005,0.9988877097885072
3803,38.030000000001,0.9988880061246299
3804,38.040000000001,0.9988883023972638
3805,38.050000000001,0.9988885986064255
3806,38.060000000001,0.9988888947521322
3807,38.070000000000995,0.9988891908344004
3808,38.08000000000099,0.9988894868532471
3809,38.09000000000099,0.9988897828086889
3810,38.10000000000099,0.9988900787007426
3811,38.11000000000099,0.9988903745294253
3812,38.120000000000985,0.9988906702947534
3813,38.13000000000098,0.9988909659967438
3814,38.14000000000098,0.9988912616354132
3815,38.15000000000098,0.9988915572107784
3816,38.16000000000098,0.9988918527228561
3817,38.170000000000975,0.998892148171663
3818,38.18000000000097,0.998892443557216
3819,38.19000000000097,0.9988927388795314
3820,38.20000000000097,0.9988930341386263
3821,38.21000000000097,0.9988933293345172
3822,38.220000000000965,0.9988936244672209
3823,38.23000000000096,0.9988939195367538
3824,38.24000000000096,0.9988942145431329
3825,38.25000000000096,0.9988945094863746
3826,38.26000000000096,0.9988948043664956
3827,38.270000000000955,0.9988950991835127
3828,38.28000000000095,0.9988953939374423
3829,38.29000000000095,0.9988956886283012
3830,38.30000000000095,0.9988959832561058
3831,38.31000000000095,0.998896277820873
3832,38.320000000000945,0.9988965723226192
3833,38.33000000000094,0.9988968667613609
3834,38.34000000000094,0.9988971611371149
3835,38.35000000000094,0.9988974554498976
3836,38.36000000000094,0.9988977496997256
3837,38.370000000000935,0.9988980438866154
3838,38.38000000000093,0.9988983380105837
3839,38.39000000000093,0.9988986320716469
3840,38.40000000000093,0.9988989260698214
3841,38.41000000000093,0.998899220005124
3842,38.420000000000925,0.998899513877571
3843,38.43000000000092,0.9988998076871791
3844,38.44000000000092,0.9989001014339646
3845,38.45000000000092,0.9989003951179439
3846,38.46000000000092,0.9989006887391337
3847,38.470000000000915,0.9989009822975504
3848,38.48000000000091,0.9989012757932105
3849,38.49000000000091,0.9989015692261303
3850,38.50000000000091,0.9989018625963263
3851,38.51000000000091,0.9989021559038149
3852,38.520000000000906,0.9989024491486126
3853,38.5300000000009,0.9989027423307357
3854,38.5400000000009,0.9989030354502008
3855,38.5500000000009,0.998903328507024
3856,38.5600000000009,0.998903621501222
3857,38.570000000000896,0.998903914432811
3858,38.580000000000894,0.9989042073018074
3859,38.59000000000089,0.9989045001082275
3860,38.60000000000089,0.9989047928520878
3861,38.61000000000089,0.9989050855334045
3862,38.620000000000886,0.998905378152194
3863,38.630000000000884,0.9989056707084727
3864,38.64000000000088,0.9989059632022568
3865,38.65000000000088,0.9989062556335626
3866,38.66000000000088,0.9989065480024065
3867,38.670000000000876,0.9989068403088047
3868,38.680000000000874,0.9989071325527735
3869,38.69000000000087,0.9989074247343294
3870,38.70000000000087,0.9989077168534883
3871,38.71000000000087,0.9989080089102667
3872,38.720000000000866,0.9989083009046807
3873,38.730000000000864,0.9989085928367467
3874,38.74000000000086,0.9989088847064809
3875,38.75000000000086,0.9989091765138994
3876,38.76000000000086,0.9989094682590186
3877,38.770000000000856,0.9989097599418546
3878,38.780000000000854,0.9989100515624235
3879,38.79000000000085,0.9989103431207418
3880,38.80000000000085,0.9989106346168254
3881,38.81000000000085,0.9989109260506905
3882,38.820000000000846,0.9989112174223534
3883,38.830000000000844,0.9989115087318302
3884,38.84000000000084,0.998911799979137
3885,38.85000000000084,0.9989120911642901
3886,38.86000000000084,0.9989123822873055
3887,38.870000000000836,0.9989126733481993
3888,38.880000000000834,0.9989129643469877
3889,38.89000000000083,0.9989132552836868
3890,38.90000000000083,0.9989135461583127
3891,38.91000000000083,0.9989138369708814
3892,38.920000000000826,0.9989141277214092
3893,38.930000000000824,0.9989144184099119
3894,38.94000000000082,0.9989147090364058
3895,38.95000000000082,0.9989149996009068
3896,38.96000000000082,0.998915290103431
3897,38.970000000000816,0.9989155805439945
3898,38.980000000000814,0.9989158709226132
3899,38.99000000000081,0.9989161612393034
3900,39.00000000000081,0.9989164514940808
3901,39.01000000000081,0.9989167416869617
3902,39.020000000000806,0.9989170318179619
3903,39.030000000000804,0.9989173218870974
3904,39.0400000000008,0.9989176118943842
3905,39.0500000000008,0.9989179018398384
3906,39.0600000000008,0.9989181917234758
3907,39.070000000000796,0.9989184815453126
3908,39.080000000000794,0.9989187713053644
3909,39.09000000000079,0.9989190610036475
3910,39.10000000000079,0.9989193506401777
3911,39.11000000000079,0.9989196402149708
3912,39.120000000000786,0.9989199297280429
3913,39.130000000000784,0.9989202191794098
3914,39.14000000000078,0.9989205085690875
3915,39.15000000000078,0.9989207978970919
3916,39.16000000000078,0.9989210871634386
3917,39.170000000000776,0.9989213763681439
3918,39.180000000000774,0.9989216655112235
3919,39.19000000000077,0.9989219545926933
3920,39.20000000000077,0.998922243612569
3921,39.21000000000077,0.9989225325708665
3922,39.220000000000766,0.9989228214676018
3923,39.230000000000764,0.9989231103027907
3924,39.24000000000076,0.9989233990764488
3925,39.25000000000076,0.9989236877885921
3926,39.26000000000076,0.9989239764392365
3927,39.270000000000756,0.9989242650283975
3928,39.280000000000754,0.9989245535560912
3929,39.29000000000075,0.9989248420223332
3930,39.30000000000075,0.9989251304271393
3931,39.31000000000075,0.9989254187705253
3932,39.320000000000746,0.998925707052507
3933,39.330000000000744,0.9989259952731001
3934,39.34000000000074,0.9989262834323204
3935,39.35000000000074,0.9989265715301835
3936,39.36000000000074,0.9989268595667052
3937,39.370000000000736,0.9989271475419013
3938,39.380000000000734,0.9989274354557873
3939,39.39000000000073,0.9989277233083792
3940,39.40000000000073,0.9989280110996925
3941,39.41000000000073,0.998928298829743
3942,39.42000000000073,0.9989285864985462
3943,39.430000000000724,0.9989288741061179
3944,39.44000000000072,0.9989291616524738
3945,39.45000000000072,0.9989294491376295
3946,39.46000000000072,0.9989297365616006
3947,39.47000000000072,0.9989300239244028
3948,39.480000000000715,0.9989303112260517
3949,39.49000000000071,0.998930598466563
3950,39.50000000000071,0.9989308856459522
3951,39.51000000000071,0.998931172764235
3952,39.52000000000071,0.9989314598214271
3953,39.530000000000705,0.9989317468175438
3954,39.5400000000007,0.998932033752601
3955,39.5500000000007,0.998932320626614
3956,39.5600000000007,0.9989326074395986
3957,39.5700000000007,0.99893289419157
3958,39.580000000000695,0.9989331808825443
3959,39.59000000000069,0.9989334675125366
3960,39.60000000000069,0.9989337540815627
3961,39.61000000000069,0.998934040589638
3962,39.62000000000069,0.9989343270367781
3963,39.630000000000685,0.9989346134229984
3964,39.64000000000068,0.9989348997483144
3965,39.65000000000068,0.9989351860127417
3966,39.66000000000068,0.9989354722162958
3967,39.67000000000068,0.9989357583589922
3968,39.680000000000675,0.9989360444408462
3969,39.69000000000067,0.9989363304618734
3970,39.70000000000067,0.9989366164220892
3971,39.71000000000067,0.9989369023215092
3972,39.72000000000067,0.9989371881601486
3973,39.730000000000665,0.9989374739380231
3974,39.74000000000066,0.9989377596551481
3975,39.75000000000066,0.9989380453115387
3976,39.76000000000066,0.9989383309072107
3977,39.77000000000066,0.9989386164421793
3978,39.780000000000655,0.9989389019164598
3979,39.79000000000065,0.9989391873300679
3980,39.80000000000065,0.9989394726830187
3981,39.81000000000065,0.9989397579753279
3982,39.82000000000065,0.9989400432070105
3983,39.830000000000645,0.998940328378082
3984,39.84000000000064,0.9989406134885578
3985,39.85000000000064,0.9989408985384531
3986,39.86000000000064,0.9989411835277835
3987,39.87000000000064,0.9989414684565641
3988,39.880000000000635,0.9989417533248103
3989,39.89000000000063,0.9989420381325373
3990,39.90000000000063,0.9989423228797607
3991,39.91000000000063,0.9989426075664956
3992,39.92000000000063,0.9989428921927571
3993,39.930000000000625,0.9989431767585608
3994,39.94000000000062,0.998943461263922
3995,39.95000000000062,0.9989437457088556
3996,39.96000000000062,0.9989440300933772
3997,39.97000000000062,0.9989443144175019
3998,39.980000000000615,0.998944598681245
3999,39.99000000000061,0.9989448828846216
4000,40.00000000000061,0.9989451670276471
4001,40.01000000000061,0.9989454511103367
4002,40.02000000000061,0.9989457351327057
4003,40.030000000000605,0.998946019094769
4004,40.0400000000006,0.9989463029965421
4005,40.0500000000006,0.9989465868380399
4006,40.0600000000006,0.9989468706192779
4007,40.0700000000006,0.9989471543402711
4008,40.080000000000595,0.9989474380010347
4009,40.09000000000059,0.998947721601584
4010,40.10000000000059,0.9989480051419338
4011,40.11000000000059,0.9989482886220995
4012,40.12000000000059,0.9989485720420963
4013,40.130000000000585,0.9989488554019391
4014,40.14000000000058,0.9989491387016433
4015,40.15000000000058,0.9989494219412238
4016,40.16000000000058,0.9989497051206958
4017,40.17000000000058,0.9989499882400743
4018,40.180000000000575,0.9989502712993745
4019,40.19000000000057,0.9989505542986115
4020,40.20000000000057,0.9989508372378003
4021,40.21000000000057,0.998951120116956
4022,40.22000000000057,0.9989514029360937
4023,40.230000000000565,0.9989516856952284
4024,40.24000000000056,0.9989519683943752
4025,40.25000000000056,0.998952251033549
4026,40.26000000000056,0.998952533612765
4027,40.27000000000056,0.9989528161320382
4028,40.280000000000555,0.9989530985913836
4029,40.29000000000055,0.9989533809908162
4030,40.30000000000055,0.998953663330351
4031,40.31000000000055,0.998953945610003
4032,40.32000000000055,0.9989542278297872
4033,40.330000000000545,0.9989545099897185
4034,40.34000000000054,0.9989547920898119
4035,40.35000000000054,0.9989550741300824
4036,40.36000000000054,0.9989553561105451
4037,40.37000000000054,0.9989556380312148
4038,40.380000000000535,0.9989559198921064
4039,40.39000000000053,0.998956201693235
4040,40.40000000000053,0.9989564834346153
4041,40.41000000000053,0.9989567651162624
4042,40.42000000000053,0.9989570467381911
4043,40.430000000000526,0.9989573283004165
4044,40.44000000000052,0.9989576098029532
4045,40.45000000000052,0.9989578912458165
4046,40.46000000000052,0.9989581726290209
4047,40.47000000000052,0.9989584539525813
4048,40.480000000000516,0.9989587352165129
4049,40.490000000000514,0.9989590164208303
4050,40.50000000000051,0.9989592975655484
4051,40.51000000000051,0.9989595786506821
4052,40.52000000000051,0.9989598596762461
4053,40.530000000000506,0.9989601406422555
4054,40.540000000000504,0.9989604215487248
4055,40.5500000000005,0.998960702395669
4056,40.5600000000005,0.998960983183103
4057,40.5700000000005,0.9989612639110415
4058,40.580000000000496,0.9989615445794993
4059,40.590000000000494,0.9989618251884911
4060,40.60000000000049,0.9989621057380318
4061,40.61000000000049,0.9989623862281362
4062,40.62000000000049,0.9989626666588189
4063,40.630000000000486,0.9989629470300948
4064,40.640000000000484,0.9989632273419787
4065,40.65000000000048,0.9989635075944853
4066,40.66000000000048,0.9989637877876292
4067,40.67000000000048,0.9989640679214253
4068,40.680000000000476,0.9989643479958883
4069,40.690000000000474,0.9989646280110328
4070,40.70000000000047,0.9989649079668736
4071,40.71000000000047,0.9989651878634256
4072,40.72000000000047,0.9989654677007032
4073,40.730000000000466,0.9989657474787211
4074,40.740000000000464,0.998966027197494
4075,40.75000000000046,0.9989663068570368
4076,40.76000000000046,0.998966586457364
4077,40.77000000000046,0.9989668659984903
4078,40.780000000000456,0.9989671454804302
4079,40.790000000000454,0.9989674249031986
4080,40.80000000000045,0.9989677042668098
4081,40.81000000000045,0.9989679835712788
4082,40.82000000000045,0.9989682628166201
4083,40.830000000000446,0.9989685420028481
4084,40.840000000000444,0.9989688211299778
4085,40.85000000000044,0.9989691001980234
4086,40.86000000000044,0.9989693792069998
4087,40.87000000000044,0.9989696581569214
4088,40.880000000000436,0.9989699370478029
4089,40.890000000000434,0.9989702158796588
4090,40.90000000000043,0.9989704946525038
4091,40.91000000000043,0.9989707733663522
4092,40.92000000000043,0.9989710520212188
4093,40.930000000000426,0.9989713306171181
4094,40.940000000000424,0.9989716091540645
4095,40.95000000000042,0.9989718876320727
4096,40.96000000000042,0.998972166051157
4097,40.97000000000042,0.9989724444113321
4098,40.980000000000416,0.9989727227126126
4099,40.990000000000414,0.9989730009550128
4100,41.00000000000041,0.9989732791385474
4101,41.01000000000041,0.9989735572632307
4102,41.02000000000041,0.9989738353290771
4103,41.030000000000406,0.9989741133361014
4104,41.040000000000404,0.9989743912843178
4105,41.0500000000004,0.9989746691737409
4106,41.0600000000004,0.998974947004385
4107,41.0700000000004,0.9989752247762648
4108,41.080000000000396,0.9989755024893945
4109,41.090000000000394,0.9989757801437886
4110,41.10000000000039,0.9989760577394616
4111,41.11000000000039,0.9989763352764279
4112,41.12000000000039,0.9989766127547018
4113,41.130000000000386,0.9989768901742979
4114,41.140000000000384,0.9989771675352304
4115,41.15000000000038,0.9989774448375137
4116,41.16000000000038,0.9989777220811624
4117,41.17000000000038,0.9989779992661907
4118,41.180000000000376,0.9989782763926129
4119,41.190000000000374,0.9989785534604436
4120,41.20000000000037,0.9989788304696969
4121,41.21000000000037,0.9989791074203874
4122,41.22000000000037,0.9989793843125292
4123,41.230000000000366,0.9989796611461369
4124,41.240000000000364,0.9989799379212245
4125,41.25000000000036,0.9989802146378066
4126,41.26000000000036,0.9989804912958974
4127,41.27000000000036,0.9989807678955112
4128,41.280000000000356,0.9989810444366624
4129,41.290000000000354,0.9989813209193651
4130,41.30000000000035,0.9989815973436337
4131,41.31000000000035,0.9989818737094825
4132,41.32000000000035,0.9989821500169258
4133,41.33000000000035,0.9989824262659778
4134,41.340000000000344,0.9989827024566528
4135,41.35000000000034,0.998982978588965
4136,41.36000000000034,0.9989832546629287
4137,41.37000000000034,0.998983530678558
4138,41.38000000000034,0.9989838066358674
4139,41.390000000000335,0.9989840825348709
4140,41.40000000000033,0.9989843583755827
4141,41.41000000000033,0.9989846341580173
4142,41.42000000000033,0.9989849098821886
4143,41.43000000000033,0.9989851855481109
4144,41.440000000000325,0.9989854611557983
4145,41.45000000000032,0.9989857367052652
4146,41.46000000000032,0.9989860121965256
4147,41.47000000000032,0.9989862876295937
4148,41.48000000000032,0.9989865630044837
4149,41.490000000000315,0.9989868383212098
4150,41.50000000000031,0.9989871135797861
4151,41.51000000000031,0.9989873887802266
4152,41.52000000000031,0.9989876639225457
4153,41.53000000000031,0.9989879390067573
4154,41.540000000000305,0.9989882140328756
4155,41.5500000000003,0.9989884890009149
4156,41.5600000000003,0.998988763910889
4157,41.5700000000003,0.9989890387628122
4158,41.5800000000003,0.9989893135566985
4159,41.590000000000295,0.998989588292562
4160,41.60000000000029,0.9989898629704169
4161,41.61000000000029,0.9989901375902771
4162,41.62000000000029,0.9989904121521569
4163,41.63000000000029,0.99899068665607
4164,41.640000000000285,0.9989909611020309
4165,41.65000000000028,0.9989912354900532
4166,41.66000000000028,0.9989915098201513
4167,41.67000000000028,0.998991784092339
4168,41.68000000000028,0.9989920583066305
4169,41.690000000000275,0.9989923324630398
4170,41.70000000000027,0.9989926065615807
4171,41.71000000000027,0.9989928806022674
4172,41.72000000000027,0.998993154585114
4173,41.73000000000027,0.9989934285101342
4174,41.740000000000265,0.9989937023773422
4175,41.75000000000026,0.9989939761867519
4176,41.76000000000026,0.9989942499383774
4177,41.77000000000026,0.9989945236322325
4178,41.78000000000026,0.9989947972683312
4179,41.790000000000255,0.9989950708466875
4180,41.80000000000025,0.9989953443673153
4181,41.81000000000025,0.9989956178302286
4182,41.82000000000025,0.9989958912354414
4183,41.83000000000025,0.9989961645829674
4184,41.840000000000245,0.9989964378728208
4185,41.85000000000024,0.9989967111050152
4186,41.86000000000024,0.9989969842795647
4187,41.87000000000024,0.9989972573964833
4188,41.88000000000024,0.9989975304557847
4189,41.890000000000235,0.9989978034574828
4190,41.90000000000023,0.9989980764015917
4191,41.91000000000023,0.9989983492881249
4192,41.92000000000023,0.9989986221170966
4193,41.93000000000023,0.9989988948885206
4194,41.940000000000225,0.9989991676024106
4195,41.95000000000022,0.9989994402587805
4196,41.96000000000022,0.9989997128576443
4197,41.97000000000022,0.9989999853990157
4198,41.98000000000022,0.9990002578829085
4199,41.990000000000215,0.9990005303093367
4200,42.00000000000021,0.9990008026783138
4201,42.01000000000021,0.9990010749898539
4202,42.02000000000021,0.9990013472439707
4203,42.03000000000021,0.999001619440678
4204,42.040000000000205,0.9990018915799895
4205,42.0500000000002,0.9990021636619192
4206,42.0600000000002,0.9990024356864806
4207,42.0700000000002,0.9990027076536877
4208,42.0800000000002,0.9990029795635541
4209,42.090000000000195,0.9990032514160937
4210,42.10000000000019,0.9990035232113201
4211,42.11000000000019,0.9990037949492473
4212,42.12000000000019,0.9990040666298887
4213,42.13000000000019,0.9990043382532582
4214,42.140000000000185,0.9990046098193696
4215,42.15000000000018,0.9990048813282364
4216,42.16000000000018,0.9990051527798725
4217,42.17000000000018,0.9990054241742915
4218,42.18000000000018,0.9990056955115072
4219,42.190000000000175,0.9990059667915332
4220,42.20000000000017,0.9990062380143833
4221,42.21000000000017,0.9990065091800711
4222,42.22000000000017,0.9990067802886101
4223,42.23000000000017,0.9990070513400142
4224,42.240000000000165,0.9990073223342971
4225,42.25000000000016,0.9990075932714723
4226,42.26000000000016,0.9990078641515534
4227,42.27000000000016,0.9990081349745542
4228,42.28000000000016,0.9990084057404882
4229,42.290000000000155,0.9990086764493692
4230,42.30000000000015,0.9990089471012106
4231,42.31000000000015,0.9990092176960261
4232,42.32000000000015,0.9990094882338295
4233,42.33000000000015,0.9990097587146342
4234,42.340000000000146,0.9990100291384537
4235,42.35000000000014,0.9990102995053017
4236,42.36000000000014,0.9990105698151919
4237,42.37000000000014,0.9990108400681378
4238,42.38000000000014,0.9990111102641528
4239,42.390000000000136,0.9990113804032508
4240,42.400000000000134,0.9990116504854449
4241,42.41000000000013,0.9990119205107492
4242,42.42000000000013,0.9990121904791767
4243,42.43000000000013,0.9990124603907413
4244,42.440000000000126,0.9990127302454564
4245,42.450000000000124,0.9990130000433356
4246,42.46000000000012,0.9990132697843923
4247,42.47000000000012,0.9990135394686401
4248,42.48000000000012,0.9990138090960925
4249,42.490000000000116,0.999014078666763
4250,42.500000000000114,0.9990143481806649
4251,42.51000000000011,0.999014617637812
4252,42.52000000000011,0.9990148870382176
4253,42.53000000000011,0.9990151563818952
4254,42.540000000000106,0.9990154256688584
4255,42.550000000000104,0.9990156948991203
4256,42.5600000000001,0.9990159640726948
4257,42.5700000000001,0.9990162331895951
4258,42.5800000000001,0.9990165022498346
4259,42.590000000000096,0.9990167712534269
4260,42.600000000000094,0.9990170402003853
4261,42.61000000000009,0.9990173090907233
4262,42.62000000000009,0.9990175779244542
4263,42.63000000000009,0.9990178467015917
4264,42.640000000000086,0.9990181154221488
4265,42.650000000000084,0.9990183840861392
4266,42.66000000000008,0.9990186526935761
4267,42.67000000000008,0.9990189212444731
4268,42.68000000000008,0.9990191897388435
4269,42.690000000000076,0.9990194581767005
4270,42.700000000000074,0.9990197265580576
4271,42.71000000000007,0.9990199948829283
4272,42.72000000000007,0.9990202631513256
4273,42.73000000000007,0.9990205313632632
4274,42.740000000000066,0.9990207995187543
4275,42.750000000000064,0.9990210676178122
4276,42.76000000000006,0.9990213356604503
4277,42.77000000000006,0.9990216036466818
4278,42.78000000000006,0.9990218715765202
4279,42.790000000000056,0.9990221394499786
4280,42.800000000000054,0.9990224072670706
4281,42.81000000000005,0.9990226750278092
4282,42.82000000000005,0.9990229427322078
4283,42.83000000000005,0.9990232103802797
4284,42.840000000000046,0.9990234779720383
4285,42.850000000000044,0.9990237455074966
4286,42.86000000000004,0.9990240129866681
4287,42.87000000000004,0.9990242804095659
4288,42.88000000000004,0.9990245477762034
4289,42.890000000000036,0.9990248150865938
4290,42.900000000000034,0.9990250823407504
4291,42.91000000000003,0.9990253495386862
4292,42.92000000000003,0.9990256166804147
4293,42.93000000000003,0.9990258837659489
4294,42.940000000000026,0.9990261507953022
4295,42.950000000000024,0.9990264177684878
4296,42.96000000000002,0.9990266846855187
4297,42.97000000000002,0.9990269515464084
4298,42.98000000000002,0.9990272183511699
4299,42.990000000000016,0.9990274850998164
4300,43.000000000000014,0.9990277517923611
4301,43.01000000000001,0.9990280184288173
4302,43.02000000000001,0.9990282850091979
4303,43.03000000000001,0.9990285515335163
4304,43.040000000000006,0.9990288180017857
4305,43.050000000000004,0.9990290844140189
4306,43.06,0.9990293507702294
4307,43.07,0.9990296170704301
4308,43.08,0.9990298833146344
4309,43.089999999999996,0.9990301495028552
4310,43.099999999999994,0.9990304156351056
4311,43.10999999999999,0.999030681711399
4312,43.11999999999999,0.9990309477317482
4313,43.12999999999999,0.9990312136961664
4314,43.139999999999986,0.9990314796046667
4315,43.149999999999984,0.9990317454572623
4316,43.15999999999998,0.999032011253966
4317,43.16999999999998,0.9990322769947911
4318,43.17999999999998,0.9990325426797508
4319,43.189999999999976,0.9990328083088579
4320,43.199999999999974,0.9990330738821255
4321,43.20999999999997,0.9990333393995667
4322,43.21999999999997,0.9990336048611947
4323,43.22999999999997,0.9990338702670223
4324,43.23999999999997,0.9990341356170627
4325,43.249999999999964,0.9990344009113288
4326,43.25999999999996,0.9990346661498337
4327,43.26999999999996,0.9990349313325905
4328,43.27999999999996,0.9990351964596119
4329,43.28999999999996,0.9990354615309114
4330,43.299999999999955,0.9990357265465015
4331,43.30999999999995,0.9990359915063955
4332,43.31999999999995,0.9990362564106063
4333,43.32999999999995,0.9990365212591469
4334,43.33999999999995,0.9990367860520303
4335,43.349999999999945,0.9990370507892693
4336,43.35999999999994,0.9990373154708772
4337,43.36999999999994,0.9990375800968665
4338,43.37999999999994,0.9990378446672505
4339,43.38999999999994,0.9990381091820422
4340,43.399999999999935,0.9990383736412543
4341,43.40999999999993,0.9990386380448997
4342,43.41999999999993,0.9990389023929915
4343,43.42999999999993,0.9990391666855427
4344,43.43999999999993,0.999039430922566
4345,43.449999999999925,0.9990396951040744
4346,43.45999999999992,0.9990399592300808
4347,43.46999999999992,0.9990402233005982
4348,43.47999999999992,0.9990404873156392
4349,43.48999999999992,0.9990407512752171
4350,43.499999999999915,0.9990410151793444
4351,43.50999999999991,0.9990412790280342
4352,43.51999999999991,0.9990415428212992
4353,43.52999999999991,0.9990418065591525
4354,43.53999999999991,0.9990420702416067
4355,43.549999999999905,0.9990423338686749
4356,43.5599999999999,0.9990425974403698
4357,43.5699999999999,0.9990428609567042
4358,43.5799999999999,0.999043124417691
4359,43.5899999999999,0.9990433878233431
4360,43.599999999999895,0.9990436511736732
4361,43.60999999999989,0.9990439144686942
4362,43.61999999999989,0.9990441777084188
4363,43.62999999999989,0.9990444408928599
4364,43.63999999999989,0.9990447040220303
4365,43.649999999999885,0.9990449670959427
4366,43.65999999999988,0.9990452301146099
4367,43.66999999999988,0.9990454930780448
4368,43.67999999999988,0.9990457559862601
4369,43.68999999999988,0.9990460188392686
4370,43.699999999999875,0.999046281637083
4371,43.70999999999987,0.9990465443797161
4372,43.71999999999987,0.9990468070671806
4373,43.72999999999987,0.9990470696994894
4374,43.73999999999987,0.9990473322766551
4375,43.749999999999865,0.9990475947986904
4376,43.75999999999986,0.9990478572656082
4377,43.76999999999986,0.999048119677421
4378,43.77999999999986,0.9990483820341416
4379,43.78999999999986,0.9990486443357829
4380,43.799999999999855,0.9990489065823573
4381,43.80999999999985,0.9990491687738777
4382,43.81999999999985,0.9990494309103568
4383,43.82999999999985,0.9990496929918071
4384,43.83999999999985,0.9990499550182416
4385,43.849999999999845,0.9990502169896726
4386,43.85999999999984,0.999050478906113
4387,43.86999999999984,0.9990507407675755
4388,43.87999999999984,0.9990510025740726
4389,43.88999999999984,0.9990512643256171
4390,43.899999999999835,0.9990515260222215
4391,43.90999999999983,0.9990517876638986
4392,43.91999999999983,0.9990520492506608
4393,43.92999999999983,0.9990523107825211
4394,43.93999999999983,0.9990525722594917
4395,43.949999999999825,0.9990528336815856
4396,43.95999999999982,0.9990530950488152
4397,43.96999999999982,0.9990533563611932
4398,43.97999999999982,0.999053617618732
4399,43.98999999999982,0.9990538788214445
4400,43.999999999999815,0.9990541399693431
4401,44.00999999999981,0.9990544010624404
4402,44.01999999999981,0.999054662100749
4403,44.02999999999981,0.9990549230842815
4404,44.03999999999981,0.9990551840130504
4405,44.049999999999805,0.9990554448870682
4406,44.0599999999998,0.9990557057063477
4407,44.0699999999998,0.9990559664709013
4408,44.0799999999998,0.9990562271807415
4409,44.0899999999998,0.999056487835881
4410,44.099999999999795,0.9990567484363321
4411,44.10999999999979,0.9990570089821075
4412,44.11999999999979,0.9990572694732197
4413,44.12999999999979,0.9990575299096811
4414,44.13999999999979,0.9990577902915044
4415,44.149999999999785,0.999058050618702
4416,44.15999999999978,0.9990583108912864
4417,44.16999999999978,0.9990585711092701
4418,44.17999999999978,0.9990588312726655
4419,44.18999999999978,0.9990590913814852
4420,44.199999999999775,0.9990593514357416
4421,44.20999999999977,0.9990596114354474
4422,44.21999999999977,0.9990598713806148
4423,44.22999999999977,0.9990601312712563
4424,44.23999999999977,0.9990603911073843
4425,44.249999999999766,0.9990606508890115
4426,44.25999999999976,0.9990609106161501
4427,44.26999999999976,0.9990611702888127
4428,44.27999999999976,0.9990614299070116
4429,44.28999999999976,0.9990616894707592
4430,44.299999999999756,0.9990619489800682
4431,44.309999999999754,0.9990622084349506
4432,44.31999999999975,0.9990624678354192
4433,44.32999999999975,0.9990627271814861
4434,44.33999999999975,0.9990629864731639
4435,44.349999999999746,0.999063245710465
4436,44.359999999999744,0.9990635048934016
4437,44.36999999999974,0.9990637640219862
4438,44.37999999999974,0.9990640230962312
4439,44.38999999999974,0.9990642821161488
4440,44.399999999999736,0.9990645410817517
4441,44.409999999999734,0.9990647999930519
4442,44.41999999999973,0.999065058850062
4443,44.42999999999973,0.9990653176527943
4444,44.43999999999973,0.9990655764012609
4445,44.449999999999726,0.9990658350954745
4446,44.459999999999724,0.9990660937354473
4447,44.46999999999972,0.9990663523211915
4448,44.47999999999972,0.9990666108527195
4449,44.48999999999972,0.9990668693300437
4450,44.499999999999716,0.9990671277531764
4451,44.509999999999714,0.9990673861221298
4452,44.51999999999971,0.9990676444369161
4453,44.52999999999971,0.9990679026975479
4454,44.53999999999971,0.9990681609040373
4455,44.549999999999706,0.9990684190563965
4456,44.559999999999704,0.999068677154638
4457,44.5699999999997,0.9990689351987739
4458,44.5799999999997,0.9990691931888165
4459,44.5899999999997,0.9990694511247781
4460,44.599999999999696,0.9990697090066709
4461,44.609999999999694,0.9990699668345072
4462,44.61999999999969,0.9990702246082993
4463,44.62999999999969,0.9990704823280593
4464,44.63999999999969,0.9990707399937995
4465,44.649999999999686,0.9990709976055321
4466,44.659999999999684,0.9990712551632693
4467,44.66999999999968,0.9990715126670234
4468,44.67999999999968,0.9990717701168066
4469,44.68999999999968,0.999072027512631
4470,44.699999999999676,0.9990722848545089
4471,44.709999999999674,0.9990725421424526
4472,44.71999999999967,0.999072799376474
4473,44.72999999999967,0.9990730565565855
4474,44.73999999999967,0.9990733136827992
4475,44.749999999999666,0.9990735707551273
4476,44.759999999999664,0.9990738277735819
4477,44.76999999999966,0.9990740847381753
4478,44.77999999999966,0.9990743416489195
4479,44.78999999999966,0.9990745985058267
4480,44.799999999999656,0.9990748553089092
4481,44.809999999999654,0.9990751120581789
4482,44.81999999999965,0.9990753687536481
4483,44.82999999999965,0.9990756253953289
4484,44.83999999999965,0.9990758819832333
4485,44.849999999999646,0.9990761385173736
4486,44.859999999999644,0.9990763949977618
4487,44.86999999999964,0.99907665142441
4488,44.87999999999964,0.9990769077973304
4489,44.88999999999964,0.999077164116535
4490,44.899999999999636,0.999077420382036
4491,44.909999999999634,0.9990776765938453
4492,44.91999999999963,0.9990779327519752
4493,44.92999999999963,0.9990781888564376
4494,44.93999999999963,0.9990784449072446
4495,44.949999999999626,0.9990787009044084
4496,44.959999999999624,0.9990789568479409
4497,44.96999999999962,0.9990792127378543
4498,44.97999999999962,0.9990794685741605
4499,44.98999999999962,0.9990797243568715
4500,44.999999999999616,0.9990799800859996
4501,45.009999999999614,0.9990802357615567
4502,45.01999999999961,0.9990804913835547
4503,45.02999999999961,0.9990807469520058
4504,45.03999999999961,0.9990810024669219
4505,45.049999999999606,0.9990812579283151
4506,45.059999999999604,0.9990815133361973
4507,45.0699999999996,0.9990817686905806
4508,45.0799999999996,0.999082023991477
4509,45.0899999999996,0.9990822792388984
4510,45.099999999999596,0.9990825344328569
4511,45.109999999999594,0.9990827895733643
4512,45.11999999999959,0.9990830446604327
4513,45.12999999999959,0.9990832996940742
4514,45.13999999999959,0.9990835546743004
4515,45.14999999999959,0.9990838096011236
4516,45.159999999999584,0.9990840644745557
4517,45.16999999999958,0.9990843192946084
4518,45.17999999999958,0.9990845740612939
4519,45.18999999999958,0.9990848287746241
4520,45.19999999999958,0.9990850834346109
4521,45.209999999999575,0.9990853380412662
4522,45.21999999999957,0.9990855925946018
4523,45.22999999999957,0.9990858470946299
4524,45.23999999999957,0.9990861015413622
4525,45.24999999999957,0.9990863559348108
4526,45.259999999999565,0.9990866102749874
4527,45.26999999999956,0.9990868645619039
4528,45.27999999999956,0.9990871187955722
4529,45.28999999999956,0.9990873729760044
4530,45.29999999999956,0.9990876271032121
4531,45.309999999999555,0.9990878811772073
4532,45.31999999999955,0.9990881351980019
4533,45.32999999999955,0.9990883891656077
4534,45.33999999999955,0.9990886430800366
4535,45.34999999999955,0.9990888969413004
4536,45.359999999999545,0.9990891507494111
4537,45.36999999999954,0.9990894045043803
4538,45.37999999999954,0.9990896582062201
4539,45.38999999999954,0.999089911854942
4540,45.39999999999954,0.9990901654505582
4541,45.409999999999535,0.9990904189930803
4542,45.41999999999953,0.9990906724825201
4543,45.42999999999953,0.9990909259188895
4544,45.43999999999953,0.9990911793022004
4545,45.44999999999953,0.9990914326324642
4546,45.459999999999525,0.9990916859096932
4547,45.46999999999952,0.999091939133899
4548,45.47999999999952,0.9990921923050933
4549,45.48999999999952,0.9990924454232879
4550,45.49999999999952,0.9990926984884946
4551,45.509999999999515,0.9990929515007252
4552,45.51999999999951,0.9990932044599915
4553,45.52999999999951,0.9990934573663052
4554,45.53999999999951,0.999093710219678
4555,45.54999999999951,0.9990939630201218
4556,45.559999999999505,0.9990942157676481
4557,45.5699999999995,0.9990944684622689
4558,45.5799999999995,0.9990947211039958
4559,45.5899999999995,0.9990949736928406
4560,45.5999999999995,0.999095226228815
4561,45.609999999999495,0.9990954787119306
4562,45.61999999999949,0.9990957311421993
4563,45.62999999999949,0.9990959835196327
4564,45.63999999999949,0.9990962358442425
4565,45.64999999999949,0.9990964881160405
4566,45.659999999999485,0.9990967403350381
4567,45.66999999999948,0.9990969925012474
4568,45.67999999999948,0.9990972446146799
4569,45.68999999999948,0.9990974966753472
4570,45.69999999999948,0.9990977486832611
4571,45.709999999999475,0.9990980006384331
4572,45.71999999999947,0.999098252540875
4573,45.72999999999947,0.9990985043905986
4574,45.73999999999947,0.9990987561876151
4575,45.74999999999947,0.9990990079319366
4576,45.759999999999465,0.9990992596235746
4577,45.76999999999946,0.9990995112625406
4578,45.77999999999946,0.9990997628488464
4579,45.78999999999946,0.9991000143825035
4580,45.79999999999946,0.9991002658635237
4581,45.809999999999455,0.9991005172919184
4582,45.81999999999945,0.9991007686676994
4583,45.82999999999945,0.9991010199908782
4584,45.83999999999945,0.9991012712614664
4585,45.84999999999945,0.9991015224794756
4586,45.859999999999445,0.9991017736449175
4587,45.86999999999944,0.9991020247578035
4588,45.87999999999944,0.9991022758181453
4589,45.88999999999944,0.9991025268259545
4590,45.89999999999944,0.9991027777812426
4591,45.909999999999435,0.9991030286840212
4592,45.91999999999943,0.9991032795343019
4593,45.92999999999943,0.9991035303320962
4594,45.93999999999943,0.9991037810774156
4595,45.94999999999943,0.9991040317702717
4596,45.959999999999425,0.9991042824106762
4597,45.96999999999942,0.9991045329986403
4598,45.97999999999942,0.9991047835341759
4599,45.98999999999942,0.9991050340172942
4600,45.99999999999942,0.9991052844480071
4601,46.009999999999415,0.9991055348263256
4602,46.01999999999941,0.9991057851522617
4603,46.02999999999941,0.9991060354258265
4604,46.03999999999941,0.999106285647032
4605,46.04999999999941,0.9991065358158892
4606,46.059999999999405,0.9991067859324098
4607,46.0699999999994,0.9991070359966053
4608,46.0799999999994,0.9991072860084872
4609,46.0899999999994,0.9991075359680669
4610,46.0999999999994,0.9991077858753559
4611,46.109999999999395,0.9991080357303657
4612,46.11999999999939,0.9991082855331077
4613,46.12999999999939,0.9991085352835934
4614,46.13999999999939,0.9991087849818343
4615,46.14999999999939,0.9991090346278417
4616,46.159999999999386,0.9991092842216273
4617,46.16999999999938,0.9991095337632022
4618,46.17999999999938,0.999109783252578
4619,46.18999999999938,0.9991100326897663
4620,46.19999999999938,0.9991102820747783
4621,46.209999999999376,0.9991105314076253
4622,46.219999999999374,0.999110780688319
4623,46.22999999999937,0.9991110299168707
4624,46.23999999999937,0.9991112790932919
4625,46.24999999999937,0.9991115282175937
4626,46.259999999999366,0.9991117772897877
4627,46.269999999999364,0.9991120263098854
4628,46.27999999999936,0.999112275277898
4629,46.28999999999936,0.9991125241938369
4630,46.29999999999936,0.9991127730577135
4631,46.309999999999356,0.9991130218695392
4632,46.319999999999354,0.9991132706293253
4633,46.32999999999935,0.9991135193370833
4634,46.33999999999935,0.9991137679928244
4635,46.34999999999935,0.9991140165965599
4636,46.359999999999346,0.9991142651483013
4637,46.369999999999344,0.9991145136480598
4638,46.37999999999934,0.9991147620958469
4639,46.38999999999934,0.9991150104916738
4640,46.39999999999934,0.999115258835552
4641,46.409999999999336,0.9991155071274925
4642,46.419999999999334,0.9991157553675069
4643,46.42999999999933,0.9991160035556064
4644,46.43999999999933,0.9991162516918023
4645,46.44999999999933,0.9991164997761058
4646,46.459999999999326,0.9991167478085284
4647,46.469999999999324,0.9991169957890814
4648,46.47999999999932,0.9991172437177759
4649,46.48999999999932,0.9991174915946233
4650,46.49999999999932,0.9991177394196348
4651,46.509999999999316,0.9991179871928216
4652,46.519999999999314,0.9991182349141952
4653,46.52999999999931,0.9991184825837667
4654,46.53999999999931,0.9991187302015474
4655,46.54999999999931,0.9991189777675485
4656,46.559999999999306,0.9991192252817814
4657,46.569999999999304,0.9991194727442572
4658,46.5799999999993,0.9991197201549871
4659,46.5899999999993,0.9991199675139825
4660,46.5999999999993,0.9991202148212545
4661,46.609999999999296,0.9991204620768143
4662,46.619999999999294,0.9991207092806732
4663,46.62999999999929,0.9991209564328424
4664,46.63999999999929,0.999121203533333
4665,46.64999999999929,0.9991214505821564
4666,46.659999999999286,0.9991216975793236
4667,46.669999999999284,0.9991219445248459
4668,46.67999999999928,0.9991221914187346
4669,46.68999999999928,0.9991224382610007
4670,46.69999999999928,0.9991226850516554
4671,46.709999999999276,0.9991229317907099
4672,46.719999999999274,0.9991231784781753
4673,46.72999999999927,0.999123425114063
4674,46.73999999999927,0.999123671698384
4675,46.74999999999927,0.9991239182311494
4676,46.759999999999266,0.9991241647123704
4677,46.769999999999264,0.9991244111420583
4678,46.77999999999926,0.999124657520224
4679,46.78999999999926,0.9991249038468788
4680,46.79999999999926,0.9991251501220336
4681,46.809999999999256,0.9991253963456999
4682,46.819999999999254,0.9991256425178886
4683,46.82999999999925,0.9991258886386107
4684,46.83999999999925,0.9991261347078776
4685,46.84999999999925,0.9991263807257001
4686,46.859999999999246,0.9991266266920896
4687,46.869999999999244,0.999126872607057
4688,46.87999999999924,0.9991271184706135
4689,46.88999999999924,0.9991273642827702
4690,46.89999999999924,0.999127610043538
4691,46.909999999999236,0.9991278557529282
4692,46.919999999999234,0.9991281014109518
4693,46.92999999999923,0.9991283470176198
4694,46.93999999999923,0.9991285925729433
4695,46.94999999999923,0.9991288380769333
4696,46.959999999999226,0.9991290835296011
4697,46.969999999999224,0.9991293289309575
4698,46.97999999999922,0.9991295742810137
4699,46.98999999999922,0.9991298195797806
4700,46.99999999999922,0.9991300648272694
4701,47.009999999999216,0.9991303100234911
4702,47.019999999999214,0.9991305551684566
4703,47.02999999999921,0.9991308002621769
4704,47.03999999999921,0.9991310453046633
4705,47.04999999999921,0.9991312902959266
4706,47.05999999999921,0.9991315352359778
4707,47.069999999999204,0.999131780124828
4708,47.0799999999992,0.999132024962488
4709,47.0899999999992,0.9991322697489691
4710,47.0999999999992,0.9991325144842821
4711,47.1099999999992,0.999132759168438
4712,47.119999999999195,0.9991330038014478
4713,47.12999999999919,0.9991332483833225
4714,47.13999999999919,0.999133492914073
4715,47.14999999999919,0.9991337373937104
4716,47.15999999999919,0.9991339818222456
4717,47.169999999999185,0.9991342261996895
4718,47.17999999999918,0.9991344705260531
4719,47.18999999999918,0.9991347148013473
4720,47.19999999999918,0.9991349590255831
4721,47.20999999999918,0.9991352031987715
4722,47.219999999999175,0.9991354473209233
4723,47.22999999999917,0.9991356913920495
4724,47.23999999999917,0.9991359354121611
4725,47.24999999999917,0.9991361793812689
4726,47.25999999999917,0.9991364232993838
4727,47.269999999999165,0.9991366671665168
4728,47.27999999999916,0.9991369109826788
4729,47.28999999999916,0.9991371547478807
4730,47.29999999999916,0.9991373984621333
4731,47.30999999999916,0.9991376421254476
4732,47.319999999999155,0.9991378857378346
4733,47.32999999999915,0.9991381292993049
4734,47.33999999999915,0.9991383728098696
4735,47.34999999999915,0.9991386162695395
4736,47.35999999999915,0.9991388596783255
4737,47.369999999999145,0.9991391030362383
4738,47.37999999999914,0.999139346343289
4739,47.38999999999914,0.9991395895994885
4740,47.39999999999914,0.9991398328048473
4741,47.40999999999914,0.9991400759593765
4742,47.419999999999135,0.999140319063087
4743,47.42999999999913,0.9991405621159895
4744,47.43999999999913,0.9991408051180948
4745,47.44999999999913,0.9991410480694138
4746,47.45999999999913,0.9991412909699575
4747,47.469999999999125,0.9991415338197365
4748,47.47999999999912,0.9991417766187616
4749,47.48999999999912,0.9991420193670437
4750,47.49999999999912,0.9991422620645936
4751,47.50999999999912,0.9991425047114221
4752,47.519999999999115,0.9991427473075399
4753,47.52999999999911,0.999142989852958
4754,47.53999999999911,0.9991432323476871
4755,47.54999999999911,0.9991434747917378
4756,47.55999999999911,0.9991437171851212
4757,47.569999999999105,0.9991439595278478
4758,47.5799999999991,0.9991442018199286
4759,47.5899999999991,0.999144444061374
4760,47.5999999999991,0.9991446862521953
4761,47.6099999999991,0.9991449283924028
4762,47.619999999999095,0.9991451704820075
4763,47.62999999999909,0.9991454125210201
4764,47.63999999999909,0.9991456545094511
4765,47.64999999999909,0.9991458964473117
4766,47.65999999999909,0.9991461383346123
4767,47.669999999999085,0.9991463801713637
4768,47.67999999999908,0.9991466219575766
4769,47.68999999999908,0.9991468636932618
4770,47.69999999999908,0.99914710537843
4771,47.70999999999908,0.9991473470130919
4772,47.719999999999075,0.9991475885972582
4773,47.72999999999907,0.9991478301309396
4774,47.73999999999907,0.9991480716141468
4775,47.74999999999907,0.9991483130468904
4776,47.75999999999907,0.9991485544291814
4777,47.769999999999065,0.9991487957610301
4778,47.77999999999906,0.9991490370424475
4779,47.78999999999906,0.999149278273444
4780,47.79999999999906,0.9991495194540304
4781,47.80999999999906,0.9991497605842175
4782,47.819999999999055,0.9991500016640158
4783,47.82999999999905,0.9991502426934359
4784,47.83999999999905,0.9991504836724886
4785,47.84999999999905,0.9991507246011845
4786,47.85999999999905,0.9991509654795343
4787,47.869999999999045,0.9991512063075485
4788,47.87999999999904,0.9991514470852378
4789,47.88999999999904,0.999151687812613
4790,47.89999999999904,0.9991519284896845
4791,47.90999999999904,0.999152169116463
4792,47.919999999999035,0.9991524096929592
4793,47.92999999999903,0.9991526502191834
4794,47.93999999999903,0.9991528906951467
4795,47.94999999999903,0.9991531311208594
4796,47.95999999999903,0.9991533714963321
4797,47.969999999999025,0.9991536118215755
4798,47.97999999999902,0.9991538520966001
4799,47.98999999999902,0.9991540923214166
4800,47.99999999999902,0.9991543324960355
4801,48.00999999999902,0.9991545726204674
4802,48.019999999999015,0.9991548126947228
4803,48.02999999999901,0.9991550527188124
4804,48.03999999999901,0.9991552926927467
4805,48.04999999999901,0.9991555326165363
4806,48.05999999999901,0.9991557724901917
4807,48.069999999999006,0.9991560123137235
4808,48.079999999999,0.9991562520871422
4809,48.089999999999,0.9991564918104584
4810,48.099999999999,0.9991567314836826
4811,48.109999999999,0.9991569711068253
4812,48.119999999998996,0.9991572106798972
4813,48.129999999998994,0.9991574502029087
4814,48.13999999999899,0.9991576896758703
4815,48.14999999999899,0.9991579290987924
4816,48.15999999999899,0.9991581684716858
4817,48.169999999998986,0.9991584077945609
4818,48.179999999998984,0.9991586470674282
4819,48.18999999999898,0.999158886290298
4820,48.19999999999898,0.9991591254631812
4821,48.20999999999898,0.9991593645860879
4822,48.219999999998976,0.9991596036590288
4823,48.229999999998974,0.9991598426820144
4824,48.23999999999897,0.999160081655055
4825,48.24999999999897,0.9991603205781613
4826,48.25999999999897,0.9991605594513436
4827,48.269999999998966,0.9991607982746125
4828,48.279999999998964,0.9991610370479783
4829,48.28999999999896,0.9991612757714515
4830,48.29999999999896,0.9991615144450428
4831,48.30999999999896,0.9991617530687622
4832,48.319999999998956,0.9991619916426205
4833,48.329999999998954,0.9991622301666281
4834,48.33999999999895,0.9991624686407953
4835,48.34999999999895,0.9991627070651327
4836,48.35999999999895,0.9991629454396505
4837,48.369999999998946,0.9991631837643593
4838,48.379999999998944,0.9991634220392694
4839,48.38999999999894,0.9991636602643914
4840,48.39999999999894,0.9991638984397355
4841,48.40999999999894,0.9991641365653122
4842,48.419999999998936,0.999164374641132
4843,48.429999999998934,0.9991646126672051
4844,48.43999999999893,0.999164850643542
4845,48.44999999999893,0.9991650885701532
4846,48.45999999999893,0.9991653264470488
4847,48.469999999998926,0.9991655642742394
4848,48.479999999998924,0.9991658020517353
4849,48.48999999999892,0.999166039779547
4850,48.49999999999892,0.9991662774576846
4851,48.50999999999892,0.9991665150861587
4852,48.519999999998916,0.9991667526649796
4853,48.529999999998914,0.9991669901941577
4854,48.53999999999891,0.9991672276737031
4855,48.54999999999891,0.9991674651036264
4856,48.55999999999891,0.9991677024839379
4857,48.569999999998906,0.9991679398146479
4858,48.579999999998904,0.9991681770957668
4859,48.5899999999989,0.9991684143273049
4860,48.5999999999989,0.9991686515092724
4861,48.6099999999989,0.9991688886416797
4862,48.619999999998896,0.9991691257245372
4863,48.629999999998894,0.9991693627578551
4864,48.63999999999889,0.9991695997416438
4865,48.64999999999889,0.9991698366759135
4866,48.65999999999889,0.9991700735606746
4867,48.669999999998886,0.9991703103959373
4868,48.679999999998884,0.999170547181712
4869,48.68999999999888,0.999170783918009
4870,48.69999999999888,0.9991710206048383
4871,48.70999999999888,0.9991712572422106
4872,48.719999999998876,0.9991714938301358
4873,48.729999999998874,0.9991717303686245
4874,48.73999999999887,0.9991719668576867
4875,48.74999999999887,0.9991722032973328
4876,48.75999999999887,0.999172439687573
4877,48.769999999998866,0.9991726760284175
4878,48.779999999998864,0.9991729123198767
4879,48.78999999999886,0.9991731485619608
4880,48.79999999999886,0.99917338475468
4881,48.80999999999886,0.9991736208980445
4882,48.819999999998856,0.9991738569920646
4883,48.829999999998854,0.9991740930367505
4884,48.83999999999885,0.9991743290321125
4885,48.84999999999885,0.9991745649781606
4886,48.85999999999885,0.9991748008749052
4887,48.869999999998846,0.9991750367223565
4888,48.879999999998844,0.9991752725205247
4889,48.88999999999884,0.99917550826942
4890,48.89999999999884,0.9991757439690525
4891,48.90999999999884,0.9991759796194326
4892,48.919999999998836,0.9991762152205703
4893,48.929999999998834,0.9991764507724759
4894,48.93999999999883,0.9991766862751594
4895,48.94999999999883,0.9991769217286313
4896,48.95999999999883,0.9991771571329015
4897,48.96999999999883,0.9991773924879802
4898,48.979999999998824,0.9991776277938778
4899,48.98999999999882,0.9991778630506041
4900,48.99999999999882,0.9991780982581695
4901,49.00999999999882,0.9991783334165841
4902,49.01999999999882,0.9991785685258581
4903,49.029999999998815,0.9991788035860015
4904,49.03999999999881,0.9991790385970246
4905,49.04999999999881,0.9991792735589375
4906,49.05999999999881,0.9991795084717503
4907,49.06999999999881,0.9991797433354731
4908,49.079999999998805,0.999179978150116
4909,49.0899999999988,0.9991802129156893
4910,49.0999999999988,0.9991804476322028
4911,49.1099999999988,0.999180682299667
4912,49.1199999999988,0.9991809169180917
4913,49.129999999998795,0.9991811514874871
4914,49.13999999999879,0.9991813860078634
4915,49.14999999999879,0.9991816204792305
4916,49.15999999999879,0.9991818549015987
4917,49.16999999999879,0.9991820892749781
4918,49.179999999998785,0.9991823235993785
4919,49.18999999999878,0.9991825578748101
4920,49.19999999999878,0.9991827921012832
4921,49.20999999999878,0.9991830262788076
4922,49.21999999999878,0.9991832604073936
4923,49.229999999998775,0.999183494487051
4924,49.23999999999877,0.99918372851779
4925,49.24999999999877,0.9991839624996206
4926,49.25999999999877,0.999184196432553
4927,49.26999999999877,0.9991844303165971
4928,49.279999999998765,0.999184664151763
4929,49.28999999999876,0.9991848979380606
4930,49.29999999999876,0.9991851316755003
4931,49.30999999999876,0.9991853653640917
4932,49.31999999999876,0.9991855990038451
4933,49.329999999998755,0.9991858325947703
4934,49.33999999999875,0.9991860661368777
4935,49.34999999999875,0.9991862996301768
4936,49.35999999999875,0.9991865330746781
4937,49.36999999999875,0.9991867664703913
4938,49.379999999998745,0.9991869998173264
4939,49.38999999999874,0.9991872331154936
4940,49.39999999999874,0.9991874663649027
4941,49.40999999999874,0.9991876995655639
4942,49.41999999999874,0.999187932717487
4943,49.429999999998735,0.999188165820682
4944,49.43999999999873,0.999188398875159
4945,49.44999999999873,0.9991886318809278
4946,49.45999999999873,0.9991888648379984
4947,49.46999999999873,0.999189097746381
4948,49.479999999998725,0.9991893306060853
4949,49.48999999999872,0.9991895634171213
4950,49.49999999999872,0.9991897961794991
4951,49.50999999999872,0.9991900288932285
4952,49.51999999999872,0.9991902615583195
4953,49.529999999998715,0.999190494174782
4954,49.53999999999871,0.999190726742626
4955,49.54999999999871,0.9991909592618614
4956,49.55999999999871,0.9991911917324983
4957,49.56999999999871,0.9991914241545463
4958,49.579999999998705,0.9991916565280154
4959,49.5899999999987,0.9991918888529158
4960,49.5999999999987,0.9991921211292571
4961,49.6099999999987,0.9991923533570495
4962,49.6199999999987,0.9991925855363025
4963,49.629999999998695,0.9991928176670264
4964,49.63999999999869,0.999193049749231
4965,49.64999999999869,0.9991932817829259
4966,49.65999999999869,0.9991935137681214
4967,49.66999999999869,0.9991937457048271
4968,49.679999999998685,0.9991939775930531
4969,49.68999999999868,0.999194209432809
4970,49.69999999999868,0.9991944412241051
4971,49.70999999999868,0.9991946729669507
4972,49.71999999999868,0.9991949046613562
4973,49.729999999998675,0.9991951363073311
4974,49.73999999999867,0.9991953679048855
4975,49.74999999999867,0.9991955994540291
4976,49.75999999999867,0.9991958309547719
4977,49.76999999999867,0.9991960624071236
4978,49.779999999998665,0.9991962938110941
4979,49.78999999999866,0.9991965251666931
4980,49.79999999999866,0.9991967564739307
4981,49.80999999999866,0.9991969877328166
4982,49.81999999999866,0.9991972189433606
4983,49.829999999998655,0.9991974501055725
4984,49.83999999999865,0.9991976812194622
4985,49.84999999999865,0.9991979122850395
4986,49.85999999999865,0.9991981433023142
4987,49.86999999999865,0.9991983742712961
4988,49.879999999998645,0.999198605191995
4989,49.88999999999864,0.9991988360644206
4990,49.89999999999864,0.9991990668885828
4991,49.90999999999864,0.9991992976644916
4992,49.91999999999864,0.9991995283921564
4993,49.929999999998635,0.9991997590715872
4994,49.93999999999863,0.9991999897027938
4995,49.94999999999863,0.9992002202857858
4996,49.95999999999863,0.9992004508205732
4997,49.96999999999863,0.9992006813071656
4998,49.979999999998626,0.9992009117455728
4999,49.98999999999862,0.9992011421358047
5000,49.99999999999862,0.9992013724778708
5001,50.00999999999862,0.999201602771781
5002,50.01999999999862,0.9992018330175451
5003,50.029999999998616,0.9992020632151728
5004,50.039999999998614,0.9992022933646738
5005,50.04999999999861,0.9992025234660578
5006,50.05999999999861,0.9992027535193346
5007,50.06999999999861,0.999202983524514
5008,50.079999999998606,0.9992032134816057
5009,50.089999999998604,0.9992034433906193
5010,50.0999999999986,0.9992036732515646
5011,50.1099999999986,0.9992039030644512
5012,50.1199999999986,0.999204132829289
5013,50.129999999998596,0.9992043625460877
5014,50.139999999998594,0.9992045922148568
5015,50.14999999999859,0.9992048218356061
5016,50.15999999999859,0.9992050514083454
5017,50.16999999999859,0.9992052809330842
5018,50.179999999998586,0.9992055104098325
5019,50.189999999998584,0.9992057398385996
5020,50.19999999999858,0.9992059692193954
5021,50.20999999999858,0.9992061985522296
5022,50.21999999999858,0.9992064278371117
5023,50.229999999998576,0.9992066570740515
5024,50.239999999998574,0.9992068862630586
5025,50.24999999999857,0.9992071154041428
5026,50.25999999999857,0.9992073444973135
5027,50.26999999999857,0.9992075735425806
5028,50.279999999998566,0.9992078025399537
5029,50.289999999998564,0.9992080314894423
5030,50.29999999999856,0.9992082603910561
5031,50.30999999999856,0.9992084892448049
5032,50.31999999999856,0.9992087180506981
5033,50.329999999998556,0.9992089468087455
5034,50.339999999998554,0.9992091755189566
5035,50.34999999999855,0.9992094041813412
5036,50.35999999999855,0.9992096327959087
5037,50.36999999999855,0.9992098613626688
5038,50.379999999998546,0.9992100898816312
5039,50.389999999998544,0.9992103183528054
5040,50.39999999999854,0.9992105467762009
5041,50.40999999999854,0.9992107751518277
5042,50.41999999999854,0.9992110034796949
5043,50.429999999998536,0.9992112317598124
5044,50.439999999998534,0.9992114599921897
5045,50.44999999999853,0.9992116881768365
5046,50.45999999999853,0.9992119163137622
5047,50.46999999999853,0.9992121444029763
5048,50.479999999998526,0.9992123724444887
5049,50.489999999998524,0.9992126004383087
5050,50.49999999999852,0.999212828384446
5051,50.50999999999852,0.9992130562829101
5052,50.51999999999852,0.9992132841337106
5053,50.529999999998516,0.9992135119368569
5054,50.539999999998514,0.9992137396923588
5055,50.54999999999851,0.9992139674002257
5056,50.55999999999851,0.9992141950604672
5057,50.56999999999851,0.9992144226730928
5058,50.579999999998506,0.999214650238112
5059,50.589999999998504,0.9992148777555343
5060,50.5999999999985,0.9992151052253694
5061,50.6099999999985,0.9992153326476266
5062,50.6199999999985,0.9992155600223157
5063,50.629999999998496,0.9992157873494459
5064,50.639999999998494,0.999216014629027
5065,50.64999999999849,0.9992162418610684
5066,50.65999999999849,0.9992164690455795
5067,50.66999999999849,0.9992166961825698
5068,50.679999999998486,0.999216923272049
5069,50.689999999998484,0.9992171503140265
5070,50.69999999999848,0.9992173773085116
5071,50.70999999999848,0.9992176042555141
5072,50.71999999999848,0.9992178311550433
5073,50.729999999998476,0.9992180580071086
5074,50.739999999998474,0.9992182848117197
5075,50.74999999999847,0.999218511568886
5076,50.75999999999847,0.9992187382786167
5077,50.76999999999847,0.9992189649409217
5078,50.779999999998466,0.9992191915558102
5079,50.789999999998464,0.9992194181232917
5080,50.79999999999846,0.9992196446433756
5081,50.80999999999846,0.9992198711160715
5082,50.81999999999846,0.9992200975413886
5083,50.829999999998456,0.9992203239193367
5084,50.839999999998454,0.999220550249925
5085,50.84999999999845,0.9992207765331628
5086,50.85999999999845,0.9992210027690598
5087,50.86999999999845,0.9992212289576253
5088,50.87999999999845,0.9992214550988687
5089,50.889999999998444,0.9992216811927995
5090,50.89999999999844,0.9992219072394272
5091,50.90999999999844,0.999222133238761
5092,50.91999999999844,0.9992223591908103
5093,50.92999999999844,0.9992225850955847
5094,50.939999999998435,0.9992228109530935
5095,50.94999999999843,0.9992230367633461
5096,50.95999999999843,0.9992232625263519
5097,50.96999999999843,0.9992234882421203
5098,50.97999999999843,0.9992237139106606
5099,50.989999999998425,0.9992239395319823
5100,50.99999999999842,0.9992241651060948
5101,51.00999999999842,0.9992243906330073
5102,51.01999999999842,0.9992246161127294
5103,51.02999999999842,0.9992248415452702
5104,51.039999999998415,0.9992250669306394
5105,51.04999999999841,0.999225292268846
5106,51.05999999999841,0.9992255175598996
5107,51.06999999999841,0.9992257428038095
5108,51.07999999999841,0.999225968000585
5109,51.089999999998405,0.9992261931502355
5110,51.0999999999984,0.9992264182527704
5111,51.1099999999984,0.9992266433081989
5112,51.1199999999984,0.9992268683165303
5113,51.1299999999984,0.9992270932777741
5114,51.139999999998395,0.9992273181919396
5115,51.14999999999839,0.999227543059036
5116,51.15999999999839,0.9992277678790727
5117,51.16999999999839,0.9992279926520592
5118,51.17999999999839,0.9992282173780045
5119,51.189999999998385,0.999228442056918
5120,51.19999999999838,0.999228666688809
5121,51.20999999999838,0.999228891273687
5122,51.21999999999838,0.9992291158115612
5123,51.22999999999838,0.9992293403024406
5124,51.239999999998375,0.9992295647463348
5125,51.24999999999837,0.9992297891432532
5126,51.25999999999837,0.9992300134932047
5127,51.26999999999837,0.9992302377961989
5128,51.27999999999837,0.999230462052245
5129,51.289999999998365,0.9992306862613521
5130,51.29999999999836,0.9992309104235297
5131,51.30999999999836,0.9992311345387871
5132,51.31999999999836,0.9992313586071333
5133,51.32999999999836,0.9992315826285777
5134,51.339999999998355,0.9992318066031295
5135,51.34999999999835,0.9992320305307981
5136,51.35999999999835,0.9992322544115926
5137,51.36999999999835,0.9992324782455223
5138,51.37999999999835,0.9992327020325965
5139,51.389999999998345,0.9992329257728243
5140,51.39999999999834,0.999233149466215
5141,51.40999999999834,0.9992333731127779
5142,51.41999999999834,0.9992335967125222
5143,51.42999999999834,0.999233820265457
5144,51.439999999998335,0.9992340437715916
5145,51.44999999999833,0.9992342672309353
5146,51.45999999999833,0.9992344906434972
5147,51.46999999999833,0.9992347140092867
5148,51.47999999999833,0.9992349373283127
5149,51.489999999998325,0.9992351606005846
5150,51.49999999999832,0.9992353838261115
5151,51.50999999999832,0.9992356070049027
5152,51.51999999999832,0.9992358301369674
5153,51.52999999999832,0.9992360532223146
5154,51.539999999998315,0.9992362762609537
5155,51.54999999999831,0.9992364992528937
5156,51.55999999999831,0.999236722198144
5157,51.56999999999831,0.9992369450967136
5158,51.57999999999831,0.9992371679486117
5159,51.589999999998305,0.9992373907538474
5160,51.5999999999983,0.9992376135124301
5161,51.6099999999983,0.9992378362243687
5162,51.6199999999983,0.9992380588896725
5163,51.6299999999983,0.9992382815083506
5164,51.639999999998295,0.9992385040804121
5165,51.64999999999829,0.9992387266058663
5166,51.65999999999829,0.9992389490847222
5167,51.66999999999829,0.999239171516989
5168,51.67999999999829,0.9992393939026759
5169,51.689999999998285,0.9992396162417918
5170,51.69999999999828,0.9992398385343461
5171,51.70999999999828,0.9992400607803478
5172,51.71999999999828,0.9992402829798059
5173,51.72999999999828,0.9992405051327298
5174,51.739999999998275,0.9992407272391283
5175,51.74999999999827,0.9992409492990108
5176,51.75999999999827,0.9992411713123861
5177,51.76999999999827,0.9992413932792636
5178,51.77999999999827,0.9992416151996523
5179,51.789999999998265,0.9992418370735612
5180,51.79999999999826,0.9992420589009995
5181,51.80999999999826,0.9992422806819762
5182,51.81999999999826,0.9992425024165005
5183,51.82999999999826,0.9992427241045814
5184,51.839999999998255,0.999242945746228
5185,51.84999999999825,0.9992431673414494
5186,51.85999999999825,0.9992433888902545
5187,51.86999999999825,0.9992436103926526
5188,51.87999999999825,0.9992438318486527
5189,51.889999999998246,0.9992440532582638
5190,51.89999999999824,0.9992442746214951
5191,51.90999999999824,0.9992444959383554
5192,51.91999999999824,0.999244717208854
5193,51.92999999999824,0.9992449384329999
5194,51.939999999998236,0.999245159610802
5195,51.949999999998234,0.9992453807422694
5196,51.95999999999823,0.9992456018274112
5197,51.96999999999823,0.9992458228662364
5198,51.97999999999823,0.9992460438587542
5199,51.989999999998226,0.9992462648049732
5200,51.999999999998224,0.9992464857049028
5201,52.00999999999822,0.9992467065585519
5202,52.01999999999822,0.9992469273659295
5203,52.02999999999822,0.9992471481270446
5204,52.039999999998216,0.9992473688419063
5205,52.049999999998214,0.9992475895105235
5206,52.05999999999821,0.9992478101329053
5207,52.06999999999821,0.9992480307090607
5208,52.07999999999821,0.9992482512389985
5209,52.089999999998206,0.9992484717227279
5210,52.099999999998204,0.9992486921602578
5211,52.1099999999982,0.9992489125515972
5212,52.1199999999982,0.9992491328967551
5213,52.1299999999982,0.9992493531957405
5214,52.139999999998196,0.9992495734485624
5215,52.149999999998194,0.9992497936552296
5216,52.15999999999819,0.9992500138157512
5217,52.16999999999819,0.9992502339301361
5218,52.17999999999819,0.9992504539983934
5219,52.189999999998186,0.9992506740205319
5220,52.199999999998184,0.9992508939965606
5221,52.20999999999818,0.9992511139264886
5222,52.21999999999818,0.9992513338103246
5223,52.22999999999818,0.9992515536480777
5224,52.239999999998176,0.9992517734397568
5225,52.249999999998174,0.9992519931853708
5226,52.25999999999817,0.9992522128849287
5227,52.26999999999817,0.9992524325384394
5228,52.27999999999817,0.999252652145912
5229,52.289999999998166,0.999252871707355
5230,52.299999999998164,0.9992530912227777
5231,52.30999999999816,0.9992533106921888
5232,52.31999999999816,0.9992535301155974
5233,52.32999999999816,0.9992537494930123
5234,52.339999999998156,0.9992539688244424
5235,52.349999999998154,0.9992541881098966
5236,52.35999999999815,0.9992544073493839
5237,52.36999999999815,0.9992546265429131
5238,52.37999999999815,0.999254845690493
5239,52.389999999998146,0.9992550647921328
5240,52.399999999998144,0.999255283847841
5241,52.40999999999814,0.9992555028576268
5242,52.41999999999814,0.9992557218214988
5243,52.42999999999814,0.9992559407394662
5244,52.439999999998136,0.9992561596115376
5245,52.449999999998134,0.999256378437722
5246,52.45999999999813,0.9992565972180283
5247,52.46999999999813,0.9992568159524652
5248,52.47999999999813,0.9992570346410417
5249,52.489999999998126,0.9992572532837666
5250,52.499999999998124,0.9992574718806487
5251,52.50999999999812,0.9992576904316971
5252,52.51999999999812,0.9992579089369203
5253,52.52999999999812,0.9992581273963274
5254,52.539999999998116,0.9992583458099271
5255,52.549999999998114,0.9992585641777283
5256,52.55999999999811,0.9992587824997398
5257,52.56999999999811,0.9992590007759704
5258,52.57999999999811,0.9992592190064291
5259,52.589999999998106,0.9992594371911244
5260,52.599999999998104,0.9992596553300654
5261,52.6099999999981,0.999259873423261
5262,52.6199999999981,0.9992600914707196
5263,52.6299999999981,0.9992603094724503
5264,52.639999999998096,0.9992605274284618
5265,52.649999999998094,0.9992607453387631
5266,52.65999999999809,0.9992609632033628
5267,52.66999999999809,0.9992611810222697
5268,52.67999999999809,0.9992613987954927
5269,52.689999999998086,0.9992616165230405
5270,52.699999999998084,0.999261834204922
5271,52.70999999999808,0.9992620518411458
5272,52.71999999999808,0.9992622694317208
5273,52.72999999999808,0.9992624869766558
5274,52.739999999998076,0.9992627044759594
5275,52.749999999998074,0.9992629219296406
5276,52.75999999999807,0.999263139337708
5277,52.76999999999807,0.9992633567001705
5278,52.77999999999807,0.9992635740170368
5279,52.78999999999807,0.9992637912883156
5280,52.799999999998064,0.9992640085140156
5281,52.80999999999806,0.9992642256941459
5282,52.81999999999806,0.9992644428287147
5283,52.82999999999806,0.9992646599177313
5284,52.83999999999806,0.9992648769612039
5285,52.849999999998055,0.9992650939591416
5286,52.85999999999805,0.9992653109115531
5287,52.86999999999805,0.9992655278184471
5288,52.87999999999805,0.9992657446798323
5289,52.88999999999805,0.9992659614957173
5290,52.899999999998045,0.9992661782661111
5291,52.90999999999804,0.9992663949910221
5292,52.91999999999804,0.9992666116704593
5293,52.92999999999804,0.9992668283044311
5294,52.93999999999804,0.9992670448929466
5295,52.949999999998035,0.9992672614360142
5296,52.95999999999803,0.9992674779336427
5297,52.96999999999803,0.9992676943858407
5298,52.97999999999803,0.9992679107926171
5299,52.98999999999803,0.9992681271539804
5300,52.999999999998025,0.9992683434699394
5301,53.00999999999802,0.9992685597405028
5302,53.01999999999802,0.9992687759656791
5303,53.02999999999802,0.9992689921454772
5304,53.03999999999802,0.9992692082799055
5305,53.049999999998015,0.999269424368973
5306,53.05999999999801,0.9992696404126882
5307,53.06999999999801,0.9992698564110597
5308,53.07999999999801,0.9992700723640964
5309,53.08999999999801,0.9992702882718066
5310,53.099999999998005,0.9992705041341993
5311,53.109999999998,0.9992707199512829
5312,53.119999999998,0.9992709357230661
5313,53.129999999998,0.9992711514495577
5314,53.139999999998,0.9992713671307663
5315,53.149999999997995,0.9992715827667004
5316,53.15999999999799,0.9992717983573687
5317,53.16999999999799,0.9992720139027798
5318,53.17999999999799,0.9992722294029424
5319,53.18999999999799,0.999272444857865
5320,53.199999999997985,0.9992726602675565
5321,53.20999999999798,0.9992728756320253
5322,53.21999999999798,0.9992730909512799
5323,53.22999999999798,0.9992733062253293
5324,53.23999999999798,0.9992735214541817
5325,53.249999999997975,0.9992737366378459
5326,53.25999999999797,0.9992739517763305
5327,53.26999999999797,0.9992741668696441
5328,53.27999999999797,0.9992743819177953
5329,53.28999999999797,0.9992745969207926
5330,53.299999999997965,0.9992748118786446
5331,53.30999999999796,0.9992750267913602
5332,53.31999999999796,0.9992752416589475
5333,53.32999999999796,0.9992754564814154
5334,53.33999999999796,0.9992756712587724
5335,53.349999999997955,0.999275885991027
5336,53.35999999999795,0.9992761006781878
5337,53.36999999999795,0.9992763153202635
5338,53.37999999999795,0.9992765299172626
5339,53.38999999999795,0.9992767444691936
5340,53.399999999997945,0.999276958976065
5341,53.40999999999794,0.9992771734378855
5342,53.41999999999794,0.9992773878546636
5343,53.42999999999794,0.9992776022264078
5344,53.43999999999794,0.9992778165531268
5345,53.449999999997935,0.9992780308348288
5346,53.45999999999793,0.9992782450715227
5347,53.46999999999793,0.9992784592632169
5348,53.47999999999793,0.9992786734099199
5349,53.48999999999793,0.9992788875116404
5350,53.499999999997925,0.9992791015683867
5351,53.50999999999792,0.9992793155801674
5352,53.51999999999792,0.9992795295469911
5353,53.52999999999792,0.999279743468866
5354,53.53999999999792,0.9992799573458011
5355,53.549999999997915,0.9992801711778047
5356,53.55999999999791,0.9992803849648851
5357,53.56999999999791,0.9992805987070511
5358,53.57999999999791,0.9992808124043111
5359,53.58999999999791,0.9992810260566736
5360,53.599999999997905,0.999281239664147
5361,53.6099999999979,0.9992814532267399
5362,53.6199999999979,0.9992816667444607
5363,53.6299999999979,0.999281880217318
5364,53.6399999999979,0.9992820936453202
5365,53.649999999997895,0.9992823070284758
5366,53.65999999999789,0.9992825203667933
5367,53.66999999999789,0.9992827336602812
5368,53.67999999999789,0.9992829469089478
5369,53.68999999999789,0.9992831601128017
5370,53.699999999997885,0.9992833732718515
5371,53.70999999999788,0.9992835863861054
5372,53.71999999999788,0.9992837994555719
5373,53.72999999999788,0.9992840124802596
5374,53.73999999999788,0.9992842254601768
5375,53.749999999997875,0.9992844383953321
5376,53.75999999999787,0.9992846512857338
5377,53.76999999999787,0.9992848641313905
5378,53.77999999999787,0.9992850769323105
5379,53.78999999999787,0.9992852896885022
5380,53.799999999997866,0.9992855023999742
5381,53.80999999999786,0.9992857150667348
5382,53.81999999999786,0.9992859276887924
5383,53.82999999999786,0.9992861402661556
5384,53.83999999999786,0.9992863527988326
5385,53.849999999997856,0.9992865652868319
5386,53.859999999997854,0.9992867777301621
5387,53.86999999999785,0.9992869901288313
5388,53.87999999999785,0.9992872024828481
5389,53.88999999999785,0.9992874147922208
5390,53.899999999997846,0.9992876270569578
5391,53.909999999997844,0.9992878392770677
5392,53.91999999999784,0.9992880514525586
5393,53.92999999999784,0.9992882635834391
5394,53.93999999999784,0.9992884756697176
5395,53.949999999997836,0.9992886877114023
5396,53.959999999997834,0.9992888997085018
5397,53.96999999999783,0.9992891116610243
5398,53.97999999999783,0.9992893235689783
5399,53.98999999999783,0.999289535432372
5400,53.999999999997826,0.999289747251214
5401,54.009999999997824,0.9992899590255125
5402,54.01999999999782,0.9992901707552759
5403,54.02999999999782,0.9992903824405126
5404,54.03999999999782,0.999290594081231
5405,54.049999999997816,0.9992908056774393
5406,54.059999999997814,0.999291017229146
5407,54.06999999999781,0.9992912287363594
5408,54.07999999999781,0.9992914401990878
5409,54.08999999999781,0.9992916516173396
5410,54.099999999997806,0.999291862991123
5411,54.109999999997804,0.9992920743204466
5412,54.1199999999978,0.9992922856053186
5413,54.1299999999978,0.9992924968457473
5414,54.1399999999978,0.999292708041741
5415,54.149999999997796,0.999292919193308
5416,54.159999999997794,0.9992931303004567
5417,54.16999999999779,0.9992933413631955
5418,54.17999999999779,0.9992935523815325
5419,54.18999999999779,0.9992937633554763
5420,54.199999999997786,0.9992939742850349
5421,54.209999999997784,0.9992941851702167
5422,54.21999999999778,0.9992943960110301
5423,54.22999999999778,0.9992946068074834
5424,54.23999999999778,0.9992948175595847
5425,54.249999999997776,0.9992950282673426
5426,54.259999999997774,0.9992952389307651
5427,54.26999999999777,0.9992954495498607
5428,54.27999999999777,0.9992956601246376
5429,54.28999999999777,0.999295870655104
5430,54.299999999997766,0.9992960811412682
5431,54.309999999997764,0.9992962915831386
5432,54.31999999999776,0.9992965019807234
5433,54.32999999999776,0.999296712334031
5434,54.33999999999776,0.9992969226430694
5435,54.349999999997756,0.9992971329078469
5436,54.359999999997754,0.9992973431283719
5437,54.36999999999775,0.9992975533046528
5438,54.37999999999775,0.9992977634366974
5439,54.38999999999775,0.9992979735245144
5440,54.399999999997746,0.9992981835681118
5441,54.409999999997744,0.999298393567498
5442,54.41999999999774,0.999298603522681
5443,54.42999999999774,0.9992988134336692
5444,54.43999999999774,0.9992990233004709
5445,54.449999999997736,0.9992992331230943
5446,54.459999999997734,0.9992994429015475
5447,54.46999999999773,0.9992996526358389
5448,54.47999999999773,0.9992998623259766
5449,54.48999999999773,0.9993000719719688
5450,54.499999999997726,0.9993002815738238
5451,54.509999999997724,0.9993004911315497
5452,54.51999999999772,0.999300700645155
5453,54.52999999999772,0.9993009101146475
5454,54.53999999999772,0.9993011195400358
5455,54.549999999997716,0.9993013289213278
5456,54.559999999997714,0.9993015382585319
5457,54.56999999999771,0.9993017475516561
5458,54.57999999999771,0.9993019568007088
5459,54.58999999999771,0.9993021660056981
5460,54.599999999997706,0.9993023751666321
5461,54.609999999997704,0.9993025842835191
5462,54.6199999999977,0.9993027933563673
5463,54.6299999999977,0.9993030023851848
5464,54.6399999999977,0.9993032113699798
5465,54.649999999997696,0.9993034203107605
5466,54.659999999997694,0.999303629207535
5467,54.66999999999769,0.9993038380603115
5468,54.67999999999769,0.9993040468690982
5469,54.68999999999769,0.9993042556339033
5470,54.69999999999769,0.9993044643547349
5471,54.709999999997684,0.9993046730316011
5472,54.71999999999768,0.9993048816645101
5473,54.72999999999768,0.9993050902534701
5474,54.73999999999768,0.9993052987984892
5475,54.74999999999768,0.9993055072995755
5476,54.759999999997675,0.9993057157567371
5477,54.76999999999767,0.9993059241699823
5478,54.77999999999767,0.9993061325393192
5479,54.78999999999767,0.9993063408647559
5480,54.79999999999767,0.9993065491463003
5481,54.809999999997665,0.999306757383961
5482,54.81999999999766,0.9993069655777457
5483,54.82999999999766,0.9993071737276628
5484,54.83999999999766,0.9993073818337201
5485,54.84999999999766,0.999307589895926
5486,54.859999999997655,0.9993077979142886
5487,54.86999999999765,0.9993080058888159
5488,54.87999999999765,0.999308213819516
5489,54.88999999999765,0.999308421706397
5490,54.89999999999765,0.9993086295494671
5491,54.909999999997645,0.9993088373487343
5492,54.91999999999764,0.9993090451042067
5493,54.92999999999764,0.9993092528158924
5494,54.93999999999764,0.9993094604837995
5495,54.94999999999764,0.9993096681079362
5496,54.959999999997635,0.9993098756883103
5497,54.96999999999763,0.9993100832249301
5498,54.97999999999763,0.9993102907178036
5499,54.98999999999763,0.999310498166939
5500,54.99999999999763,0.9993107055723441
5501,55.009999999997625,0.9993109129340272
5502,55.01999999999762,0.9993111202519963
5503,55.02999999999762,0.9993113275262594
5504,55.03999999999762,0.9993115347568247
5505,55.04999999999762,0.9993117419437
5506,55.059999999997615,0.9993119490868936
5507,55.06999999999761,0.9993121561864134
5508,55.07999999999761,0.9993123632422677
5509,55.08999999999761,0.9993125702544642
5510,55.09999999999761,0.9993127772230112
5511,55.109999999997605,0.9993129841479165
5512,55.1199999999976,0.9993131910291883
5513,55.1299999999976,0.9993133978668346
5514,55.1399999999976,0.9993136046608634
5515,55.1499999999976,0.9993138114112828
5516,55.159999999997595,0.9993140181181007
5517,55.16999999999759,0.9993142247813254
5518,55.17999999999759,0.9993144314009645
5519,55.18999999999759,0.9993146379770262
5520,55.19999999999759,0.9993148445095187
5521,55.209999999997585,0.9993150509984497
5522,55.21999999999758,0.9993152574438274
5523,55.22999999999758,0.9993154638456598
5524,55.23999999999758,0.9993156702039548
5525,55.24999999999758,0.9993158765187206
5526,55.259999999997575,0.9993160827899649
5527,55.26999999999757,0.9993162890176959
5528,55.27999999999757,0.9993164952019213
5529,55.28999999999757,0.9993167013426496
5530,55.29999999999757,0.9993169074398883
5531,55.309999999997565,0.9993171134936457
5532,55.31999999999756,0.9993173195039295
5533,55.32999999999756,0.999317525470748
5534,55.33999999999756,0.999317731394109
5535,55.34999999999756,0.9993179372740203
5536,55.359999999997555,0.99931814311049
5537,55.36999999999755,0.9993183489035262
5538,55.37999999999755,0.9993185546531368
5539,55.38999999999755,0.9993187603593296
5540,55.39999999999755,0.9993189660221128
5541,55.409999999997545,0.9993191716414941
5542,55.41999999999754,0.9993193772174815
5543,55.42999999999754,0.9993195827500831
5544,55.43999999999754,0.9993197882393067
5545,55.44999999999754,0.9993199936851603
5546,55.459999999997535,0.9993201990876518
5547,55.46999999999753,0.9993204044467893
5548,55.47999999999753,0.9993206097625804
5549,55.48999999999753,0.9993208150350333
5550,55.49999999999753,0.9993210202641558
5551,55.509999999997525,0.9993212254499559
5552,55.51999999999752,0.9993214305924415
5553,55.52999999999752,0.9993216356916205
5554,55.53999999999752,0.9993218407475007
5555,55.54999999999752,0.9993220457600903
5556,55.559999999997515,0.999322250729397
5557,55.56999999999751,0.9993224556554287
5558,55.57999999999751,0.9993226605381933
5559,55.58999999999751,0.9993228653776988
5560,55.59999999999751,0.999323070173953
5561,55.609999999997505,0.9993232749269639
5562,55.6199999999975,0.9993234796367393
5563,55.6299999999975,0.9993236843032871
5564,55.6399999999975,0.9993238889266152
5565,55.6499999999975,0.9993240935067315
5566,55.659999999997495,0.9993242980436438
5567,55.66999999999749,0.99932450253736
5568,55.67999999999749,0.9993247069878882
5569,55.68999999999749,0.9993249113952359
5570,55.69999999999749,0.9993251157594113
5571,55.709999999997486,0.9993253200804221
5572,55.71999999999748,0.9993255243582762
5573,55.72999999999748,0.9993257285929813
5574,55.73999999999748,0.9993259327845455
5575,55.74999999999748,0.9993261369329766
5576,55.759999999997476,0.9993263410382823
5577,55.769999999997474,0.9993265451004707
5578,55.77999999999747,0.9993267491195494
5579,55.78999999999747,0.9993269530955264
5580,55.79999999999747,0.9993271570284095
5581,55.809999999997466,0.9993273609182065
5582,55.819999999997464,0.9993275647649252
5583,55.82999999999746,0.9993277685685736
5584,55.83999999999746,0.9993279723291595
5585,55.84999999999746,0.9993281760466904
5586,55.859999999997456,0.9993283797211746
5587,55.869999999997454,0.9993285833526196
5588,55.87999999999745,0.9993287869410333
5589,55.88999999999745,0.9993289904864237
5590,55.89999999999745,0.9993291939887983
5591,55.909999999997446,0.9993293974481651
5592,55.919999999997444,0.9993296008645317
5593,55.92999999999744,0.9993298042379063
5594,55.93999999999744,0.9993300075682964
5595,55.94999999999744,0.9993302108557098
5596,55.959999999997436,0.9993304141001543
5597,55.969999999997434,0.999330617301638
5598,55.97999999999743,0.9993308204601683
5599,55.98999999999743,0.9993310235757531
5600,55.99999999999743,0.9993312266484004
5601,56.009999999997426,0.9993314296781176
5602,56.019999999997424,0.9993316326649128
5603,56.02999999999742,0.9993318356087936
5604,56.03999999999742,0.9993320385097678
5605,56.04999999999742,0.9993322413678433
5606,56.059999999997416,0.9993324441830278
5607,56.069999999997414,0.999332646955329
5608,56.07999999999741,0.9993328496847547
5609,56.08999999999741,0.9993330523713126
5610,56.09999999999741,0.9993332550150106
5611,56.109999999997406,0.9993334576158563
5612,56.119999999997404,0.9993336601738577
5613,56.1299999999974,0.9993338626890222
5614,56.1399999999974,0.9993340651613578
5615,56.1499999999974,0.9993342675908722
5616,56.159999999997396,0.9993344699775731
5617,56.169999999997394,0.9993346723214682
5618,56.17999999999739,0.9993348746225653
5619,56.18999999999739,0.9993350768808722
5620,56.19999999999739,0.9993352790963965
5621,56.209999999997386,0.999335481269146
5622,56.219999999997384,0.9993356833991284
5623,56.22999999999738,0.9993358854863513
5624,56.23999999999738,0.9993360875308227
5625,56.24999999999738,0.99933628953255
5626,56.259999999997376,0.9993364914915412
5627,56.269999999997374,0.9993366934078038
5628,56.27999999999737,0.9993368952813457
5629,56.28999999999737,0.9993370971121744
5630,56.29999999999737,0.9993372989002978
5631,56.309999999997366,0.9993375006457235
5632,56.319999999997364,0.9993377023484591
5633,56.32999999999736,0.9993379040085124
5634,56.33999999999736,0.9993381056258911
5635,56.34999999999736,0.9993383072006029
5636,56.359999999997356,0.9993385087326555
5637,56.369999999997354,0.9993387102220564
5638,56.37999999999735,0.9993389116688136
5639,56.38999999999735,0.9993391130729345
5640,56.39999999999735,0.9993393144344269
5641,56.409999999997346,0.9993395157532985
5642,56.419999999997344,0.9993397170295569
5643,56.42999999999734,0.9993399182632098
5644,56.43999999999734,0.9993401194542648
5645,56.44999999999734,0.9993403206027297
5646,56.459999999997336,0.9993405217086121
5647,56.469999999997334,0.9993407227719195
5648,56.47999999999733,0.9993409237926598
5649,56.48999999999733,0.9993411247708405
5650,56.49999999999733,0.9993413257064693
5651,56.509999999997326,0.9993415265995538
5652,56.519999999997324,0.9993417274501017
5653,56.52999999999732,0.9993419282581206
5654,56.53999999999732,0.9993421290236183
5655,56.54999999999732,0.9993423297466021
5656,56.559999999997316,0.99934253042708
5657,56.569999999997314,0.9993427310650593
5658,56.57999999999731,0.9993429316605479
5659,56.58999999999731,0.9993431322135532
5660,56.59999999999731,0.999343332724083
5661,56.60999999999731,0.9993435331921449
5662,56.619999999997304,0.9993437336177463
5663,56.6299999999973,0.9993439340008952
5664,56.6399999999973,0.9993441343415989
5665,56.6499999999973,0.9993443346398649
5666,56.6599999999973,0.9993445348957013
5667,56.669999999997295,0.9993447351091153
5668,56.67999999999729,0.9993449352801145
5669,56.68999999999729,0.9993451354087067
5670,56.69999999999729,0.9993453354948995
5671,56.70999999999729,0.9993455355387002
5672,56.719999999997285,0.9993457355401167
5673,56.72999999999728,0.9993459354991565
5674,56.73999999999728,0.9993461354158271
5675,56.74999999999728,0.9993463352901362
5676,56.75999999999728,0.9993465351220912
5677,56.769999999997275,0.9993467349116999
5678,56.77999999999727,0.9993469346589697
5679,56.78999999999727,0.9993471343639082
5680,56.79999999999727,0.9993473340265231
5681,56.80999999999727,0.9993475336468218
5682,56.819999999997265,0.9993477332248121
5683,56.82999999999726,0.9993479327605013
5684,56.83999999999726,0.999348132253897
5685,56.84999999999726,0.9993483317050068
5686,56.85999999999726,0.9993485311138384
5687,56.869999999997255,0.9993487304803991
5688,56.87999999999725,0.9993489298046966
5689,56.88999999999725,0.9993491290867383
5690,56.89999999999725,0.999349328326532
5691,56.90999999999725,0.999349527524085
5692,56.919999999997245,0.999349726679405
5693,56.92999999999724,0.9993499257924994
5694,56.93999999999724,0.9993501248633758
5695,56.94999999999724,0.9993503238920417
5696,56.95999999999724,0.9993505228785047
5697,56.969999999997235,0.9993507218227723
5698,56.97999999999723,0.9993509207248519
5699,56.98999999999723,0.9993511195847511
5700,56.99999999999723,0.9993513184024775
5701,57.00999999999723,0.9993515171780385
5702,57.019999999997225,0.9993517159114417
5703,57.02999999999722,0.9993519146026945
5704,57.03999999999722,0.9993521132518044
5705,57.04999999999722,0.999352311858779
5706,57.05999999999722,0.9993525104236259
5707,57.069999999997215,0.9993527089463524
5708,57.07999999999721,0.999352907426966
5709,57.08999999999721,0.9993531058654743
5710,57.09999999999721,0.9993533042618847
5711,57.10999999999721,0.9993535026162048
5712,57.119999999997205,0.9993537009284419
5713,57.1299999999972,0.9993538991986037
5714,57.1399999999972,0.9993540974266976
5715,57.1499999999972,0.9993542956127309
5716,57.1599999999972,0.9993544937567113
5717,57.169999999997195,0.9993546918586462
5718,57.17999999999719,0.999354889918543
5719,57.18999999999719,0.9993550879364094
5720,57.19999999999719,0.9993552859122525
5721,57.20999999999719,0.9993554838460801
5722,57.219999999997185,0.9993556817378995
5723,57.22999999999718,0.9993558795877181
5724,57.23999999999718,0.9993560773955434
5725,57.24999999999718,0.9993562751613829
5726,57.25999999999718,0.9993564728852441
5727,57.269999999997175,0.9993566705671343
5728,57.27999999999717,0.999356868207061
5729,57.28999999999717,0.9993570658050317
5730,57.29999999999717,0.9993572633610538
5731,57.30999999999717,0.9993574608751348
5732,57.319999999997165,0.9993576583472819
5733,57.32999999999716,0.9993578557775027
5734,57.33999999999716,0.9993580531658046
5735,57.34999999999716,0.9993582505121952
5736,57.35999999999716,0.9993584478166816
5737,57.369999999997155,0.9993586450792714
5738,57.37999999999715,0.9993588422999721
5739,57.38999999999715,0.9993590394787909
5740,57.39999999999715,0.9993592366157354
5741,57.40999999999715,0.9993594337108129
5742,57.419999999997145,0.9993596307640309
5743,57.42999999999714,0.9993598277753967
5744,57.43999999999714,0.9993600247449177
5745,57.44999999999714,0.9993602216726014
5746,57.45999999999714,0.9993604185584551
5747,57.469999999997135,0.9993606154024863
5748,57.47999999999713,0.9993608122047024
5749,57.48999999999713,0.9993610089651106
5750,57.49999999999713,0.9993612056837184
5751,57.50999999999713,0.9993614023605333
5752,57.519999999997125,0.9993615989955625
5753,57.52999999999712,0.9993617955888134
5754,57.53999999999712,0.9993619921402935
5755,57.54999999999712,0.9993621886500101
5756,57.55999999999712,0.9993623851179705
5757,57.569999999997115,0.9993625815441822
5758,57.57999999999711,0.9993627779286525
5759,57.58999999999711,0.9993629742713888
5760,57.59999999999711,0.9993631705723983
5761,57.60999999999711,0.9993633668316887
5762,57.619999999997106,0.999363563049267
5763,57.6299999999971,0.9993637592251406
5764,57.6399999999971,0.9993639553593172
5765,57.6499999999971,0.9993641514518037
5766,57.6599999999971,0.9993643475026077
5767,57.669999999997096,0.9993645435117365
5768,57.679999999997094,0.9993647394791975
5769,57.68999999999709,0.9993649354049978
5770,57.69999999999709,0.9993651312891451
5771,57.70999999999709,0.9993653271316464
5772,57.719999999997086,0.9993655229325091
5773,57.729999999997084,0.9993657186917407
5774,57.73999999999708,0.9993659144093484
5775,57.74999999999708,0.9993661100853396
5776,57.75999999999708,0.9993663057197215
5777,57.769999999997076,0.9993665013125015
5778,57.779999999997074,0.9993666968636868
5779,57.78999999999707,0.9993668923732849
5780,57.79999999999707,0.999367087841303
5781,57.80999999999707,0.9993672832677485
5782,57.819999999997066,0.9993674786526285
5783,57.829999999997064,0.9993676739959505
5784,57.83999999999706,0.9993678692977217
5785,57.84999999999706,0.9993680645579495
5786,57.85999999999706,0.9993682597766411
5787,57.869999999997056,0.9993684549538038
5788,57.879999999997054,0.9993686500894449
5789,57.88999999999705,0.9993688451835717
5790,57.89999999999705,0.9993690402361916
5791,57.90999999999705,0.9993692352473116
5792,57.919999999997046,0.9993694302169392
5793,57.929999999997044,0.9993696251450817
5794,57.93999999999704,0.9993698200317462
5795,57.94999999999704,0.9993700148769401
5796,57.95999999999704,0.9993702096806707
5797,57.969999999997036,0.9993704044429452
5798,57.979999999997034,0.9993705991637708
5799,57.98999999999703,0.999370793843155
5800,57.99999999999703,0.9993709884811047
5801,58.00999999999703,0.9993711830776275
5802,58.019999999997026,0.9993713776327304
5803,58.029999999997024,0.9993715721464209
5804,58.03999999999702,0.9993717666187061
5805,58.04999999999702,0.9993719610495931
5806,58.05999999999702,0.9993721554390895
5807,58.069999999997016,0.9993723497872022
5808,58.079999999997014,0.9993725440939387
5809,58.08999999999701,0.9993727383593062
5810,58.09999999999701,0.9993729325833117
5811,58.10999999999701,0.9993731267659628
5812,58.119999999997006,0.9993733209072664
5813,58.129999999997004,0.9993735150072298
5814,58.139999999997,0.9993737090658604
5815,58.149999999997,0.9993739030831652
5816,58.159999999997,0.9993740970591517
5817,58.169999999996996,0.9993742909938268
5818,58.179999999996994,0.9993744848871979
5819,58.18999999999699,0.9993746787392722
5820,58.19999999999699,0.9993748725500569
5821,58.20999999999699,0.9993750663195591
5822,58.219999999996986,0.9993752600477862
5823,58.229999999996984,0.9993754537347452
5824,58.23999999999698,0.9993756473804436
5825,58.24999999999698,0.9993758409848883
5826,58.25999999999698,0.9993760345480865
5827,58.269999999996976,0.9993762280700457
5828,58.279999999996974,0.9993764215507727
5829,58.28999999999697,0.999376614990275
5830,58.29999999999697,0.9993768083885596
5831,58.30999999999697,0.9993770017456337
5832,58.319999999996966,0.9993771950615046
5833,58.329999999996964,0.9993773883361794
5834,58.33999999999696,0.9993775815696653
5835,58.34999999999696,0.9993777747619693
5836,58.35999999999696,0.9993779679130989
5837,58.369999999996956,0.9993781610230611
5838,58.379999999996954,0.9993783540918629
5839,58.38999999999695,0.9993785471195118
5840,58.39999999999695,0.9993787401060147
5841,58.40999999999695,0.9993789330513789
5842,58.419999999996946,0.9993791259556115
5843,58.429999999996944,0.9993793188187197
5844,58.43999999999694,0.9993795116407105
5845,58.44999999999694,0.9993797044215912
5846,58.45999999999694,0.999379897161369
5847,58.469999999996936,0.9993800898600508
5848,58.479999999996934,0.999380282517644
5849,58.48999999999693,0.9993804751341556
5850,58.49999999999693,0.9993806677095929
5851,58.50999999999693,0.9993808602439628
5852,58.51999999999693,0.9993810527372725
5853,58.529999999996924,0.9993812451895292
5854,58.53999999999692,0.99938143760074
5855,58.54999999999692,0.9993816299709121
5856,58.55999999999692,0.9993818223000525
5857,58.56999999999692,0.9993820145881683
5858,58.579999999996915,0.9993822068352668
5859,58.58999999999691,0.999382399041355
5860,58.59999999999691,0.9993825912064399
5861,58.60999999999691,0.9993827833305288
5862,58.61999999999691,0.9993829754136287
5863,58.629999999996905,0.9993831674557468
5864,58.6399999999969,0.9993833594568902
5865,58.6499999999969,0.9993835514170658
5866,58.6599999999969,0.999383743336281
5867,58.6699999999969,0.9993839352145426
5868,58.679999999996895,0.999384127051858
5869,58.68999999999689,0.999384318848234
5870,58.69999999999689,0.9993845106036778
5871,58.70999999999689,0.9993847023181965
5872,58.71999999999689,0.9993848939917973
5873,58.729999999996885,0.9993850856244871
5874,58.73999999999688,0.9993852772162731
5875,58.74999999999688,0.9993854687671623
5876,58.75999999999688,0.9993856602771618
5877,58.76999999999688,0.9993858517462787
5878,58.779999999996875,0.99938604317452
5879,58.78999999999687,0.9993862345618928
5880,58.79999999999687,0.9993864259084042
5881,58.80999999999687,0.9993866172140613
5882,58.81999999999687,0.9993868084788711
5883,58.829999999996865,0.9993869997028405
5884,58.83999999999686,0.9993871908859769
5885,58.84999999999686,0.9993873820282871
5886,58.85999999999686,0.9993875731297782
5887,58.86999999999686,0.9993877641904573
5888,58.879999999996855,0.9993879552103314
5889,58.88999999999685,0.9993881461894076
5890,58.89999999999685,0.9993883371276929
5891,58.90999999999685,0.9993885280251943
5892,58.91999999999685,0.9993887188819189
5893,58.929999999996845,0.9993889096978738
5894,58.93999999999684,0.9993891004730657
5895,58.94999999999684,0.9993892912075021
5896,58.95999999999684,0.9993894819011897
5897,58.96999999999684,0.9993896725541357
5898,58.979999999996835,0.9993898631663469
5899,58.98999999999683,0.9993900537378306
5900,58.99999999999683,0.9993902442685937
5901,59.00999999999683,0.9993904347586431
5902,59.01999999999683,0.9993906252079859
5903,59.029999999996825,0.9993908156166292
5904,59.03999999999682,0.99939100598458
5905,59.04999999999682,0.9993911963118451
5906,59.05999999999682,0.9993913865984317
5907,59.06999999999682,0.9993915768443469
5908,59.079999999996815,0.9993917670495973
5909,59.08999999999681,0.9993919572141903
5910,59.09999999999681,0.9993921473381326
5911,59.10999999999681,0.9993923374214314
5912,59.11999999999681,0.9993925274640937
5913,59.129999999996805,0.9993927174661263
5914,59.1399999999968,0.9993929074275363
5915,59.1499999999968,0.9993930973483307
5916,59.1599999999968,0.9993932872285164
5917,59.1699999999968,0.9993934770681004
5918,59.179999999996795,0.9993936668670899
5919,59.18999999999679,0.9993938566254915
5920,59.19999999999679,0.9993940463433124
5921,59.20999999999679,0.9993942360205595
5922,59.21999999999679,0.9993944256572398
5923,59.229999999996785,0.9993946152533603
5924,59.23999999999678,0.9993948048089277
5925,59.24999999999678,0.9993949943239494
5926,59.25999999999678,0.9993951837984321
5927,59.26999999999678,0.9993953732323826
5928,59.279999999996775,0.9993955626258082
5929,59.28999999999677,0.9993957519787156
5930,59.29999999999677,0.9993959412911119
5931,59.30999999999677,0.9993961305630039
5932,59.31999999999677,0.9993963197943986
5933,59.329999999996765,0.999396508985303
5934,59.33999999999676,0.999396698135724
5935,59.34999999999676,0.9993968872456686
5936,59.35999999999676,0.9993970763151435
5937,59.36999999999676,0.9993972653441558
5938,59.379999999996755,0.9993974543327125
5939,59.38999999999675,0.9993976432808205
5940,59.39999999999675,0.9993978321884867
5941,59.40999999999675,0.9993980210557178
5942,59.41999999999675,0.9993982098825211
5943,59.429999999996745,0.9993983986689032
5944,59.43999999999674,0.9993985874148713
5945,59.44999999999674,0.999398776120432
5946,59.45999999999674,0.9993989647855925
5947,59.46999999999674,0.9993991534103596
5948,59.479999999996735,0.99939934199474
5949,59.48999999999673,0.999399530538741
5950,59.49999999999673,0.9993997190423691
5951,59.50999999999673,0.9993999075056316
5952,59.51999999999673,0.999400095928535
5953,59.529999999996726,0.9994002843110864
5954,59.53999999999672,0.9994004726532927
5955,59.54999999999672,0.9994006609551608
5956,59.55999999999672,0.9994008492166975
5957,59.56999999999672,0.9994010374379098
5958,59.579999999996716,0.9994012256188044
5959,59.589999999996714,0.9994014137593884
5960,59.59999999999671,0.9994016018596685
5961,59.60999999999671,0.9994017899196517
5962,59.61999999999671,0.9994019779393448
5963,59.629999999996706,0.9994021659187547
5964,59.639999999996704,0.9994023538578883
5965,59.6499999999967,0.9994025417567524
5966,59.6599999999967,0.9994027296153539
5967,59.6699999999967,0.9994029174336996
5968,59.679999999996696,0.9994031052117965
5969,59.689999999996694,0.9994032929496514
5970,59.69999999999669,0.999403480647271
5971,59.70999999999669,0.9994036683046623
5972,59.71999999999669,0.9994038559218322
5973,59.729999999996686,0.9994040434987875
5974,59.739999999996684,0.999404231035535
5975,59.74999999999668,0.9994044185320815
5976,59.75999999999668,0.9994046059884341
5977,59.76999999999668,0.9994047934045992
5978,59.779999999996676,0.999404980780584
5979,59.789999999996674,0.9994051681163952
5980,59.79999999999667,0.9994053554120398
5981,59.80999999999667,0.9994055426675243
5982,59.81999999999667,0.9994057298828558
5983,59.829999999996666,0.999405917058041
5984,59.839999999996664,0.9994061041930868
5985,59.84999999999666,0.9994062912880001
5986,59.85999999999666,0.9994064783427875
5987,59.86999999999666,0.9994066653574559
5988,59.879999999996656,0.9994068523320121
5989,59.889999999996654,0.999407039266463
5990,59.89999999999665,0.9994072261608153
5991,59.90999999999665,0.999407413015076
5992,59.91999999999665,0.9994075998292516
5993,59.929999999996646,0.9994077866033492
5994,59.939999999996644,0.9994079733373754
5995,59.94999999999664,0.9994081600313371
5996,59.95999999999664,0.9994083466852411
5997,59.96999999999664,0.9994085332990942
5998,59.979999999996636,0.999408719872903
5999,59.989999999996634,0.9994089064066746
6000,59.99999999999663,0.9994090929004156
6001,60.00999999999663,0.9994092793541327
6002,60.01999999999663,0.9994094657678328
6003,60.029999999996626,0.9994096521415229
6004,60.039999999996624,0.9994098384752094
6005,60.04999999999662,0.9994100247688992
6006,60.05999999999662,0.9994102110225992
6007,60.06999999999662,0.999410397236316
6008,60.079999999996616,0.9994105834100565
6009,60.089999999996614,0.9994107695438273
6010,60.09999999999661,0.9994109556376355
6011,60.10999999999661,0.9994111416914875
6012,60.11999999999661,0.9994113277053902
6013,60.129999999996606,0.9994115136793504
6014,60.139999999996604,0.9994116996133748
6015,60.1499999999966,0.9994118855074702
6016,60.1599999999966,0.9994120713616433
6017,60.1699999999966,0.9994122571759009
6018,60.179999999996596,0.9994124429502498
6019,60.189999999996594,0.9994126286846965
6020,60.19999999999659,0.999412814379248
6021,60.20999999999659,0.9994130000339109
6022,60.21999999999659,0.999413185648692
6023,60.229999999996586,0.9994133712235981
6024,60.239999999996584,0.9994135567586357
6025,60.24999999999658,0.9994137422538117
6026,60.25999999999658,0.999413927709133
6027,60.26999999999658,0.999414113124606
6028,60.279999999996576,0.9994142985002377
6029,60.289999999996574,0.9994144838360345
6030,60.29999999999657,0.9994146691320034
6031,60.30999999999657,0.999414854388151
6032,60.31999999999657,0.9994150396044842
6033,60.329999999996566,0.9994152247810094
6034,60.339999999996564,0.9994154099177335
6035,60.34999999999656,0.9994155950146631
6036,60.35999999999656,0.9994157800718052
6037,60.36999999999656,0.9994159650891662
6038,60.379999999996556,0.9994161500667528
6039,60.389999999996554,0.9994163350045718
6040,60.39999999999655,0.99941651990263
6041,60.40999999999655,0.9994167047609339
6042,60.41999999999655,0.9994168895794904
6043,60.42999999999655,0.999417074358306
6044,60.439999999996544,0.9994172590973874
6045,60.44999999999654,0.9994174437967415
6046,60.45999999999654,0.9994176284563747
6047,60.46999999999654,0.999417813076294
6048,60.47999999999654,0.9994179976565057
6049,60.489999999996535,0.9994181821970168
6050,60.49999999999653,0.9994183666978338
6051,60.50999999999653,0.9994185511589635
6052,60.51999999999653,0.9994187355804124
6053,60.52999999999653,0.9994189199621873
6054,60.539999999996525,0.9994191043042949
6055,60.54999999999652,0.9994192886067418
6056,60.55999999999652,0.9994194728695346
6057,60.56999999999652,0.9994196570926801
6058,60.57999999999652,0.9994198412761849
6059,60.589999999996515,0.9994200254200556
6060,60.59999999999651,0.9994202095242989
6061,60.60999999999651,0.9994203935889214
6062,60.61999999999651,0.9994205776139299
6063,60.62999999999651,0.9994207615993309
6064,60.639999999996505,0.9994209455451311
6065,60.6499999999965,0.9994211294513371
6066,60.6599999999965,0.9994213133179557
6067,60.6699999999965,0.9994214971449933
6068,60.6799999999965,0.9994216809324566
6069,60.689999999996495,0.9994218646803524
6070,60.69999999999649,0.9994220483886873
6071,60.70999999999649,0.9994222320574677
6072,60.71999999999649,0.9994224156867005
6073,60.72999999999649,0.9994225992763922
6074,60.739999999996485,0.9994227828265494
6075,60.74999999999648,0.9994229663371788
6076,60.75999999999648,0.9994231498082868
6077,60.76999999999648,0.9994233332398804
6078,60.77999999999648,0.9994235166319659
6079,60.789999999996475,0.99942369998455
6080,60.79999999999647,0.9994238832976395
6081,60.80999999999647,0.9994240665712407
6082,60.81999999999647,0.9994242498053604
6083,60.82999999999647,0.9994244330000052
6084,60.839999999996465,0.9994246161551815
6085,60.84999999999646,0.9994247992708961
6086,60.85999999999646,0.9994249823471557
6087,60.86999999999646,0.9994251653839666
6088,60.87999999999646,0.9994253483813356
6089,60.889999999996455,0.9994255313392693
6090,60.89999999999645,0.999425714257774
6091,60.90999999999645,0.9994258971368568
6092,60.91999999999645,0.9994260799765238
6093,60.92999999999645,0.9994262627767818
6094,60.939999999996445,0.9994264455376375
6095,60.94999999999644,0.9994266282590972
6096,60.95999999999644,0.9994268109411677
6097,60.96999999999644,0.9994269935838554
6098,60.97999999999644,0.999427176187167
6099,60.989999999996435,0.9994273587511091
6100,60.99999999999643,0.9994275412756882
6101,61.00999999999643,0.9994277237609108
6102,61.01999999999643,0.9994279062067836
6103,61.02999999999643,0.9994280886133131
6104,61.039999999996425,0.9994282709805058
6105,61.04999999999642,0.9994284533083683
6106,61.05999999999642,0.9994286355969072
6107,61.06999999999642,0.999428817846129
6108,61.07999999999642,0.9994290000560403
6109,61.089999999996415,0.9994291822266476
6110,61.09999999999641,0.9994293643579575
6111,61.10999999999641,0.9994295464499764
6112,61.11999999999641,0.9994297285027111
6113,61.12999999999641,0.9994299105161679
6114,61.139999999996405,0.9994300924903534
6115,61.1499999999964,0.9994302744252743
6116,61.1599999999964,0.999430456320937
6117,61.1699999999964,0.9994306381773479
6118,61.1799999999964,0.9994308199945137
6119,61.189999999996395,0.9994310017724409
6120,61.19999999999639,0.9994311835111361
6121,61.20999999999639,0.9994313652106057
6122,61.21999999999639,0.9994315468708562
6123,61.22999999999639,0.9994317284918942
6124,61.239999999996385,0.9994319100737262
6125,61.24999999999638,0.9994320916163588
6126,61.25999999999638,0.9994322731197984
6127,61.26999999999638,0.9994324545840515
6128,61.27999999999638,0.9994326360091247
6129,61.289999999996375,0.9994328173950243
6130,61.29999999999637,0.9994329987417571
6131,61.30999999999637,0.9994331800493295
6132,61.31999999999637,0.9994333613177478
6133,61.32999999999637,0.9994335425470188
6134,61.339999999996365,0.9994337237371488
6135,61.34999999999636,0.9994339048881443
6136,61.35999999999636,0.9994340860000118
6137,61.36999999999636,0.999434267072758
6138,61.37999999999636,0.999434448106389
6139,61.389999999996355,0.9994346291009117
6140,61.39999999999635,0.9994348100563324
6141,61.40999999999635,0.9994349909726574
6142,61.41999999999635,0.9994351718498935
6143,61.42999999999635,0.999435352688047
6144,61.439999999996346,0.9994355334871242
6145,61.44999999999634,0.999435714247132
6146,61.45999999999634,0.9994358949680765
6147,61.46999999999634,0.9994360756499644
6148,61.47999999999634,0.9994362562928021
6149,61.489999999996336,0.999436436896596
6150,61.499999999996334,0.9994366174613526
6151,61.50999999999633,0.9994367979870784
6152,61.51999999999633,0.9994369784737798
6153,61.52999999999633,0.9994371589214632
6154,61.539999999996326,0.9994373393301352
6155,61.549999999996324,0.9994375196998022
6156,61.55999999999632,0.9994377000304706
6157,61.56999999999632,0.999437880322147
6158,61.57999999999632,0.9994380605748376
6159,61.589999999996316,0.999438240788549
6160,61.599999999996314,0.9994384209632877
6161,61.60999999999631,0.99943860109906
6162,61.61999999999631,0.9994387811958724
6163,61.62999999999631,0.9994389612537313
6164,61.639999999996306,0.9994391412726431
6165,61.649999999996304,0.9994393212526145
6166,61.6599999999963,0.9994395011936515
6167,61.6699999999963,0.9994396810957609
6168,61.6799999999963,0.9994398609589489
6169,61.689999999996296,0.999440040783222
6170,61.699999999996294,0.9994402205685866
6171,61.70999999999629,0.9994404003150492
6172,61.71999999999629,0.9994405800226162
6173,61.72999999999629,0.9994407596912939
6174,61.739999999996286,0.9994409393210887
6175,61.749999999996284,0.9994411189120072
6176,61.75999999999628,0.9994412984640557
6177,61.76999999999628,0.9994414779772406
6178,61.77999999999628,0.9994416574515682
6179,61.789999999996276,0.9994418368870451
6180,61.799999999996274,0.9994420162836777
6181,61.80999999999627,0.9994421956414722
6182,61.81999999999627,0.9994423749604352
6183,61.82999999999627,0.9994425542405729
6184,61.839999999996266,0.9994427334818918
6185,61.849999999996264,0.9994429126843984
6186,61.85999999999626,0.999443091848099
6187,61.86999999999626,0.9994432709729998
6188,61.87999999999626,0.9994434500591074
6189,61.889999999996256,0.9994436291064281
6190,61.899999999996254,0.9994438081149685
6191,61.90999999999625,0.9994439870847346
6192,61.91999999999625,0.9994441660157329
6193,61.92999999999625,0.99944434490797
6194,61.939999999996246,0.999444523761452
6195,61.949999999996244,0.9994447025761855
6196,61.95999999999624,0.9994448813521766
6197,61.96999999999624,0.9994450600894319
6198,61.97999999999624,0.9994452387879577
6199,61.989999999996236,0.9994454174477602
6200,61.999999999996234,0.999445596068846
6201,62.00999999999623,0.9994457746512213
6202,62.01999999999623,0.9994459531948925
6203,62.02999999999623,0.999446131699866
6204,62.039999999996226,0.999446310166148
6205,62.049999999996224,0.9994464885937451
6206,62.05999999999622,0.9994466669826635
6207,62.06999999999622,0.9994468453329095
6208,62.07999999999622,0.9994470236444895
6209,62.089999999996216,0.9994472019174099
6210,62.099999999996214,0.9994473801516769
6211,62.10999999999621,0.9994475583472969
6212,62.11999999999621,0.9994477365042763
6213,62.12999999999621,0.9994479146226214
6214,62.139999999996206,0.9994480927023384
6215,62.149999999996204,0.9994482707434338
6216,62.1599999999962,0.9994484487459139
6217,62.1699999999962,0.999448626709785
6218,62.1799999999962,0.9994488046350534
6219,62.189999999996196,0.9994489825217254
6220,62.199999999996194,0.9994491603698075
6221,62.20999999999619,0.9994493381793057
6222,62.21999999999619,0.9994495159502266
6223,62.22999999999619,0.9994496936825763
6224,62.239999999996186,0.9994498713763613
6225,62.249999999996184,0.9994500490315877
6226,62.25999999999618,0.9994502266482621
6227,62.26999999999618,0.9994504042263905
6228,62.27999999999618,0.9994505817659795
6229,62.289999999996176,0.9994507592670351
6230,62.299999999996174,0.9994509367295638
6231,62.30999999999617,0.9994511141535717
6232,62.31999999999617,0.9994512915390653
6233,62.32999999999617,0.9994514688860509
6234,62.33999999999617,0.9994516461945346
6235,62.349999999996164,0.9994518234645229
6236,62.35999999999616,0.9994520006960219
6237,62.36999999999616,0.9994521778890381
6238,62.37999999999616,0.9994523550435775
6239,62.38999999999616,0.9994525321596466
6240,62.399999999996155,0.9994527092372516
6241,62.40999999999615,0.9994528862763988
6242,62.41999999999615,0.9994530632770945
6243,62.42999999999615,0.9994532402393449
6244,62.43999999999615,0.9994534171631563
6245,62.449999999996145,0.9994535940485351
6246,62.45999999999614,0.9994537708954873
6247,62.46999999999614,0.9994539477040193
6248,62.47999999999614,0.9994541244741374
6249,62.48999999999614,0.9994543012058479
6250,62.499999999996135,0.999454477899157
6251,62.50999999999613,0.9994546545540708
6252,62.51999999999613,0.9994548311705959
6253,62.52999999999613,0.9994550077487382
6254,62.53999999999613,0.9994551842885042
6255,62.549999999996125,0.9994553607899
6256,62.55999999999612,0.9994555372529319
6257,62.56999999999612,0.9994557136776062
6258,62.57999999999612,0.9994558900639291
6259,62.58999999999612,0.9994560664119068
6260,62.599999999996115,0.9994562427215455
6261,62.60999999999611,0.9994564189928516
6262,62.61999999999611,0.9994565952258313
6263,62.62999999999611,0.9994567714204907
6264,62.63999999999611,0.9994569475768361
6265,62.649999999996105,0.9994571236948738
6266,62.6599999999961,0.99945729977461
6267,62.6699999999961,0.9994574758160507
6268,62.6799999999961,0.9994576518192024
6269,62.6899999999961,0.9994578277840713
6270,62.699999999996095,0.9994580037106635
6271,62.70999999999609,0.9994581795989853
6272,62.71999999999609,0.9994583554490429
6273,62.72999999999609,0.9994585312608425
6274,62.73999999999609,0.9994587070343903
6275,62.749999999996085,0.9994588827696925
6276,62.75999999999608,0.9994590584667554
6277,62.76999999999608,0.999459234125585
6278,62.77999999999608,0.9994594097461877
6279,62.78999999999608,0.9994595853285697
6280,62.799999999996075,0.9994597608727371
6281,62.80999999999607,0.9994599363786962
6282,62.81999999999607,0.9994601118464531
6283,62.82999999999607,0.999460287276014
6284,62.83999999999607,0.9994604626673851
6285,62.849999999996065,0.9994606380205726
6286,62.85999999999606,0.9994608133355828
6287,62.86999999999606,0.9994609886124217
6288,62.87999999999606,0.9994611638510956
6289,62.88999999999606,0.9994613390516106
6290,62.899999999996055,0.999461514213973
6291,62.90999999999605,0.9994616893381889
6292,62.91999999999605,0.9994618644242644
6293,62.92999999999605,0.9994620394722058
6294,62.93999999999605,0.9994622144820193
6295,62.949999999996045,0.9994623894537109
6296,62.95999999999604,0.999462564387287
6297,62.96999999999604,0.9994627392827535
6298,62.97999999999604,0.9994629141401168
6299,62.98999999999604,0.999463088959383
6300,62.999999999996035,0.999463263740558
6301,63.00999999999603,0.9994634384836484
6302,63.01999999999603,0.9994636131886601
6303,63.02999999999603,0.9994637878555993
6304,63.03999999999603,0.9994639624844721
6305,63.049999999996025,0.9994641370752847
6306,63.05999999999602,0.9994643116280433
6307,63.06999999999602,0.999464486142754
6308,63.07999999999602,0.9994646606194229
6309,63.08999999999602,0.9994648350580562
6310,63.099999999996015,0.9994650094586599
6311,63.10999999999601,0.9994651838212404
6312,63.11999999999601,0.9994653581458037
6313,63.12999999999601,0.9994655324323559
6314,63.13999999999601,0.9994657066809033
6315,63.149999999996005,0.9994658808914517
6316,63.159999999996,0.9994660550640075
6317,63.169999999996,0.9994662291985769
6318,63.179999999996,0.9994664032951658
6319,63.189999999996,0.9994665773537804
6320,63.199999999995995,0.9994667513744268
6321,63.20999999999599,0.9994669253571112
6322,63.21999999999599,0.9994670993018396
6323,63.22999999999599,0.9994672732086183
6324,63.23999999999599,0.9994674470774533
6325,63.249999999995985,0.9994676209083506
6326,63.25999999999598,0.9994677947013165
6327,63.26999999999598,0.999467968456357
6328,63.27999999999598,0.9994681421734783
6329,63.28999999999598,0.9994683158526865
6330,63.299999999995975,0.9994684894939875
6331,63.30999999999597,0.9994686630973876
6332,63.31999999999597,0.9994688366628929
6333,63.32999999999597,0.9994690101905094
6334,63.33999999999597,0.9994691836802433
6335,63.349999999995966,0.9994693571321006
6336,63.35999999999596,0.9994695305460873
6337,63.36999999999596,0.9994697039222098
6338,63.37999999999596,0.999469877260474
6339,63.38999999999596,0.9994700505608859
6340,63.399999999995956,0.9994702238234517
6341,63.409999999995954,0.9994703970481775
6342,63.41999999999595,0.9994705702350692
6343,63.42999999999595,0.9994707433841332
6344,63.43999999999595,0.9994709164953753
6345,63.449999999995946,0.9994710895688017
6346,63.459999999995944,0.9994712626044184
6347,63.46999999999594,0.9994714356022315
6348,63.47999999999594,0.9994716085622471
6349,63.48999999999594,0.9994717814844712
6350,63.499999999995936,0.99947195436891
6351,63.509999999995934,0.9994721272155694
6352,63.51999999999593,0.9994723000244556
6353,63.52999999999593,0.9994724727955746
6354,63.53999999999593,0.9994726455289323
6355,63.549999999995926,0.999472818224535
6356,63.559999999995924,0.9994729908823887
6357,63.56999999999592,0.9994731635024994
6358,63.57999999999592,0.9994733360848731
6359,63.58999999999592,0.999473508629516
6360,63.599999999995916,0.999473681136434
6361,63.609999999995914,0.9994738536056331
6362,63.61999999999591,0.9994740260371195
6363,63.62999999999591,0.9994741984308992
6364,63.63999999999591,0.9994743707869783
6365,63.649999999995906,0.9994745431053628
6366,63.659999999995904,0.9994747153860585
6367,63.6699999999959,0.9994748876290717
6368,63.6799999999959,0.9994750598344083
6369,63.6899999999959,0.9994752320020744
6370,63.699999999995896,0.9994754041320761
6371,63.709999999995894,0.9994755762244193
6372,63.71999999999589,0.9994757482791101
6373,63.72999999999589,0.9994759202961544
6374,63.73999999999589,0.9994760922755583
6375,63.749999999995886,0.9994762642173278
6376,63.759999999995884,0.9994764361214691
6377,63.76999999999588,0.9994766079879879
6378,63.77999999999588,0.9994767798168903
6379,63.78999999999588,0.9994769516081825
6380,63.799999999995876,0.9994771233618703
6381,63.809999999995874,0.9994772950779599
6382,63.81999999999587,0.9994774667564571
6383,63.82999999999587,0.999477638397368
6384,63.83999999999587,0.9994778100006986
6385,63.849999999995866,0.999477981566455
6386,63.859999999995864,0.9994781530946429
6387,63.86999999999586,0.9994783245852685
6388,63.87999999999586,0.9994784960383379
6389,63.88999999999586,0.9994786674538569
6390,63.899999999995856,0.9994788388318316
6391,63.909999999995854,0.9994790101722679
6392,63.91999999999585,0.9994791814751719
6393,63.92999999999585,0.9994793527405496
6394,63.93999999999585,0.9994795239684068
6395,63.949999999995846,0.9994796951587496
6396,63.959999999995844,0.9994798663115838
6397,63.96999999999584,0.9994800374269157
6398,63.97999999999584,0.9994802085047512
6399,63.98999999999584,0.999480379545096
6400,63.999999999995836,0.9994805505479564
6401,64.00999999999584,0.9994807215133381
6402,64.01999999999585,0.9994808924412473
6403,64.02999999999585,0.9994810633316898
6404,64.03999999999586,0.9994812341846716
6405,64.04999999999586,0.9994814050001988
6406,64.05999999999587,0.9994815757782771
6407,64.06999999999587,0.9994817465189128
6408,64.07999999999588,0.9994819172221114
6409,64.08999999999588,0.9994820878878794
6410,64.09999999999589,0.9994822585162223
6411,64.10999999999589,0.9994824291071462
6412,64.1199999999959,0.9994825996606571
6413,64.1299999999959,0.999482770176761
6414,64.13999999999591,0.9994829406554637
6415,64.14999999999591,0.9994831110967712
6416,64.15999999999592,0.9994832815006894
6417,64.16999999999592,0.9994834518672244
6418,64.17999999999593,0.999483622196382
6419,64.18999999999593,0.9994837924881681
6420,64.19999999999594,0.9994839627425888
6421,64.20999999999594,0.9994841329596498
6422,64.21999999999595,0.9994843031393572
6423,64.22999999999595,0.999484473281717
6424,64.23999999999596,0.9994846433867349
6425,64.24999999999596,0.999484813454417
6426,64.25999999999597,0.9994849834847691
6427,64.26999999999597,0.9994851534777972
6428,64.27999999999598,0.9994853234335073
6429,64.28999999999598,0.9994854933519051
6430,64.29999999999599,0.9994856632329967
6431,64.309999999996,0.999485833076788
6432,64.319999999996,0.9994860028832847
6433,64.329999999996,0.9994861726524931
6434,64.33999999999601,0.9994863423844187
6435,64.34999999999602,0.9994865120790677
6436,64.35999999999602,0.9994866817364458
6437,64.36999999999603,0.9994868513565591
6438,64.37999999999603,0.9994870209394134
6439,64.38999999999604,0.9994871904850147
6440,64.39999999999604,0.9994873599933687
6441,64.40999999999605,0.9994875294644814
6442,64.41999999999605,0.9994876988983586
6443,64.42999999999606,0.9994878682950064
6444,64.43999999999606,0.9994880376544305
6445,64.44999999999607,0.999488206976637
6446,64.45999999999607,0.9994883762616316
6447,64.46999999999608,0.9994885455094201
6448,64.47999999999608,0.9994887147200087
6449,64.48999999999609,0.999488883893403
6450,64.49999999999609,0.999489053029609
6451,64.5099999999961,0.9994892221286326
6452,64.5199999999961,0.9994893911904796
6453,64.52999999999611,0.999489560215156
6454,64.53999999999611,0.9994897292026674
6455,64.54999999999612,0.99948989815302
6456,64.55999999999612,0.9994900670662196
6457,64.56999999999613,0.9994902359422718
6458,64.57999999999613,0.9994904047811828
6459,64.58999999999614,0.9994905735829582
6460,64.59999999999614,0.999490742347604
6461,64.60999999999615,0.9994909110751261
6462,64.61999999999615,0.9994910797655303
6463,64.62999999999616,0.9994912484188225
6464,64.63999999999616,0.9994914170350084
6465,64.64999999999617,0.9994915856140941
6466,64.65999999999617,0.9994917541560853
6467,64.66999999999618,0.9994919226609877
6468,64.67999999999618,0.9994920911288074
6469,64.68999999999619,0.9994922595595502
6470,64.6999999999962,0.9994924279532219
6471,64.7099999999962,0.9994925963098283
6472,64.7199999999962,0.9994927646293754
6473,64.72999999999621,0.9994929329118688
6474,64.73999999999621,0.9994931011573145
6475,64.74999999999622,0.9994932693657184
6476,64.75999999999623,0.9994934375370861
6477,64.76999999999623,0.9994936056714235
6478,64.77999999999624,0.9994937737687366
6479,64.78999999999624,0.9994939418290311
6480,64.79999999999625,0.9994941098523129
6481,64.80999999999625,0.9994942778385877
6482,64.81999999999626,0.9994944457878614
6483,64.82999999999626,0.9994946137001398
6484,64.83999999999627,0.9994947815754287
6485,64.84999999999627,0.999494949413734
6486,64.85999999999628,0.9994951172150615
6487,64.86999999999628,0.9994952849794169
6488,64.87999999999629,0.9994954527068061
6489,64.88999999999629,0.9994956203972349
6490,64.8999999999963,0.9994957880507092
6491,64.9099999999963,0.9994959556672345
6492,64.9199999999963,0.999496123246817
6493,64.92999999999631,0.9994962907894622
6494,64.93999999999632,0.9994964582951762
6495,64.94999999999632,0.9994966257639645
6496,64.95999999999633,0.999496793195833
6497,64.96999999999633,0.9994969605907875
6498,64.97999999999634,0.9994971279488339
6499,64.98999999999634,0.9994972952699779
6500,64.99999999999635,0.9994974625542252
6501,65.00999999999635,0.9994976298015817
6502,65.01999999999636,0.9994977970120532
6503,65.02999999999636,0.9994979641856455
6504,65.03999999999637,0.9994981313223643
6505,65.04999999999637,0.9994982984222154
6506,65.05999999999638,0.9994984654852046
6507,65.06999999999638,0.9994986325113377
6508,65.07999999999639,0.9994987995006205
6509,65.0899999999964,0.9994989664530586
6510,65.0999999999964,0.9994991333686579
6511,65.1099999999964,0.9994993002474243
6512,65.11999999999641,0.9994994670893634
6513,65.12999999999641,0.9994996338944809
6514,65.13999999999642,0.9994998006627829
6515,65.14999999999642,0.9994999673942747
6516,65.15999999999643,0.9995001340889624
6517,65.16999999999643,0.9995003007468517
6518,65.17999999999644,0.9995004673679483
6519,65.18999999999645,0.999500633952258
6520,65.19999999999645,0.9995008004997865
6521,65.20999999999646,0.9995009670105396
6522,65.21999999999646,0.9995011334845231
6523,65.22999999999647,0.9995012999217425
6524,65.23999999999647,0.9995014663222039
6525,65.24999999999648,0.9995016326859129
6526,65.25999999999648,0.9995017990128752
6527,65.26999999999649,0.9995019653030965
6528,65.27999999999649,0.9995021315565827
6529,65.2899999999965,0.9995022977733394
6530,65.2999999999965,0.9995024639533724
6531,65.3099999999965,0.9995026300966875
6532,65.31999999999651,0.9995027962032903
6533,65.32999999999652,0.9995029622731866
6534,65.33999999999652,0.9995031283063821
6535,65.34999999999653,0.9995032943028826
6536,65.35999999999653,0.9995034602626938
6537,65.36999999999654,0.9995036261858214
6538,65.37999999999654,0.9995037920722711
6539,65.38999999999655,0.9995039579220487
6540,65.39999999999655,0.9995041237351598
6541,65.40999999999656,0.9995042895116103
6542,65.41999999999656,0.9995044552514057
6543,65.42999999999657,0.999504620954552
6544,65.43999999999657,0.9995047866210546
6545,65.44999999999658,0.9995049522509194
6546,65.45999999999658,0.9995051178441521
6547,65.46999999999659,0.9995052834007583
6548,65.4799999999966,0.9995054489207438
6549,65.4899999999966,0.9995056144041143
6550,65.4999999999966,0.9995057798508755
6551,65.50999999999661,0.9995059452610331
6552,65.51999999999661,0.9995061106345927
6553,65.52999999999662,0.9995062759715602
6554,65.53999999999662,0.9995064412719411
6555,65.54999999999663,0.9995066065357412
6556,65.55999999999663,0.9995067717629662
6557,65.56999999999664,0.9995069369536218
6558,65.57999999999664,0.9995071021077135
6559,65.58999999999665,0.9995072672252473
6560,65.59999999999665,0.9995074323062287
6561,65.60999999999666,0.9995075973506634
6562,65.61999999999666,0.9995077623585571
6563,65.62999999999667,0.9995079273299154
6564,65.63999999999668,0.9995080922647441
6565,65.64999999999668,0.9995082571630489
6566,65.65999999999669,0.9995084220248354
6567,65.66999999999669,0.9995085868501091
6568,65.6799999999967,0.9995087516388761
6569,65.6899999999967,0.9995089163911417
6570,65.6999999999967,0.9995090811069117
6571,65.70999999999671,0.9995092457861917
6572,65.71999999999672,0.9995094104289876
6573,65.72999999999672,0.9995095750353047
6574,65.73999999999673,0.999509739605149
6575,65.74999999999673,0.9995099041385259
6576,65.75999999999674,0.9995100686354412
6577,65.76999999999674,0.9995102330959006
6578,65.77999999999675,0.9995103975199097
6579,65.78999999999675,0.9995105619074741
6580,65.79999999999676,0.9995107262585994
6581,65.80999999999676,0.9995108905732915
6582,65.81999999999677,0.9995110548515558
6583,65.82999999999677,0.999511219093398
6584,65.83999999999678,0.9995113832988238
6585,65.84999999999678,0.9995115474678389
6586,65.85999999999679,0.9995117116004488
6587,65.86999999999679,0.9995118756966592
6588,65.8799999999968,0.9995120397564757
6589,65.8899999999968,0.9995122037799041
6590,65.89999999999681,0.9995123677669498
6591,65.90999999999681,0.9995125317176187
6592,65.91999999999682,0.9995126956319161
6593,65.92999999999682,0.999512859509848
6594,65.93999999999683,0.9995130233514198
6595,65.94999999999683,0.9995131871566371
6596,65.95999999999684,0.9995133509255055
6597,65.96999999999684,0.9995135146580308
6598,65.97999999999685,0.9995136783542187
6599,65.98999999999685,0.9995138420140744
6600,65.99999999999686,0.999514005637604
6601,66.00999999999686,0.9995141692248127
6602,66.01999999999687,0.9995143327757063
6603,66.02999999999687,0.9995144962902905
6604,66.03999999999688,0.9995146597685709
6605,66.04999999999688,0.999514823210553
6606,66.05999999999689,0.9995149866162424
6607,66.0699999999969,0.9995151499856447
6608,66.0799999999969,0.9995153133187656
6609,66.0899999999969,0.9995154766156107
6610,66.09999999999691,0.9995156398761856
6611,66.10999999999692,0.9995158031004958
6612,66.11999999999692,0.999515966288547
6613,66.12999999999693,0.9995161294403447
6614,66.13999999999693,0.9995162925558946
6615,66.14999999999694,0.9995164556352022
6616,66.15999999999694,0.9995166186782731
6617,66.16999999999695,0.999516781685113
6618,66.17999999999695,0.9995169446557274
6619,66.18999999999696,0.9995171075901219
6620,66.19999999999696,0.9995172704883021
6621,66.20999999999697,0.9995174333502734
6622,66.21999999999697,0.9995175961760417
6623,66.22999999999698,0.9995177589656125
6624,66.23999999999698,0.9995179217189911
6625,66.24999999999699,0.9995180844361834
6626,66.25999999999699,0.9995182471171948
6627,66.269999999997,0.9995184097620311
6628,66.279999999997,0.9995185723706975
6629,66.28999999999701,0.9995187349431999
6630,66.29999999999701,0.9995188974795436
6631,66.30999999999702,0.9995190599797344
6632,66.31999999999702,0.9995192224437778
6633,66.32999999999703,0.9995193848716792
6634,66.33999999999703,0.9995195472634444
6635,66.34999999999704,0.9995197096190788
6636,66.35999999999704,0.999519871938588
6637,66.36999999999705,0.9995200342219775
6638,66.37999999999705,0.999520196469253
6639,66.38999999999706,0.9995203586804201
6640,66.39999999999706,0.999520520855484
6641,66.40999999999707,0.9995206829944506
6642,66.41999999999707,0.9995208450973253
6643,66.42999999999708,0.9995210071641137
6644,66.43999999999708,0.9995211691948213
6645,66.44999999999709,0.9995213311894536
6646,66.4599999999971,0.9995214931480162
6647,66.4699999999971,0.9995216550705147
6648,66.4799999999971,0.9995218169569545
6649,66.48999999999711,0.9995219788073413
6650,66.49999999999712,0.9995221406216804
6651,66.50999999999712,0.9995223023999776
6652,66.51999999999713,0.9995224641422383
6653,66.52999999999713,0.9995226258484681
6654,66.53999999999714,0.9995227875186723
6655,66.54999999999714,0.9995229491528567
6656,66.55999999999715,0.9995231107510266
6657,66.56999999999715,0.9995232723131878
6658,66.57999999999716,0.9995234338393456
6659,66.58999999999716,0.9995235953295056
6660,66.59999999999717,0.9995237567836733
6661,66.60999999999717,0.9995239182018543
6662,66.61999999999718,0.9995240795840539
6663,66.62999999999718,0.9995242409302778
6664,66.63999999999719,0.9995244022405314
6665,66.64999999999719,0.9995245635148203
6666,66.6599999999972,0.99952472475315
6667,66.6699999999972,0.999524885955526
6668,66.67999999999721,0.9995250471219538
6669,66.68999999999721,0.9995252082524388
6670,66.69999999999722,0.9995253693469867
6671,66.70999999999722,0.9995255304056029
6672,66.71999999999723,0.9995256914282928
6673,66.72999999999723,0.9995258524150621
6674,66.73999999999724,0.9995260133659161
6675,66.74999999999724,0.9995261742808604
6676,66.75999999999725,0.9995263351599005
6677,66.76999999999725,0.9995264960030418
6678,66.77999999999726,0.99952665681029
6679,66.78999999999726,0.9995268175816503
6680,66.79999999999727,0.9995269783171283
6681,66.80999999999727,0.9995271390167296
6682,66.81999999999728,0.9995272996804596
6683,66.82999999999728,0.9995274603083237
6684,66.83999999999729,0.9995276209003275
6685,66.8499999999973,0.9995277814564764
6686,66.8599999999973,0.999527941976776
6687,66.8699999999973,0.9995281024612316
6688,66.87999999999731,0.9995282629098486
6689,66.88999999999731,0.9995284233226329
6690,66.89999999999732,0.9995285836995895
6691,66.90999999999732,0.9995287440407242
6692,66.91999999999733,0.9995289043460422
6693,66.92999999999734,0.9995290646155491
6694,66.93999999999734,0.9995292248492504
6695,66.94999999999735,0.9995293850471516
6696,66.95999999999735,0.999529545209258
6697,66.96999999999736,0.9995297053355752
6698,66.97999999999736,0.9995298654261084
6699,66.98999999999737,0.9995300254808634
6700,66.99999999999737,0.9995301854998455
6701,67.00999999999738,0.9995303454830601
6702,67.01999999999738,0.9995305054305127
6703,67.02999999999739,0.9995306653422088
6704,67.03999999999739,0.9995308252181537
6705,67.0499999999974,0.999530985058353
6706,67.0599999999974,0.9995311448628121
6707,67.0699999999974,0.9995313046315364
6708,67.07999999999741,0.9995314643645313
6709,67.08999999999742,0.9995316240618024
6710,67.09999999999742,0.999531783723355
6711,67.10999999999743,0.9995319433491947
6712,67.11999999999743,0.9995321029393267
6713,67.12999999999744,0.9995322624937566
6714,67.13999999999744,0.9995324220124897
6715,67.14999999999745,0.9995325814955315
6716,67.15999999999745,0.9995327409428875
6717,67.16999999999746,0.999532900354563
6718,67.17999999999746,0.9995330597305635
6719,67.18999999999747,0.9995332190708944
6720,67.19999999999747,0.9995333783755612
6721,67.20999999999748,0.9995335376445692
6722,67.21999999999748,0.9995336968779238
6723,67.22999999999749,0.9995338560756306
6724,67.2399999999975,0.9995340152376948
6725,67.2499999999975,0.999534174364122
6726,67.2599999999975,0.9995343334549175
6727,67.26999999999751,0.9995344925100866
6728,67.27999999999751,0.9995346515296349
6729,67.28999999999752,0.9995348105135679
6730,67.29999999999752,0.9995349694618907
6731,67.30999999999753,0.9995351283746089
6732,67.31999999999753,0.9995352872517278
6733,67.32999999999754,0.999535446093253
6734,67.33999999999754,0.9995356048991896
6735,67.34999999999755,0.9995357636695432
6736,67.35999999999756,0.9995359224043192
6737,67.36999999999756,0.9995360811035229
6738,67.37999999999757,0.9995362397671598
6739,67.38999999999757,0.9995363983952351
6740,67.39999999999758,0.9995365569877545
6741,67.40999999999758,0.999536715544723
6742,67.41999999999759,0.9995368740661463
6743,67.42999999999759,0.9995370325520296
6744,67.4399999999976,0.9995371910023785
6745,67.4499999999976,0.9995373494171982
6746,67.4599999999976,0.9995375077964941
6747,67.46999999999761,0.9995376661402715
6748,67.47999999999762,0.999537824448536
6749,67.48999999999762,0.9995379827212928
6750,67.49999999999763,0.9995381409585473
6751,67.50999999999763,0.999538299160305
6752,67.51999999999764,0.9995384573265711
6753,67.52999999999764,0.999538615457351
6754,67.53999999999765,0.9995387735526502
6755,67.54999999999765,0.9995389316124739
6756,67.55999999999766,0.9995390896368276
6757,67.56999999999766,0.9995392476257166
6758,67.57999999999767,0.9995394055791461
6759,67.58999999999767,0.9995395634971217
6760,67.59999999999768,0.9995397213796487
6761,67.60999999999768,0.9995398792267325
6762,67.61999999999769,0.9995400370383782
6763,67.6299999999977,0.9995401948145916
6764,67.6399999999977,0.9995403525553775
6765,67.6499999999977,0.9995405102607418
6766,67.65999999999771,0.9995406679306895
6767,67.66999999999771,0.9995408255652259
6768,67.67999999999772,0.9995409831643567
6769,67.68999999999772,0.9995411407280869
6770,67.69999999999773,0.999541298256422
6771,67.70999999999773,0.9995414557493673
6772,67.71999999999774,0.9995416132069281
6773,67.72999999999774,0.9995417706291099
6774,67.73999999999775,0.9995419280159179
6775,67.74999999999775,0.9995420853673573
6776,67.75999999999776,0.9995422426834338
6777,67.76999999999776,0.9995423999641524
6778,67.77999999999777,0.9995425572095186
6779,67.78999999999778,0.9995427144195377
6780,67.79999999999778,0.999542871594215
6781,67.80999999999779,0.9995430287335557
6782,67.81999999999779,0.9995431858375654
6783,67.8299999999978,0.9995433429062492
6784,67.8399999999978,0.9995434999396126
6785,67.8499999999978,0.9995436569376607
6786,67.85999999999781,0.9995438139003989
6787,67.86999999999782,0.9995439708278326
6788,67.87999999999782,0.9995441277199671
6789,67.88999999999783,0.9995442845768077
6790,67.89999999999783,0.9995444413983596
6791,67.90999999999784,0.9995445981846284
6792,67.91999999999784,0.999544754935619
6793,67.92999999999785,0.999544911651337
6794,67.93999999999785,0.9995450683317876
6795,67.94999999999786,0.9995452249769761
6796,67.95999999999786,0.9995453815869078
6797,67.96999999999787,0.999545538161588
6798,67.97999999999787,0.9995456947010221
6799,67.98999999999788,0.9995458512052153
6800,67.99999999999788,0.9995460076741729
6801,68.00999999999789,0.9995461641079002
6802,68.01999999999789,0.9995463205064026
6803,68.0299999999979,0.9995464768696852
6804,68.0399999999979,0.9995466331977534
6805,68.04999999999791,0.9995467894906125
6806,68.05999999999791,0.9995469457482676
6807,68.06999999999792,0.9995471019707244
6808,68.07999999999792,0.9995472581579877
6809,68.08999999999793,0.9995474143100631
6810,68.09999999999793,0.9995475704269559
6811,68.10999999999794,0.9995477265086711
6812,68.11999999999794,0.9995478825552142
6813,68.12999999999795,0.9995480385665905
6814,68.13999999999795,0.9995481945428051
6815,68.14999999999796,0.9995483504838634
6816,68.15999999999796,0.9995485063897706
6817,68.16999999999797,0.9995486622605321
6818,68.17999999999797,0.9995488180961529
6819,68.18999999999798,0.9995489738966387
6820,68.19999999999798,0.9995491296619943
6821,68.20999999999799,0.9995492853922252
6822,68.219999999998,0.9995494410873367
6823,68.229999999998,0.999549596747334
6824,68.239999999998,0.9995497523722223
6825,68.24999999999801,0.9995499079620069
6826,68.25999999999802,0.9995500635166932
6827,68.26999999999802,0.9995502190362862
6828,68.27999999999803,0.9995503745207912
6829,68.28999999999803,0.9995505299702137
6830,68.29999999999804,0.9995506853845587
6831,68.30999999999804,0.9995508407638315
6832,68.31999999999805,0.9995509961080374
6833,68.32999999999805,0.9995511514171816
6834,68.33999999999806,0.9995513066912693
6835,68.34999999999806,0.999551461930306
6836,68.35999999999807,0.9995516171342966
6837,68.36999999999807,0.9995517723032465
6838,68.37999999999808,0.9995519274371609
6839,68.38999999999808,0.9995520825360451
6840,68.39999999999809,0.9995522375999043
6841,68.40999999999809,0.9995523926287436
6842,68.4199999999981,0.9995525476225685
6843,68.4299999999981,0.9995527025813841
6844,68.43999999999811,0.9995528575051955
6845,68.44999999999811,0.9995530123940081
6846,68.45999999999812,0.9995531672478271
6847,68.46999999999812,0.9995533220666577
6848,68.47999999999813,0.999553476850505
6849,68.48999999999813,0.9995536315993744
6850,68.49999999999814,0.9995537863132711
6851,68.50999999999814,0.9995539409922002
6852,68.51999999999815,0.999554095636167
6853,68.52999999999815,0.9995542502451769
6854,68.53999999999816,0.9995544048192346
6855,68.54999999999816,0.9995545593583458
6856,68.55999999999817,0.9995547138625156
6857,68.56999999999817,0.999554868331749
6858,68.57999999999818,0.9995550227660515
6859,68.58999999999818,0.9995551771654281
6860,68.59999999999819,0.9995553315298841
6861,68.6099999999982,0.9995554858594247
6862,68.6199999999982,0.999555640154055
6863,68.6299999999982,0.9995557944137802
6864,68.63999999999821,0.9995559486386056
6865,68.64999999999822,0.9995561028285366
6866,68.65999999999822,0.999556256983578
6867,68.66999999999823,0.999556411103735
6868,68.67999999999823,0.9995565651890131
6869,68.68999999999824,0.9995567192394175
6870,68.69999999999824,0.999556873254953
6871,68.70999999999825,0.9995570272356251
6872,68.71999999999825,0.999557181181439
6873,68.72999999999826,0.9995573350923996
6874,68.73999999999826,0.9995574889685125
6875,68.74999999999827,0.9995576428097825
6876,68.75999999999827,0.999557796616215
6877,68.76999999999828,0.9995579503878151
6878,68.77999999999828,0.999558104124588
6879,68.78999999999829,0.9995582578265388
6880,68.79999999999829,0.9995584114936729
6881,68.8099999999983,0.9995585651259953
6882,68.8199999999983,0.9995587187235111
6883,68.82999999999831,0.9995588722862255
6884,68.83999999999831,0.9995590258141439
6885,68.84999999999832,0.9995591793072712
6886,68.85999999999832,0.9995593327656127
6887,68.86999999999833,0.9995594861891736
6888,68.87999999999833,0.9995596395779589
6889,68.88999999999834,0.9995597929319738
6890,68.89999999999834,0.9995599462512236
6891,68.90999999999835,0.9995600995357133
6892,68.91999999999835,0.9995602527854482
6893,68.92999999999836,0.9995604060004334
6894,68.93999999999836,0.999560559180674
6895,68.94999999999837,0.9995607123261752
6896,68.95999999999837,0.9995608654369421
6897,68.96999999999838,0.99956101851298
6898,68.97999999999838,0.9995611715542938
6899,68.98999999999839,0.9995613245608889
6900,68.9999999999984,0.9995614775327702
6901,69.0099999999984,0.9995616304699431
6902,69.0199999999984,0.9995617833724125
6903,69.02999999999841,0.9995619362401837
6904,69.03999999999841,0.9995620890732619
6905,69.04999999999842,0.9995622418716521
6906,69.05999999999842,0.9995623946353595
6907,69.06999999999843,0.9995625473643891
6908,69.07999999999844,0.9995627000587461
6909,69.08999999999844,0.9995628527184358
6910,69.09999999999845,0.9995630053434631
6911,69.10999999999845,0.9995631579338333
6912,69.11999999999846,0.9995633104895514
6913,69.12999999999846,0.9995634630106226
6914,69.13999999999847,0.9995636154970521
6915,69.14999999999847,0.9995637679488448
6916,69.15999999999848,0.999563920366006
6917,69.16999999999848,0.9995640727485409
6918,69.17999999999849,0.9995642250964543
6919,69.18999999999849,0.9995643774097516
6920,69.1999999999985,0.9995645296884378
6921,69.2099999999985,0.999564681932518
6922,69.2199999999985,0.9995648341419975
6923,69.22999999999851,0.9995649863168812
6924,69.23999999999852,0.9995651384571742
6925,69.24999999999852,0.9995652905628817
6926,69.25999999999853,0.9995654426340088
6927,69.26999999999853,0.9995655946705606
6928,69.27999999999854,0.9995657466725423
6929,69.28999999999854,0.9995658986399587
6930,69.29999999999855,0.9995660505728152
6931,69.30999999999855,0.9995662024711168
6932,69.31999999999856,0.9995663543348687
6933,69.32999999999856,0.9995665061640758
6934,69.33999999999857,0.9995666579587433
6935,69.34999999999857,0.9995668097188763
6936,69.35999999999858,0.9995669614444799
6937,69.36999999999858,0.9995671131355591
6938,69.37999999999859,0.9995672647921191
6939,69.3899999999986,0.9995674164141649
6940,69.3999999999986,0.9995675680017018
6941,69.4099999999986,0.9995677195547346
6942,69.41999999999861,0.9995678710732685
6943,69.42999999999861,0.9995680225573086
6944,69.43999999999862,0.9995681740068599
6945,69.44999999999862,0.9995683254219276
6946,69.45999999999863,0.9995684768025168
6947,69.46999999999863,0.9995686281486325
6948,69.47999999999864,0.9995687794602797
6949,69.48999999999864,0.9995689307374636
6950,69.49999999999865,0.9995690819801891
6951,69.50999999999866,0.9995692331884615
6952,69.51999999999866,0.9995693843622857
6953,69.52999999999867,0.9995695355016669
6954,69.53999999999867,0.99956968660661
6955,69.54999999999868,0.9995698376771203
6956,69.55999999999868,0.9995699887132027
6957,69.56999999999869,0.9995701397148622
6958,69.57999999999869,0.999570290682104
6959,69.5899999999987,0.9995704416149331
6960,69.5999999999987,0.9995705925133546
6961,69.6099999999987,0.9995707433773735
6962,69.61999999999871,0.9995708942069949
6963,69.62999999999872,0.9995710450022238
6964,69.63999999999872,0.9995711957630653
6965,69.64999999999873,0.9995713464895244
6966,69.65999999999873,0.9995714971816062
6967,69.66999999999874,0.9995716478393157
6968,69.67999999999874,0.9995717984626581
6969,69.68999999999875,0.9995719490516382
6970,69.69999999999875,0.9995720996062613
6971,69.70999999999876,0.9995722501265322
6972,69.71999999999876,0.999572400612456
6973,69.72999999999877,0.9995725510640379
6974,69.73999999999877,0.9995727014812827
6975,69.74999999999878,0.9995728518641956
6976,69.75999999999878,0.9995730022127817
6977,69.76999999999879,0.9995731525270458
6978,69.7799999999988,0.9995733028069932
6979,69.7899999999988,0.9995734530526287
6980,69.7999999999988,0.9995736032639574
6981,69.80999999999881,0.9995737534409844
6982,69.81999999999881,0.9995739035837147
6983,69.82999999999882,0.9995740536921532
6984,69.83999999999882,0.9995742037663052
6985,69.84999999999883,0.9995743538061754
6986,69.85999999999883,0.999574503811769
6987,69.86999999999884,0.9995746537830911
6988,69.87999999999884,0.9995748037201465
6989,69.88999999999885,0.9995749536229404
6990,69.89999999999885,0.9995751034914776
6991,69.90999999999886,0.9995752533257634
6992,69.91999999999886,0.9995754031258025
6993,69.92999999999887,0.9995755528916002
6994,69.93999999999888,0.9995757026231613
6995,69.94999999999888,0.999575852320491
6996,69.95999999999889,0.9995760019835941
6997,69.96999999999889,0.9995761516124758
6998,69.9799999999989,0.9995763012071409
6999,69.9899999999989,0.9995764507675946
7000,69.9999999999989,0.9995766002938418
7001,70.00999999999891,0.9995767497858874
7002,70.01999999999892,0.9995768992437366
7003,70.02999999999892,0.9995770486673943
7004,70.03999999999893,0.9995771980568655
7005,70.04999999999893,0.9995773474121552
7006,70.05999999999894,0.9995774967332683
7007,70.06999999999894,0.99957764602021
7008,70.07999999999895,0.9995777952729852
7009,70.08999999999895,0.9995779444915988
7010,70.09999999999896,0.9995780936760558
7011,70.10999999999896,0.9995782428263612
7012,70.11999999999897,0.9995783919425201
7013,70.12999999999897,0.9995785410245374
7014,70.13999999999898,0.9995786900724181
7015,70.14999999999898,0.999578839086167
7016,70.15999999999899,0.9995789880657894
7017,70.16999999999899,0.99957913701129
7018,70.179999999999,0.9995792859226739
7019,70.189999999999,0.9995794347999462
7020,70.19999999999901,0.9995795836431115
7021,70.20999999999901,0.9995797324521751
7022,70.21999999999902,0.9995798812271419
7023,70.22999999999902,0.999580029968017
7024,70.23999999999903,0.999580178674805
7025,70.24999999999903,0.9995803273475111
7026,70.25999999999904,0.9995804759861403
7027,70.26999999999904,0.9995806245906975
7028,70.27999999999905,0.9995807731611877
7029,70.28999999999905,0.9995809216976158
7030,70.29999999999906,0.9995810701999868
7031,70.30999999999906,0.9995812186683055
7032,70.31999999999907,0.9995813671025772
7033,70.32999999999907,0.9995815155028066
7034,70.33999999999908,0.9995816638689986
7035,70.34999999999908,0.9995818122011584
7036,70.35999999999909,0.9995819604992907
7037,70.3699999999991,0.9995821087634006
7038,70.3799999999991,0.999582256993493
7039,70.3899999999991,0.999582405189573
7040,70.39999999999911,0.9995825533516453
7041,70.40999999999912,0.9995827014797148
7042,70.41999999999912,0.9995828495737867
7043,70.42999999999913,0.9995829976338658
7044,70.43999999999913,0.9995831456599571
7045,70.44999999999914,0.9995832936520656
7046,70.45999999999914,0.999583441610196
7047,70.46999999999915,0.9995835895343533
7048,70.47999999999915,0.9995837374245428
7049,70.48999999999916,0.9995838852807689
7050,70.49999999999916,0.9995840331030368
7051,70.50999999999917,0.9995841808913515
7052,70.51999999999917,0.9995843286457177
7053,70.52999999999918,0.9995844763661406
7054,70.53999999999918,0.9995846240526248
7055,70.54999999999919,0.9995847717051756
7056,70.55999999999919,0.9995849193237977
7057,70.5699999999992,0.9995850669084959
7058,70.5799999999992,0.9995852144592754
7059,70.58999999999921,0.999585361976141
7060,70.59999999999921,0.9995855094590975
7061,70.60999999999922,0.99958565690815
7062,70.61999999999922,0.9995858043233035
7063,70.62999999999923,0.9995859517045625
7064,70.63999999999923,0.9995860990519323
7065,70.64999999999924,0.9995862463654176
7066,70.65999999999924,0.9995863936450234
7067,70.66999999999925,0.9995865408907546
7068,70.67999999999925,0.9995866881026162
7069,70.68999999999926,0.9995868352806129
7070,70.69999999999926,0.9995869824247497
7071,70.70999999999927,0.9995871295350316
7072,70.71999999999927,0.9995872766114633
7073,70.72999999999928,0.9995874236540498
7074,70.73999999999928,0.9995875706627961
7075,70.74999999999929,0.999587717637707
7076,70.7599999999993,0.9995878645787873
7077,70.7699999999993,0.9995880114860421
7078,70.7799999999993,0.9995881583594762
7079,70.78999999999931,0.9995883051990945
7080,70.79999999999932,0.9995884520049018
7081,70.80999999999932,0.999588598776903
7082,70.81999999999933,0.9995887455151031
7083,70.82999999999933,0.999588892219507
7084,70.83999999999934,0.9995890388901194
7085,70.84999999999934,0.9995891855269453
7086,70.85999999999935,0.9995893321299897
7087,70.86999999999935,0.9995894786992573
7088,70.87999999999936,0.999589625234753
7089,70.88999999999936,0.9995897717364818
7090,70.89999999999937,0.9995899182044484
7091,70.90999999999937,0.9995900646386578
7092,70.91999999999938,0.9995902110391149
7093,70.92999999999938,0.9995903574058245
7094,70.93999999999939,0.9995905037387914
7095,70.94999999999939,0.9995906500380206
7096,70.9599999999994,0.999590796303517
7097,70.9699999999994,0.9995909425352854
7098,70.97999999999941,0.9995910887333306
7099,70.98999999999941,0.9995912348976574
7100,70.99999999999942,0.9995913810282709
7101,71.00999999999942,0.999591527125176
7102,71.01999999999943,0.9995916731883772
7103,71.02999999999943,0.9995918192178795
7104,71.03999999999944,0.999591965213688
7105,71.04999999999944,0.9995921111758074
7106,71.05999999999945,0.9995922571042424
7107,71.06999999999945,0.9995924029989981
7108,71.07999999999946,0.9995925488600791
7109,71.08999999999946,0.9995926946874905
7110,71.09999999999947,0.999592840481237
7111,71.10999999999947,0.9995929862413235
7112,71.11999999999948,0.9995931319677548
7113,71.12999999999948,0.9995932776605359
7114,71.13999999999949,0.9995934233196714
7115,71.1499999999995,0.9995935689451663
7116,71.1599999999995,0.9995937145370254
7117,71.1699999999995,0.9995938600952535
7118,71.17999999999951,0.9995940056198556
7119,71.18999999999951,0.9995941511108364
7120,71.19999999999952,0.9995942965682006
7121,71.20999999999952,0.9995944419919534
7122,71.21999999999953,0.9995945873820993
7123,71.22999999999954,0.9995947327386433
7124,71.23999999999954,0.9995948780615902
7125,71.24999999999955,0.9995950233509449
7126,71.25999999999955,0.9995951686067119
7127,71.26999999999956,0.9995953138288965
7128,71.27999999999956,0.9995954590175032
7129,71.28999999999957,0.999595604172537
7130,71.29999999999957,0.9995957492940026
7131,71.30999999999958,0.9995958943819049
7132,71.31999999999958,0.9995960394362486
7133,71.32999999999959,0.9995961844570387
7134,71.33999999999959,0.9995963294442799
7135,71.3499999999996,0.9995964743979769
7136,71.3599999999996,0.9995966193181348
7137,71.3699999999996,0.9995967642047583
7138,71.37999999999961,0.9995969090578521
7139,71.38999999999962,0.9995970538774211
7140,71.39999999999962,0.9995971986634701
7141,71.40999999999963,0.9995973434160039
7142,71.41999999999963,0.9995974881350274
7143,71.42999999999964,0.9995976328205451
7144,71.43999999999964,0.9995977774725623
7145,71.44999999999965,0.9995979220910833
7146,71.45999999999965,0.9995980666761133
7147,71.46999999999966,0.9995982112276568
7148,71.47999999999966,0.9995983557457188
7149,71.48999999999967,0.9995985002303039
7150,71.49999999999967,0.9995986446814171
7151,71.50999999999968,0.9995987890990632
7152,71.51999999999968,0.9995989334832468
7153,71.52999999999969,0.9995990778339728
7154,71.5399999999997,0.9995992221512461
7155,71.5499999999997,0.9995993664350712
7156,71.5599999999997,0.9995995106854532
7157,71.56999999999971,0.9995996549023967
7158,71.57999999999971,0.9995997990859066
7159,71.58999999999972,0.9995999432359876
7160,71.59999999999972,0.9996000873526444
7161,71.60999999999973,0.999600231435882
7162,71.61999999999973,0.999600375485705
7163,71.62999999999974,0.9996005195021183
7164,71.63999999999974,0.9996006634851266
7165,71.64999999999975,0.9996008074347347
7166,71.65999999999976,0.9996009513509474
7167,71.66999999999976,0.9996010952337694
7168,71.67999999999977,0.9996012390832055
7169,71.68999999999977,0.9996013828992606
7170,71.69999999999978,0.9996015266819394
7171,71.70999999999978,0.9996016704312465
7172,71.71999999999979,0.9996018141471867
7173,71.72999999999979,0.9996019578297651
7174,71.7399999999998,0.9996021014789861
7175,71.7499999999998,0.9996022450948546
7176,71.7599999999998,0.9996023886773754
7177,71.76999999999981,0.9996025322265532
7178,71.77999999999982,0.9996026757423927
7179,71.78999999999982,0.9996028192248988
7180,71.79999999999983,0.9996029626740762
7181,71.80999999999983,0.9996031060899296
7182,71.81999999999984,0.9996032494724638
7183,71.82999999999984,0.9996033928216835
7184,71.83999999999985,0.9996035361375937
7185,71.84999999999985,0.9996036794201988
7186,71.85999999999986,0.9996038226695036
7187,71.86999999999986,0.9996039658855131
7188,71.87999999999987,0.9996041090682318
7189,71.88999999999987,0.9996042522176647
7190,71.89999999999988,0.9996043953338162
7191,71.90999999999988,0.9996045384166913
7192,71.91999999999989,0.9996046814662947
7193,71.9299999999999,0.999604824482631
7194,71.9399999999999,0.9996049674657052
7195,71.9499999999999,0.9996051104155217
7196,71.95999999999991,0.9996052533320855
7197,71.96999999999991,0.9996053962154012
7198,71.97999999999992,0.9996055390654737
7199,71.98999999999992,0.9996056818823075
7200,71.99999999999993,0.9996058246659075
7201,72.00999999999993,0.9996059674162784
7202,72.01999999999994,0.9996061101334248
7203,72.02999999999994,0.9996062528173516
7204,72.03999999999995,0.9996063954680635
7205,72.04999999999995,0.9996065380855651
7206,72.05999999999996,0.9996066806698612
7207,72.06999999999996,0.9996068232209566
7208,72.07999999999997,0.9996069657388559
7209,72.08999999999997,0.9996071082235639
7210,72.09999999999998,0.9996072506750853
7211,72.10999999999999,0.9996073930934247
7212,72.11999999999999,0.9996075354785869
7213,72.13,0.9996076778305767
7214,72.14,0.9996078201493988
7215,72.15,0.9996079624350577
7216,72.16000000000001,0.9996081046875583
7217,72.17000000000002,0.9996082469069053
7218,72.18000000000002,0.9996083890931033
7219,72.19000000000003,0.9996085312461572
7220,72.20000000000003,0.9996086733660716
7221,72.21000000000004,0.9996088154528511
7222,72.22000000000004,0.9996089575065006
7223,72.23000000000005,0.9996090995270246
7224,72.24000000000005,0.9996092415144279
7225,72.25000000000006,0.9996093834687152
7226,72.26000000000006,0.9996095253898911
7227,72.27000000000007,0.9996096672779605
7228,72.28000000000007,0.999609809132928
7229,72.29000000000008,0.9996099509547982
7230,72.30000000000008,0.9996100927435758
7231,72.31000000000009,0.9996102344992657
7232,72.32000000000009,0.9996103762218724
7233,72.3300000000001,0.9996105179114005
7234,72.3400000000001,0.999610659567855
7235,72.35000000000011,0.9996108011912404
7236,72.36000000000011,0.9996109427815613
7237,72.37000000000012,0.9996110843388225
7238,72.38000000000012,0.9996112258630286
7239,72.39000000000013,0.9996113673541844
7240,72.40000000000013,0.9996115088122945
7241,72.41000000000014,0.9996116502373636
7242,72.42000000000014,0.9996117916293964
7243,72.43000000000015,0.9996119329883975
7244,72.44000000000015,0.9996120743143716
7245,72.45000000000016,0.9996122156073234
7246,72.46000000000016,0.9996123568672576
7247,72.47000000000017,0.9996124980941788
7248,72.48000000000017,0.9996126392880917
7249,72.49000000000018,0.999612780449001
7250,72.50000000000018,0.9996129215769113
7251,72.51000000000019,0.9996130626718274
7252,72.5200000000002,0.9996132037337537
7253,72.5300000000002,0.9996133447626951
7254,72.5400000000002,0.9996134857586562
7255,72.55000000000021,0.9996136267216417
7256,72.56000000000022,0.9996137676516561
7257,72.57000000000022,0.9996139085487042
7258,72.58000000000023,0.9996140494127906
7259,72.59000000000023,0.9996141902439201
7260,72.60000000000024,0.9996143310420972
7261,72.61000000000024,0.9996144718073264
7262,72.62000000000025,0.9996146125396127
7263,72.63000000000025,0.9996147532389607
7264,72.64000000000026,0.9996148939053747
7265,72.65000000000026,0.9996150345388597
7266,72.66000000000027,0.9996151751394202
7267,72.67000000000027,0.9996153157070609
7268,72.68000000000028,0.9996154562417864
7269,72.69000000000028,0.9996155967436012
7270,72.70000000000029,0.9996157372125103
7271,72.71000000000029,0.9996158776485181
7272,72.7200000000003,0.9996160180516293
7273,72.7300000000003,0.9996161584218485
7274,72.74000000000031,0.9996162987591803
7275,72.75000000000031,0.9996164390636294
7276,72.76000000000032,0.9996165793352005
7277,72.77000000000032,0.9996167195738981
7278,72.78000000000033,0.9996168597797269
7279,72.79000000000033,0.9996169999526915
7280,72.80000000000034,0.9996171400927966
7281,72.81000000000034,0.9996172802000467
7282,72.82000000000035,0.9996174202744466
7283,72.83000000000035,0.9996175603160007
7284,72.84000000000036,0.9996177003247138
7285,72.85000000000036,0.9996178403005904
7286,72.86000000000037,0.9996179802436352
7287,72.87000000000037,0.9996181201538529
7288,72.88000000000038,0.999618260031248
7289,72.89000000000038,0.9996183998758251
7290,72.90000000000039,0.999618539687589
7291,72.9100000000004,0.999618679466544
7292,72.9200000000004,0.999618819212695
7293,72.9300000000004,0.9996189589260465
7294,72.94000000000041,0.999619098606603
7295,72.95000000000041,0.9996192382543694
7296,72.96000000000042,0.99961937786935
7297,72.97000000000043,0.9996195174515495
7298,72.98000000000043,0.9996196570009727
7299,72.99000000000044,0.999619796517624
7300,73.00000000000044,0.999619936001508
7301,73.01000000000045,0.9996200754526294
7302,73.02000000000045,0.9996202148709928
7303,73.03000000000046,0.9996203542566027
7304,73.04000000000046,0.9996204936094638
7305,73.05000000000047,0.9996206329295806
7306,73.06000000000047,0.9996207722169579
7307,73.07000000000048,0.9996209114715999
7308,73.08000000000048,0.9996210506935117
7309,73.09000000000049,0.9996211898826974
7310,73.10000000000049,0.999621329039162
7311,73.1100000000005,0.9996214681629099
7312,73.1200000000005,0.9996216072539457
7313,73.1300000000005,0.9996217463122739
7314,73.14000000000051,0.9996218853378992
7315,73.15000000000052,0.9996220243308263
7316,73.16000000000052,0.9996221632910595
7317,73.17000000000053,0.9996223022186035
7318,73.18000000000053,0.999622441113463
7319,73.19000000000054,0.9996225799756425
7320,73.20000000000054,0.9996227188051465
7321,73.21000000000055,0.9996228576019798
7322,73.22000000000055,0.9996229963661467
7323,73.23000000000056,0.9996231350976519
7324,73.24000000000056,0.9996232737965001
7325,73.25000000000057,0.9996234124626956
7326,73.26000000000057,0.9996235510962431
7327,73.27000000000058,0.9996236896971473
7328,73.28000000000058,0.9996238282654126
7329,73.29000000000059,0.9996239668010437
7330,73.3000000000006,0.999624105304045
7331,73.3100000000006,0.9996242437744213
7332,73.3200000000006,0.9996243822121769
7333,73.33000000000061,0.9996245206173165
7334,73.34000000000061,0.9996246589898446
7335,73.35000000000062,0.999624797329766
7336,73.36000000000062,0.9996249356370849
7337,73.37000000000063,0.9996250739118061
7338,73.38000000000063,0.9996252121539341
7339,73.39000000000064,0.9996253503634733
7340,73.40000000000065,0.9996254885404285
7341,73.41000000000065,0.9996256266848041
7342,73.42000000000066,0.9996257647966048
7343,73.43000000000066,0.999625902875835
7344,73.44000000000067,0.9996260409224993
7345,73.45000000000067,0.9996261789366022
7346,73.46000000000068,0.9996263169181484
7347,73.47000000000068,0.9996264548671423
7348,73.48000000000069,0.9996265927835885
7349,73.49000000000069,0.9996267306674914
7350,73.5000000000007,0.9996268685188558
7351,73.5100000000007,0.9996270063376861
7352,73.5200000000007,0.9996271441239869
7353,73.53000000000071,0.9996272818777626
7354,73.54000000000072,0.9996274195990178
7355,73.55000000000072,0.9996275572877572
7356,73.56000000000073,0.9996276949439851
7357,73.57000000000073,0.9996278325677062
7358,73.58000000000074,0.9996279701589249
7359,73.59000000000074,0.9996281077176458
7360,73.60000000000075,0.9996282452438735
7361,73.61000000000075,0.9996283827376123
7362,73.62000000000076,0.999628520198867
7363,73.63000000000076,0.9996286576276421
7364,73.64000000000077,0.999628795023942
7365,73.65000000000077,0.9996289323877712
7366,73.66000000000078,0.9996290697191342
7367,73.67000000000078,0.9996292070180358
7368,73.68000000000079,0.9996293442844802
7369,73.6900000000008,0.9996294815184721
7370,73.7000000000008,0.999629618720016
7371,73.7100000000008,0.9996297558891163
7372,73.72000000000081,0.9996298930257775
7373,73.73000000000081,0.9996300301300044
7374,73.74000000000082,0.9996301672018013
7375,73.75000000000082,0.9996303042411727
7376,73.76000000000083,0.9996304412481232
7377,73.77000000000083,0.9996305782226571
7378,73.78000000000084,0.9996307151647792
7379,73.79000000000084,0.9996308520744939
7380,73.80000000000085,0.9996309889518056
7381,73.81000000000085,0.9996311257967189
7382,73.82000000000086,0.9996312626092383
7383,73.83000000000087,0.9996313993893682
7384,73.84000000000087,0.9996315361371133
7385,73.85000000000088,0.999631672852478
7386,73.86000000000088,0.9996318095354667
7387,73.87000000000089,0.9996319461860841
7388,73.88000000000089,0.9996320828043345
7389,73.8900000000009,0.9996322193902225
7390,73.9000000000009,0.9996323559437525
7391,73.9100000000009,0.9996324924649292
7392,73.92000000000091,0.9996326289537569
7393,73.93000000000092,0.9996327654102402
7394,73.94000000000092,0.9996329018343835
7395,73.95000000000093,0.9996330382261913
7396,73.96000000000093,0.9996331745856681
7397,73.97000000000094,0.9996333109128185
7398,73.98000000000094,0.9996334472076468
7399,73.99000000000095,0.9996335834701575
7400,74.00000000000095,0.9996337197003553
7401,74.01000000000096,0.9996338558982444
7402,74.02000000000096,0.9996339920638295
7403,74.03000000000097,0.999634128197115
7404,74.04000000000097,0.9996342642981053
7405,74.05000000000098,0.999634400366805
7406,74.06000000000098,0.9996345364032184
7407,74.07000000000099,0.9996346724073502
7408,74.080000000001,0.9996348083792047
7409,74.090000000001,0.9996349443187865
7410,74.100000000001,0.9996350802260999
7411,74.11000000000101,0.9996352161011496
7412,74.12000000000101,0.9996353519439398
7413,74.13000000000102,0.9996354877544753
7414,74.14000000000102,0.9996356235327603
7415,74.15000000000103,0.9996357592787992
7416,74.16000000000103,0.9996358949925968
7417,74.17000000000104,0.9996360306741572
7418,74.18000000000104,0.9996361663234851
7419,74.19000000000105,0.9996363019405848
7420,74.20000000000105,0.999636437525461
7421,74.21000000000106,0.9996365730781179
7422,74.22000000000106,0.9996367085985601
7423,74.23000000000107,0.999636844086792
7424,74.24000000000107,0.999636979542818
7425,74.25000000000108,0.9996371149666426
7426,74.26000000000109,0.9996372503582704
7427,74.27000000000109,0.9996373857177057
7428,74.2800000000011,0.9996375210449528
7429,74.2900000000011,0.9996376563400166
7430,74.3000000000011,0.999637791602901
7431,74.31000000000111,0.9996379268336109
7432,74.32000000000112,0.9996380620321503
7433,74.33000000000112,0.9996381971985241
7434,74.34000000000113,0.9996383323327365
7435,74.35000000000113,0.9996384674347919
7436,74.36000000000114,0.9996386025046949
7437,74.37000000000114,0.9996387375424498
7438,74.38000000000115,0.9996388725480612
7439,74.39000000000115,0.9996390075215332
7440,74.40000000000116,0.9996391424628707
7441,74.41000000000116,0.9996392773720778
7442,74.42000000000117,0.999639412249159
7443,74.43000000000117,0.9996395470941188
7444,74.44000000000118,0.9996396819069616
7445,74.45000000000118,0.9996398166876918
7446,74.46000000000119,0.9996399514363138
7447,74.47000000000119,0.9996400861528322
7448,74.4800000000012,0.9996402208372511
7449,74.4900000000012,0.9996403554895753
7450,74.50000000000121,0.999640490109809
7451,74.51000000000121,0.9996406246979567
7452,74.52000000000122,0.9996407592540227
7453,74.53000000000122,0.9996408937780116
7454,74.54000000000123,0.9996410282699276
7455,74.55000000000123,0.9996411627297753
7456,74.56000000000124,0.9996412971575591
7457,74.57000000000124,0.9996414315532834
7458,74.58000000000125,0.9996415659169525
7459,74.59000000000125,0.999641700248571
7460,74.60000000000126,0.9996418345481431
7461,74.61000000000126,0.9996419688156735
7462,74.62000000000127,0.9996421030511663
7463,74.63000000000127,0.9996422372546261
7464,74.64000000000128,0.9996423714260573
7465,74.65000000000128,0.9996425055654641
7466,74.66000000000129,0.9996426396728512
7467,74.6700000000013,0.9996427737482227
7468,74.6800000000013,0.9996429077915833
7469,74.6900000000013,0.9996430418029372
7470,74.70000000000131,0.9996431757822889
7471,74.71000000000132,0.9996433097296428
7472,74.72000000000132,0.9996434436450032
7473,74.73000000000133,0.9996435775283745
7474,74.74000000000133,0.9996437113797613
7475,74.75000000000134,0.9996438451991678
7476,74.76000000000134,0.9996439789865984
7477,74.77000000000135,0.9996441127420576
7478,74.78000000000135,0.9996442464655496
7479,74.79000000000136,0.999644380157079
7480,74.80000000000136,0.9996445138166501
7481,74.81000000000137,0.9996446474442673
7482,74.82000000000137,0.9996447810399349
7483,74.83000000000138,0.9996449146036575
7484,74.84000000000138,0.9996450481354392
7485,74.85000000000139,0.9996451816352846
7486,74.86000000000139,0.999645315103198
7487,74.8700000000014,0.9996454485391837
7488,74.8800000000014,0.9996455819432463
7489,74.89000000000141,0.9996457153153899
7490,74.90000000000141,0.9996458486556191
7491,74.91000000000142,0.9996459819639383
7492,74.92000000000142,0.9996461152403516
7493,74.93000000000143,0.9996462484848636
7494,74.94000000000143,0.9996463816974787
7495,74.95000000000144,0.9996465148782011
7496,74.96000000000144,0.9996466480270353
7497,74.97000000000145,0.9996467811439856
7498,74.98000000000145,0.9996469142290564
7499,74.99000000000146,0.9996470472822521
7500,75.00000000000146,0.999647180303577
7501,75.01000000000147,0.9996473132930355
7502,75.02000000000147,0.9996474462506318
7503,75.03000000000148,0.9996475791763707
7504,75.04000000000148,0.999647712070256
7505,75.05000000000149,0.9996478449322925
7506,75.0600000000015,0.9996479777624844
7507,75.0700000000015,0.999648110560836
7508,75.0800000000015,0.9996482433273518
7509,75.09000000000151,0.9996483760620359
7510,75.10000000000151,0.999648508764893
7511,75.11000000000152,0.9996486414359271
7512,75.12000000000153,0.9996487740751429
7513,75.13000000000153,0.9996489066825445
7514,75.14000000000154,0.9996490392581362
7515,75.15000000000154,0.9996491718019226
7516,75.16000000000155,0.9996493043139079
7517,75.17000000000155,0.9996494367940965
7518,75.18000000000156,0.9996495692424926
7519,75.19000000000156,0.9996497016591007
7520,75.20000000000157,0.9996498340439252
7521,75.21000000000157,0.9996499663969701
7522,75.22000000000158,0.9996500987182402
7523,75.23000000000158,0.9996502310077395
7524,75.24000000000159,0.9996503632654725
7525,75.25000000000159,0.9996504954914435
7526,75.2600000000016,0.9996506276856568
7527,75.2700000000016,0.9996507598481168
7528,75.2800000000016,0.9996508919788277
7529,75.29000000000161,0.999651024077794
7530,75.30000000000162,0.99965115614502
7531,75.31000000000162,0.99965128818051
7532,75.32000000000163,0.9996514201842682
7533,75.33000000000163,0.9996515521562991
7534,75.34000000000164,0.999651684096607
7535,75.35000000000164,0.9996518160051961
7536,75.36000000000165,0.999651947882071
7537,75.37000000000165,0.9996520797272357
7538,75.38000000000166,0.9996522115406947
7539,75.39000000000166,0.9996523433224523
7540,75.40000000000167,0.9996524750725129
7541,75.41000000000167,0.9996526067908806
7542,75.42000000000168,0.9996527384775599
7543,75.43000000000168,0.9996528701325551
7544,75.44000000000169,0.9996530017558705
7545,75.4500000000017,0.9996531333475103
7546,75.4600000000017,0.9996532649074789
7547,75.4700000000017,0.9996533964357807
7548,75.48000000000171,0.9996535279324198
7549,75.49000000000171,0.9996536593974008
7550,75.50000000000172,0.9996537908307277
7551,75.51000000000172,0.999653922232405
7552,75.52000000000173,0.9996540536024371
7553,75.53000000000173,0.999654184940828
7554,75.54000000000174,0.9996543162475823
7555,75.55000000000175,0.999654447522704
7556,75.56000000000175,0.9996545787661978
7557,75.57000000000176,0.9996547099780676
7558,75.58000000000176,0.9996548411583179
7559,75.59000000000177,0.9996549723069531
7560,75.60000000000177,0.9996551034239772
7561,75.61000000000178,0.9996552345093949
7562,75.62000000000178,0.9996553655632101
7563,75.63000000000179,0.9996554965854273
7564,75.64000000000179,0.9996556275760508
7565,75.6500000000018,0.9996557585350847
7566,75.6600000000018,0.9996558894625336
7567,75.6700000000018,0.9996560203584015
7568,75.68000000000181,0.9996561512226929
7569,75.69000000000182,0.9996562820554119
7570,75.70000000000182,0.999656412856563
7571,75.71000000000183,0.9996565436261503
7572,75.72000000000183,0.9996566743641783
7573,75.73000000000184,0.999656805070651
7574,75.74000000000184,0.9996569357455729
7575,75.75000000000185,0.9996570663889481
7576,75.76000000000185,0.9996571970007812
7577,75.77000000000186,0.9996573275810761
7578,75.78000000000186,0.9996574581298372
7579,75.79000000000187,0.9996575886470689
7580,75.80000000000187,0.9996577191327753
7581,75.81000000000188,0.9996578495869609
7582,75.82000000000188,0.9996579800096298
7583,75.83000000000189,0.9996581104007862
7584,75.8400000000019,0.9996582407604346
7585,75.8500000000019,0.9996583710885791
7586,75.8600000000019,0.9996585013852242
7587,75.87000000000191,0.9996586316503737
7588,75.88000000000191,0.9996587618840324
7589,75.89000000000192,0.9996588920862042
7590,75.90000000000192,0.9996590222568935
7591,75.91000000000193,0.9996591523961046
7592,75.92000000000193,0.9996592825038416
7593,75.93000000000194,0.9996594125801089
7594,75.94000000000194,0.9996595426249109
7595,75.95000000000195,0.9996596726382515
7596,75.96000000000195,0.9996598026201352
7597,75.97000000000196,0.9996599325705662
7598,75.98000000000197,0.9996600624895488
7599,75.99000000000197,0.9996601923770871
7600,76.00000000000198,0.9996603222331857
7601,76.01000000000198,0.9996604520578485
7602,76.02000000000199,0.9996605818510798
7603,76.03000000000199,0.999660711612884
7604,76.040000000002,0.9996608413432653
7605,76.050000000002,0.9996609710422278
7606,76.060000000002,0.999661100709776
7607,76.07000000000201,0.9996612303459139
7608,76.08000000000202,0.9996613599506459
7609,76.09000000000202,0.9996614895239762
7610,76.10000000000203,0.999661619065909
7611,76.11000000000203,0.9996617485764486
7612,76.12000000000204,0.9996618780555993
7613,76.13000000000204,0.9996620075033652
7614,76.14000000000205,0.9996621369197506
7615,76.15000000000205,0.9996622663047597
7616,76.16000000000206,0.9996623956583969
7617,76.17000000000206,0.9996625249806662
7618,76.18000000000207,0.999662654271572
7619,76.19000000000207,0.9996627835311184
7620,76.20000000000208,0.9996629127593097
7621,76.21000000000208,0.9996630419561503
7622,76.22000000000209,0.999663171121644
7623,76.2300000000021,0.9996633002557955
7624,76.2400000000021,0.9996634293586087
7625,76.2500000000021,0.9996635584300881
7626,76.26000000000211,0.9996636874702377
7627,76.27000000000211,0.9996638164790618
7628,76.28000000000212,0.9996639454565646
7629,76.29000000000212,0.9996640744027503
7630,76.30000000000213,0.9996642033176232
7631,76.31000000000213,0.9996643322011874
7632,76.32000000000214,0.9996644610534473
7633,76.33000000000214,0.999664589874407
7634,76.34000000000215,0.9996647186640707
7635,76.35000000000215,0.9996648474224427
7636,76.36000000000216,0.9996649761495271
7637,76.37000000000216,0.9996651048453281
7638,76.38000000000217,0.9996652335098501
7639,76.39000000000217,0.9996653621430972
7640,76.40000000000218,0.9996654907450736
7641,76.41000000000219,0.9996656193157835
7642,76.42000000000219,0.9996657478552311
7643,76.4300000000022,0.9996658763634206
7644,76.4400000000022,0.9996660048403563
7645,76.4500000000022,0.9996661332860423
7646,76.46000000000221,0.9996662617004829
7647,76.47000000000222,0.9996663900836822
7648,76.48000000000222,0.9996665184356445
7649,76.49000000000223,0.9996666467563738
7650,76.50000000000223,0.9996667750458745
7651,76.51000000000224,0.9996669033041508
7652,76.52000000000224,0.9996670315312068
7653,76.53000000000225,0.9996671597270468
7654,76.54000000000225,0.9996672878916748
7655,76.55000000000226,0.9996674160250952
7656,76.56000000000226,0.9996675441273122
7657,76.57000000000227,0.9996676721983297
7658,76.58000000000227,0.9996678002381523
7659,76.59000000000228,0.9996679282467839
7660,76.60000000000228,0.9996680562242288
7661,76.61000000000229,0.9996681841704911
7662,76.62000000000229,0.999668312085575
7663,76.6300000000023,0.999668439969485
7664,76.6400000000023,0.9996685678222248
7665,76.65000000000231,0.9996686956437988
7666,76.66000000000231,0.9996688234342112
7667,76.67000000000232,0.9996689511934662
7668,76.68000000000232,0.9996690789215679
7669,76.69000000000233,0.9996692066185205
7670,76.70000000000233,0.9996693342843282
7671,76.71000000000234,0.9996694619189953
7672,76.72000000000234,0.9996695895225257
7673,76.73000000000235,0.9996697170949238
7674,76.74000000000235,0.9996698446361937
7675,76.75000000000236,0.9996699721463396
7676,76.76000000000236,0.9996700996253655
7677,76.77000000000237,0.9996702270732758
7678,76.78000000000237,0.9996703544900746
7679,76.79000000000238,0.999670481875766
7680,76.80000000000238,0.9996706092303542
7681,76.81000000000239,0.9996707365538434
7682,76.8200000000024,0.9996708638462378
7683,76.8300000000024,0.9996709911075414
7684,76.8400000000024,0.9996711183377586
7685,76.85000000000241,0.9996712455368933
7686,76.86000000000242,0.9996713727049499
7687,76.87000000000242,0.9996714998419325
7688,76.88000000000243,0.9996716269478451
7689,76.89000000000243,0.9996717540226919
7690,76.90000000000244,0.9996718810664773
7691,76.91000000000244,0.9996720080792052
7692,76.92000000000245,0.9996721350608798
7693,76.93000000000245,0.9996722620115053
7694,76.94000000000246,0.9996723889310859
7695,76.95000000000246,0.9996725158196256
7696,76.96000000000247,0.9996726426771286
7697,76.97000000000247,0.9996727695035993
7698,76.98000000000248,0.9996728962990414
7699,76.99000000000248,0.9996730230634594
7700,77.00000000000249,0.9996731497968574
7701,77.01000000000249,0.9996732764992393
7702,77.0200000000025,0.9996734031706096
7703,77.0300000000025,0.9996735298109721
7704,77.04000000000251,0.9996736564203311
7705,77.05000000000251,0.9996737829986909
7706,77.06000000000252,0.9996739095460554
7707,77.07000000000252,0.9996740360624288
7708,77.08000000000253,0.9996741625478152
7709,77.09000000000253,0.9996742890022189
7710,77.10000000000254,0.9996744154256438
7711,77.11000000000254,0.9996745418180942
7712,77.12000000000255,0.9996746681795743
7713,77.13000000000255,0.999674794510088
7714,77.14000000000256,0.9996749208096396
7715,77.15000000000256,0.9996750470782333
7716,77.16000000000257,0.999675173315873
7717,77.17000000000257,0.999675299522563
7718,77.18000000000258,0.9996754256983073
7719,77.19000000000258,0.9996755518431101
7720,77.20000000000259,0.9996756779569755
7721,77.2100000000026,0.9996758040399076
7722,77.2200000000026,0.9996759300919107
7723,77.2300000000026,0.9996760561129888
7724,77.24000000000261,0.9996761821031459
7725,77.25000000000261,0.9996763080623863
7726,77.26000000000262,0.999676433990714
7727,77.27000000000263,0.9996765598881332
7728,77.28000000000263,0.999676685754648
7729,77.29000000000264,0.9996768115902624
7730,77.30000000000264,0.9996769373949806
7731,77.31000000000265,0.9996770631688069
7732,77.32000000000265,0.9996771889117451
7733,77.33000000000266,0.9996773146237995
7734,77.34000000000266,0.9996774403049741
7735,77.35000000000267,0.9996775659552731
7736,77.36000000000267,0.9996776915747005
7737,77.37000000000268,0.9996778171632607
7738,77.38000000000268,0.9996779427209573
7739,77.39000000000269,0.9996780682477948
7740,77.40000000000269,0.9996781937437772
7741,77.4100000000027,0.9996783192089087
7742,77.4200000000027,0.9996784446431932
7743,77.4300000000027,0.9996785700466349
7744,77.44000000000271,0.9996786954192379
7745,77.45000000000272,0.9996788207610062
7746,77.46000000000272,0.9996789460719442
7747,77.47000000000273,0.9996790713520557
7748,77.48000000000273,0.9996791966013449
7749,77.49000000000274,0.9996793218198158
7750,77.50000000000274,0.9996794470074726
7751,77.51000000000275,0.9996795721643195
7752,77.52000000000275,0.9996796972903603
7753,77.53000000000276,0.9996798223855993
7754,77.54000000000276,0.9996799474500405
7755,77.55000000000277,0.9996800724836881
7756,77.56000000000277,0.999680197486546
7757,77.57000000000278,0.9996803224586186
7758,77.58000000000278,0.9996804473999096
7759,77.59000000000279,0.9996805723104234
7760,77.6000000000028,0.9996806971901638
7761,77.6100000000028,0.9996808220391351
7762,77.6200000000028,0.9996809468573414
7763,77.63000000000281,0.9996810716447866
7764,77.64000000000281,0.9996811964014749
7765,77.65000000000282,0.9996813211274104
7766,77.66000000000282,0.9996814458225971
7767,77.67000000000283,0.9996815704870391
7768,77.68000000000283,0.9996816951207405
7769,77.69000000000284,0.9996818197237053
7770,77.70000000000285,0.9996819442959376
7771,77.71000000000285,0.9996820688374416
7772,77.72000000000286,0.9996821933482212
7773,77.73000000000286,0.9996823178282805
7774,77.74000000000287,0.9996824422776237
7775,77.75000000000287,0.9996825666962548
7776,77.76000000000288,0.9996826910841777
7777,77.77000000000288,0.9996828154413967
7778,77.78000000000289,0.9996829397679158
7779,77.79000000000289,0.999683064063739
7780,77.8000000000029,0.9996831883288704
7781,77.8100000000029,0.999683312563314
7782,77.8200000000029,0.9996834367670739
7783,77.83000000000291,0.9996835609401543
7784,77.84000000000292,0.9996836850825591
7785,77.85000000000292,0.9996838091942924
7786,77.86000000000293,0.9996839332753583
7787,77.87000000000293,0.9996840573257607
7788,77.88000000000294,0.9996841813455039
7789,77.89000000000294,0.9996843053345916
7790,77.90000000000295,0.9996844292930283
7791,77.91000000000295,0.9996845532208176
7792,77.92000000000296,0.9996846771179639
7793,77.93000000000296,0.9996848009844711
7794,77.94000000000297,0.9996849248203433
7795,77.95000000000297,0.9996850486255845
7796,77.96000000000298,0.9996851724001987
7797,77.97000000000298,0.9996852961441901
7798,77.98000000000299,0.9996854198575625
7799,77.990000000003,0.9996855435403202
7800,78.000000000003,0.9996856671924672
7801,78.010000000003,0.9996857908140074
7802,78.02000000000301,0.9996859144049449
7803,78.03000000000301,0.9996860379652838
7804,78.04000000000302,0.9996861614950281
7805,78.05000000000302,0.9996862849941818
7806,78.06000000000303,0.9996864084627489
7807,78.07000000000303,0.9996865319007336
7808,78.08000000000304,0.9996866553081398
7809,78.09000000000304,0.9996867786849717
7810,78.10000000000305,0.999686902031233
7811,78.11000000000305,0.999687025346928
7812,78.12000000000306,0.9996871486320608
7813,78.13000000000306,0.9996872718866351
7814,78.14000000000307,0.9996873951106552
7815,78.15000000000308,0.9996875183041251
7816,78.16000000000308,0.9996876414670486
7817,78.17000000000309,0.99968776459943
7818,78.18000000000309,0.9996878877012733
7819,78.1900000000031,0.9996880107725823
7820,78.2000000000031,0.9996881338133613
7821,78.2100000000031,0.9996882568236142
7822,78.22000000000311,0.9996883798033449
7823,78.23000000000312,0.9996885027525575
7824,78.24000000000312,0.9996886256712562
7825,78.25000000000313,0.9996887485594447
7826,78.26000000000313,0.9996888714171273
7827,78.27000000000314,0.9996889942443078
7828,78.28000000000314,0.9996891170409904
7829,78.29000000000315,0.9996892398071789
7830,78.30000000000315,0.9996893625428775
7831,78.31000000000316,0.9996894852480902
7832,78.32000000000316,0.9996896079228209
7833,78.33000000000317,0.9996897305670737
7834,78.34000000000317,0.9996898531808525
7835,78.35000000000318,0.9996899757641614
7836,78.36000000000318,0.9996900983170044
7837,78.37000000000319,0.9996902208393855
7838,78.3800000000032,0.9996903433313087
7839,78.3900000000032,0.999690465792778
7840,78.4000000000032,0.9996905882237973
7841,78.41000000000321,0.9996907106243708
7842,78.42000000000321,0.9996908329945023
7843,78.43000000000322,0.9996909553341959
7844,78.44000000000322,0.9996910776434558
7845,78.45000000000323,0.9996911999222856
7846,78.46000000000323,0.9996913221706895
7847,78.47000000000324,0.9996914443886715
7848,78.48000000000324,0.9996915665762356
7849,78.49000000000325,0.9996916887333858
7850,78.50000000000325,0.9996918108601259
7851,78.51000000000326,0.9996919329564603
7852,78.52000000000326,0.9996920550223926
7853,78.53000000000327,0.9996921770579269
7854,78.54000000000327,0.9996922990630672
7855,78.55000000000328,0.9996924210378176
7856,78.56000000000328,0.999692542982182
7857,78.57000000000329,0.9996926648961644
7858,78.5800000000033,0.9996927867797687
7859,78.5900000000033,0.9996929086329989
7860,78.6000000000033,0.9996930304558591
7861,78.61000000000331,0.9996931522483532
7862,78.62000000000332,0.9996932740104851
7863,78.63000000000332,0.9996933957422589
7864,78.64000000000333,0.9996935174436786
7865,78.65000000000333,0.9996936391147482
7866,78.66000000000334,0.9996937607554714
7867,78.67000000000334,0.9996938823658525
7868,78.68000000000335,0.9996940039458954
7869,78.69000000000335,0.9996941254956039
7870,78.70000000000336,0.9996942470149821
7871,78.71000000000336,0.999694368504034
7872,78.72000000000337,0.9996944899627636
7873,78.73000000000337,0.9996946113911747
7874,78.74000000000338,0.9996947327892713
7875,78.75000000000338,0.9996948541570576
7876,78.76000000000339,0.9996949754945373
7877,78.77000000000339,0.9996950968017146
7878,78.7800000000034,0.9996952180785933
7879,78.7900000000034,0.9996953393251773
7880,78.80000000000341,0.9996954605414707
7881,78.81000000000341,0.9996955817274775
7882,78.82000000000342,0.9996957028832015
7883,78.83000000000342,0.9996958240086468
7884,78.84000000000343,0.9996959451038172
7885,78.85000000000343,0.9996960661687169
7886,78.86000000000344,0.9996961872033495
7887,78.87000000000344,0.9996963082077194
7888,78.88000000000345,0.9996964291818302
7889,78.89000000000345,0.999696550125686
7890,78.90000000000346,0.9996966710392907
7891,78.91000000000346,0.9996967919226484
7892,78.92000000000347,0.9996969127757628
7893,78.93000000000347,0.999697033598638
7894,78.94000000000348,0.9996971543912779
7895,78.95000000000348,0.9996972751536867
7896,78.96000000000349,0.9996973958858679
7897,78.9700000000035,0.9996975165878257
7898,78.9800000000035,0.9996976372595641
7899,78.9900000000035,0.9996977579010868
7900,79.00000000000351,0.9996978785123981
7901,79.01000000000352,0.9996979990935017
7902,79.02000000000352,0.9996981196444015
7903,79.03000000000353,0.9996982401651014
7904,79.04000000000353,0.9996983606556057
7905,79.05000000000354,0.9996984811159181
7906,79.06000000000354,0.9996986015460424
7907,79.07000000000355,0.9996987219459827
7908,79.08000000000355,0.9996988423157429
7909,79.09000000000356,0.999698962655327
7910,79.10000000000356,0.9996990829647389
7911,79.11000000000357,0.9996992032439824
7912,79.12000000000357,0.9996993234930617
7913,79.13000000000358,0.9996994437119804
7914,79.14000000000358,0.9996995639007427
7915,79.15000000000359,0.9996996840593524
7916,79.16000000000359,0.9996998041878135
7917,79.1700000000036,0.9996999242861297
7918,79.1800000000036,0.9997000443543053
7919,79.19000000000361,0.9997001643923439
7920,79.20000000000361,0.9997002844002496
7921,79.21000000000362,0.9997004043780263
7922,79.22000000000362,0.9997005243256779
7923,79.23000000000363,0.9997006442432083
7924,79.24000000000363,0.9997007641306214
7925,79.25000000000364,0.9997008839879212
7926,79.26000000000364,0.9997010038151115
7927,79.27000000000365,0.9997011236121964
7928,79.28000000000365,0.9997012433791796
7929,79.29000000000366,0.9997013631160652
7930,79.30000000000366,0.999701482822857
7931,79.31000000000367,0.999701602499559
7932,79.32000000000367,0.9997017221461749
7933,79.33000000000368,0.9997018417627089
7934,79.34000000000368,0.9997019613491648
7935,79.35000000000369,0.9997020809055464
7936,79.3600000000037,0.9997022004318578
7937,79.3700000000037,0.9997023199281027
7938,79.3800000000037,0.999702439394285
7939,79.39000000000371,0.9997025588304089
7940,79.40000000000371,0.9997026782364781
7941,79.41000000000372,0.9997027976124965
7942,79.42000000000372,0.9997029169584679
7943,79.43000000000373,0.9997030362743965
7944,79.44000000000374,0.9997031555602859
7945,79.45000000000374,0.9997032748161402
7946,79.46000000000375,0.9997033940419632
7947,79.47000000000375,0.9997035132377587
7948,79.48000000000376,0.9997036324035309
7949,79.49000000000376,0.9997037515392834
7950,79.50000000000377,0.9997038706450202
7951,79.51000000000377,0.9997039897207453
7952,79.52000000000378,0.9997041087664623
7953,79.53000000000378,0.9997042277821755
7954,79.54000000000379,0.9997043467678884
7955,79.55000000000379,0.9997044657236052
7956,79.5600000000038,0.9997045846493295
7957,79.5700000000038,0.9997047035450655
7958,79.5800000000038,0.9997048224108168
7959,79.59000000000381,0.9997049412465875
7960,79.60000000000382,0.9997050600523812
7961,79.61000000000382,0.9997051788282022
7962,79.62000000000383,0.9997052975740541
7963,79.63000000000383,0.9997054162899408
7964,79.64000000000384,0.9997055349758663
7965,79.65000000000384,0.9997056536318344
7966,79.66000000000385,0.999705772257849
7967,79.67000000000385,0.9997058908539138
7968,79.68000000000386,0.999706009420033
7969,79.69000000000386,0.9997061279562103
7970,79.70000000000387,0.9997062464624495
7971,79.71000000000387,0.9997063649387546
7972,79.72000000000388,0.9997064833851295
7973,79.73000000000388,0.999706601801578
7974,79.74000000000389,0.9997067201881039
7975,79.7500000000039,0.9997068385447113
7976,79.7600000000039,0.9997069568714039
7977,79.7700000000039,0.9997070751681855
7978,79.78000000000391,0.9997071934350601
7979,79.79000000000391,0.9997073116720315
7980,79.80000000000392,0.9997074298791037
7981,79.81000000000392,0.9997075480562804
7982,79.82000000000393,0.9997076662035654
7983,79.83000000000393,0.9997077843209629
7984,79.84000000000394,0.9997079024084764
7985,79.85000000000394,0.99970802046611
7986,79.86000000000395,0.9997081384938673
7987,79.87000000000396,0.9997082564917525
7988,79.88000000000396,0.9997083744597692
7989,79.89000000000397,0.9997084923979215
7990,79.90000000000397,0.9997086103062129
7991,79.91000000000398,0.9997087281846475
7992,79.92000000000398,0.9997088460332292
7993,79.93000000000399,0.9997089638519617
7994,79.94000000000399,0.9997090816408489
7995,79.950000000004,0.9997091993998948
7996,79.960000000004,0.999709317129103
7997,79.970000000004,0.9997094348284775
7998,79.98000000000401,0.9997095524980222
7999,79.99000000000402,0.9997096701377407
8000,80.00000000000402,0.9997097877476372
8001,80.01000000000403,0.9997099053277152
8002,80.02000000000403,0.9997100228779788
8003,80.03000000000404,0.9997101403984318
8004,80.04000000000404,0.9997102578890779
8005,80.05000000000405,0.999710375349921
8006,80.06000000000405,0.999710492780965
8007,80.07000000000406,0.9997106101822137
8008,80.08000000000406,0.9997107275536711
8009,80.09000000000407,0.9997108448953408
8010,80.10000000000407,0.9997109622072267
8011,80.11000000000408,0.9997110794893327
8012,80.12000000000408,0.9997111967416626
8013,80.13000000000409,0.9997113139642203
8014,80.1400000000041,0.9997114311570096
8015,80.1500000000041,0.9997115483200342
8016,80.1600000000041,0.999711665453298
8017,80.17000000000411,0.999711782556805
8018,80.18000000000411,0.9997118996305588
8019,80.19000000000412,0.9997120166745634
8020,80.20000000000412,0.9997121336888226
8021,80.21000000000413,0.9997122506733401
8022,80.22000000000413,0.9997123676281199
8023,80.23000000000414,0.9997124845531657
8024,80.24000000000414,0.9997126014484814
8025,80.25000000000415,0.9997127183140707
8026,80.26000000000415,0.9997128351499376
8027,80.27000000000416,0.9997129519560858
8028,80.28000000000416,0.9997130687325192
8029,80.29000000000417,0.9997131854792415
8030,80.30000000000418,0.9997133021962566
8031,80.31000000000418,0.9997134188835683
8032,80.32000000000419,0.9997135355411805
8033,80.33000000000419,0.9997136521690969
8034,80.3400000000042,0.9997137687673213
8035,80.3500000000042,0.9997138853358577
8036,80.3600000000042,0.9997140018747097
8037,80.37000000000421,0.9997141183838812
8038,80.38000000000422,0.9997142348633761
8039,80.39000000000422,0.9997143513131981
8040,80.40000000000423,0.9997144677333509
8041,80.41000000000423,0.9997145841238386
8042,80.42000000000424,0.9997147004846648
8043,80.43000000000424,0.9997148168158333
8044,80.44000000000425,0.999714933117348
8045,80.45000000000425,0.9997150493892127
8046,80.46000000000426,0.9997151656314313
8047,80.47000000000426,0.9997152818440073
8048,80.48000000000427,0.9997153980269446
8049,80.49000000000427,0.9997155141802473
8050,80.50000000000428,0.9997156303039189
8051,80.51000000000428,0.9997157463979632
8052,80.52000000000429,0.9997158624623841
8053,80.53000000000429,0.9997159784971854
8054,80.5400000000043,0.999716094502371
8055,80.5500000000043,0.9997162104779445
8056,80.56000000000431,0.9997163264239096
8057,80.57000000000431,0.9997164423402705
8058,80.58000000000432,0.9997165582270305
8059,80.59000000000432,0.9997166740841938
8060,80.60000000000433,0.999716789911764
8061,80.61000000000433,0.999716905709745
8062,80.62000000000434,0.9997170214781406
8063,80.63000000000434,0.9997171372169543
8064,80.64000000000435,0.9997172529261902
8065,80.65000000000435,0.9997173686058519
8066,80.66000000000436,0.9997174842559434
8067,80.67000000000436,0.9997175998764682
8068,80.68000000000437,0.9997177154674304
8069,80.69000000000437,0.9997178310288335
8070,80.70000000000438,0.9997179465606815
8071,80.71000000000438,0.999718062062978
8072,80.72000000000439,0.9997181775357268
8073,80.7300000000044,0.9997182929789319
8074,80.7400000000044,0.9997184083925968
8075,80.7500000000044,0.9997185237767254
8076,80.76000000000441,0.9997186391313215
8077,80.77000000000442,0.9997187544563889
8078,80.78000000000442,0.9997188697519314
8079,80.79000000000443,0.9997189850179525
8080,80.80000000000443,0.9997191002544563
8081,80.81000000000444,0.9997192154614465
8082,80.82000000000444,0.9997193306389267
8083,80.83000000000445,0.9997194457869009
8084,80.84000000000445,0.9997195609053726
8085,80.85000000000446,0.9997196759943459
8086,80.86000000000446,0.9997197910538242
8087,80.87000000000447,0.9997199060838117
8088,80.88000000000447,0.9997200210843118
8089,80.89000000000448,0.9997201360553284
8090,80.90000000000448,0.9997202509968652
8091,80.91000000000449,0.9997203659089261
8092,80.92000000000449,0.9997204807915148
8093,80.9300000000045,0.999720595644635
8094,80.9400000000045,0.9997207104682905
8095,80.95000000000451,0.9997208252624851
8096,80.96000000000451,0.9997209400272224
8097,80.97000000000452,0.9997210547625064
8098,80.98000000000452,0.9997211694683408
8099,80.99000000000453,0.9997212841447292
8100,81.00000000000453,0.9997213987916754
8101,81.01000000000454,0.9997215134091832
8102,81.02000000000454,0.9997216279972565
8103,81.03000000000455,0.9997217425558987
8104,81.04000000000455,0.999721857085114
8105,81.05000000000456,0.9997219715849057
8106,81.06000000000456,0.9997220860552779
8107,81.07000000000457,0.9997222004962342
8108,81.08000000000457,0.9997223149077783
8109,81.09000000000458,0.999722429289914
8110,81.10000000000458,0.999722543642645
8111,81.11000000000459,0.9997226579659753
8112,81.1200000000046,0.9997227722599082
8113,81.1300000000046,0.9997228865244479
8114,81.1400000000046,0.9997230007595977
8115,81.15000000000461,0.9997231149653617
8116,81.16000000000462,0.9997232291417435
8117,81.17000000000462,0.9997233432887468
8118,81.18000000000463,0.9997234574063755
8119,81.19000000000463,0.9997235714946331
8120,81.20000000000464,0.9997236855535235
8121,81.21000000000464,0.9997237995830504
8122,81.22000000000465,0.9997239135832175
8123,81.23000000000465,0.9997240275540287
8124,81.24000000000466,0.9997241414954874
8125,81.25000000000466,0.9997242554075977
8126,81.26000000000467,0.999724369290363
8127,81.27000000000467,0.9997244831437874
8128,81.28000000000468,0.9997245969678743
8129,81.29000000000468,0.9997247107626276
8130,81.30000000000469,0.9997248245280509
8131,81.31000000000469,0.9997249382641481
8132,81.3200000000047,0.9997250519709228
8133,81.3300000000047,0.9997251656483788
8134,81.34000000000471,0.9997252792965197
8135,81.35000000000471,0.9997253929153493
8136,81.36000000000472,0.9997255065048715
8137,81.37000000000472,0.9997256200650897
8138,81.38000000000473,0.9997257335960078
8139,81.39000000000473,0.9997258470976296
8140,81.40000000000474,0.9997259605699585
8141,81.41000000000474,0.9997260740129986
8142,81.42000000000475,0.9997261874267535
8143,81.43000000000475,0.9997263008112267
8144,81.44000000000476,0.9997264141664223
8145,81.45000000000476,0.9997265274923436
8146,81.46000000000477,0.9997266407889945
8147,81.47000000000477,0.9997267540563789
8148,81.48000000000478,0.9997268672945002
8149,81.49000000000478,0.9997269805033623
8150,81.50000000000479,0.9997270936829689
8151,81.5100000000048,0.9997272068333236
8152,81.5200000000048,0.9997273199544302
8153,81.5300000000048,0.9997274330462924
8154,81.54000000000481,0.9997275461089139
8155,81.55000000000481,0.9997276591422983
8156,81.56000000000482,0.9997277721464495
8157,81.57000000000482,0.9997278851213711
8158,81.58000000000483,0.9997279980670668
8159,81.59000000000484,0.9997281109835403
8160,81.60000000000484,0.9997282238707953
8161,81.61000000000485,0.9997283367288355
8162,81.62000000000485,0.9997284495576647
8163,81.63000000000486,0.9997285623572865
8164,81.64000000000486,0.9997286751277046
8165,81.65000000000487,0.9997287878689226
8166,81.66000000000487,0.9997289005809444
8167,81.67000000000488,0.9997290132637736
8168,81.68000000000488,0.9997291259174139
8169,81.69000000000489,0.999729238541869
8170,81.70000000000489,0.9997293511371426
8171,81.7100000000049,0.9997294637032382
8172,81.7200000000049,0.9997295762401598
8173,81.7300000000049,0.999729688747911
8174,81.74000000000491,0.9997298012264954
8175,81.75000000000492,0.9997299136759167
8176,81.76000000000492,0.9997300260961787
8177,81.77000000000493,0.9997301384872849
8178,81.78000000000493,0.999730250849239
8179,81.79000000000494,0.999730363182045
8180,81.80000000000494,0.9997304754857063
8181,81.81000000000495,0.9997305877602266
8182,81.82000000000495,0.9997307000056097
8183,81.83000000000496,0.9997308122218591
8184,81.84000000000496,0.9997309244089786
8185,81.85000000000497,0.9997310365669719
8186,81.86000000000497,0.9997311486958427
8187,81.87000000000498,0.9997312607955946
8188,81.88000000000498,0.9997313728662313
8189,81.89000000000499,0.9997314849077564
8190,81.900000000005,0.9997315969201737
8191,81.910000000005,0.9997317089034868
8192,81.920000000005,0.9997318208576994
8193,81.93000000000501,0.9997319327828152
8194,81.94000000000501,0.9997320446788379
8195,81.95000000000502,0.9997321565457711
8196,81.96000000000502,0.9997322683836184
8197,81.97000000000503,0.9997323801923835
8198,81.98000000000503,0.9997324919720703
8199,81.99000000000504,0.9997326037226822
8200,82.00000000000504,0.9997327154442229
8201,82.01000000000505,0.9997328271366963
8202,82.02000000000506,0.9997329388001057
8203,82.03000000000506,0.999733050434455
8204,82.04000000000507,0.9997331620397479
8205,82.05000000000507,0.999733273615988
8206,82.06000000000508,0.9997333851631788
8207,82.07000000000508,0.9997334966813242
8208,82.08000000000509,0.9997336081704277
8209,82.09000000000509,0.999733719630493
8210,82.1000000000051,0.9997338310615237
8211,82.1100000000051,0.9997339424635237
8212,82.1200000000051,0.9997340538364964
8213,82.13000000000511,0.9997341651804456
8214,82.14000000000512,0.9997342764953748
8215,82.15000000000512,0.9997343877812878
8216,82.16000000000513,0.9997344990381882
8217,82.17000000000513,0.9997346102660797
8218,82.18000000000514,0.9997347214649658
8219,82.19000000000514,0.9997348326348503
8220,82.20000000000515,0.9997349437757369
8221,82.21000000000515,0.999735054887629
8222,82.22000000000516,0.9997351659705305
8223,82.23000000000516,0.999735277024445
8224,82.24000000000517,0.999735388049376
8225,82.25000000000517,0.9997354990453272
8226,82.26000000000518,0.9997356100123024
8227,82.27000000000518,0.999735720950305
8228,82.28000000000519,0.9997358318593389
8229,82.2900000000052,0.9997359427394075
8230,82.3000000000052,0.9997360535905145
8231,82.3100000000052,0.9997361644126638
8232,82.32000000000521,0.9997362752058587
8233,82.33000000000521,0.999736385970103
8234,82.34000000000522,0.9997364967054002
8235,82.35000000000522,0.9997366074117542
8236,82.36000000000523,0.9997367180891683
8237,82.37000000000523,0.9997368287376465
8238,82.38000000000524,0.9997369393571921
8239,82.39000000000524,0.9997370499478089
8240,82.40000000000525,0.9997371605095006
8241,82.41000000000525,0.9997372710422706
8242,82.42000000000526,0.9997373815461228
8243,82.43000000000526,0.9997374920210607
8244,82.44000000000527,0.9997376024670878
8245,82.45000000000528,0.9997377128842079
8246,82.46000000000528,0.9997378232724247
8247,82.47000000000529,0.9997379336317416
8248,82.48000000000529,0.9997380439621623
8249,82.4900000000053,0.9997381542636905
8250,82.5000000000053,0.9997382645363297
8251,82.5100000000053,0.9997383747800838
8252,82.52000000000531,0.9997384849949561
8253,82.53000000000532,0.9997385951809503
8254,82.54000000000532,0.9997387053380702
8255,82.55000000000533,0.9997388154663193
8256,82.56000000000533,0.9997389255657011
8257,82.57000000000534,0.9997390356362194
8258,82.58000000000534,0.9997391456778776
8259,82.59000000000535,0.9997392556906796
8260,82.60000000000535,0.9997393656746287
8261,82.61000000000536,0.9997394756297289
8262,82.62000000000536,0.9997395855559835
8263,82.63000000000537,0.9997396954533961
8264,82.64000000000537,0.9997398053219706
8265,82.65000000000538,0.9997399151617103
8266,82.66000000000538,0.999740024972619
8267,82.67000000000539,0.9997401347547004
8268,82.68000000000539,0.9997402445079577
8269,82.6900000000054,0.9997403542323949
8270,82.7000000000054,0.9997404639280155
8271,82.71000000000541,0.999740573594823
8272,82.72000000000541,0.9997406832328212
8273,82.73000000000542,0.9997407928420134
8274,82.74000000000542,0.9997409024224035
8275,82.75000000000543,0.999741011973995
8276,82.76000000000543,0.9997411214967915
8277,82.77000000000544,0.9997412309907966
8278,82.78000000000544,0.9997413404560139
8279,82.79000000000545,0.999741449892447
8280,82.80000000000545,0.9997415593000994
8281,82.81000000000546,0.9997416686789748
8282,82.82000000000546,0.9997417780290769
8283,82.83000000000547,0.9997418873504091
8284,82.84000000000547,0.9997419966429751
8285,82.85000000000548,0.9997421059067785
8286,82.86000000000548,0.9997422151418228
8287,82.87000000000549,0.9997423243481117
8288,82.8800000000055,0.9997424335256487
8289,82.8900000000055,0.9997425426744375
8290,82.9000000000055,0.9997426517944816
8291,82.91000000000551,0.9997427608857846
8292,82.92000000000552,0.9997428699483502
8293,82.93000000000552,0.9997429789821817
8294,82.94000000000553,0.999743087987283
8295,82.95000000000553,0.9997431969636575
8296,82.96000000000554,0.9997433059113089
8297,82.97000000000554,0.9997434148302408
8298,82.98000000000555,0.9997435237204566
8299,82.99000000000555,0.99974363258196
8300,83.00000000000556,0.9997437414147546
8301,83.01000000000556,0.999743850218844
8302,83.02000000000557,0.9997439589942317
8303,83.03000000000557,0.9997440677409213
8304,83.04000000000558,0.9997441764589164
8305,83.05000000000558,0.9997442851482207
8306,83.06000000000559,0.9997443938088374
8307,83.07000000000559,0.9997445024407705
8308,83.0800000000056,0.9997446110440233
8309,83.0900000000056,0.9997447196185996
8310,83.10000000000561,0.9997448281645027
8311,83.11000000000561,0.9997449366817365
8312,83.12000000000562,0.9997450451703042
8313,83.13000000000562,0.9997451536302097
8314,83.14000000000563,0.9997452620614563
8315,83.15000000000563,0.9997453704640478
8316,83.16000000000564,0.9997454788379876
8317,83.17000000000564,0.9997455871832793
8318,83.18000000000565,0.9997456954999265
8319,83.19000000000565,0.9997458037879329
8320,83.20000000000566,0.9997459120473018
8321,83.21000000000566,0.9997460202780369
8322,83.22000000000567,0.9997461284801418
8323,83.23000000000567,0.99974623665362
8324,83.24000000000568,0.999746344798475
8325,83.25000000000568,0.9997464529147105
8326,83.26000000000569,0.9997465610023301
8327,83.2700000000057,0.9997466690613371
8328,83.2800000000057,0.9997467770917353
8329,83.2900000000057,0.9997468850935282
8330,83.30000000000571,0.9997469930667193
8331,83.31000000000572,0.9997471010113121
8332,83.32000000000572,0.9997472089273104
8333,83.33000000000573,0.9997473168147175
8334,83.34000000000573,0.999747424673537
8335,83.35000000000574,0.9997475325037726
8336,83.36000000000574,0.9997476403054276
8337,83.37000000000575,0.9997477480785059
8338,83.38000000000575,0.9997478558230107
8339,83.39000000000576,0.9997479635389457
8340,83.40000000000576,0.9997480712263145
8341,83.41000000000577,0.9997481788851206
8342,83.42000000000577,0.9997482865153675
8343,83.43000000000578,0.9997483941170588
8344,83.44000000000578,0.999748501690198
8345,83.45000000000579,0.9997486092347888
8346,83.46000000000579,0.9997487167508345
8347,83.4700000000058,0.9997488242383388
8348,83.4800000000058,0.9997489316973052
8349,83.49000000000581,0.9997490391277373
8350,83.50000000000581,0.9997491465296384
8351,83.51000000000582,0.9997492539030124
8352,83.52000000000582,0.9997493612478625
8353,83.53000000000583,0.9997494685641926
8354,83.54000000000583,0.9997495758520059
8355,83.55000000000584,0.9997496831113061
8356,83.56000000000584,0.9997497903420967
8357,83.57000000000585,0.9997498975443813
8358,83.58000000000585,0.9997500047181632
8359,83.59000000000586,0.9997501118634462
8360,83.60000000000586,0.9997502189802338
8361,83.61000000000587,0.9997503260685294
8362,83.62000000000587,0.9997504331283366
8363,83.63000000000588,0.9997505401596589
8364,83.64000000000588,0.9997506471625
8365,83.65000000000589,0.9997507541368631
8366,83.6600000000059,0.999750861082752
8367,83.6700000000059,0.99975096800017
8368,83.6800000000059,0.999751074889121
8369,83.69000000000591,0.9997511817496081
8370,83.70000000000591,0.9997512885816351
8371,83.71000000000592,0.9997513953852054
8372,83.72000000000592,0.9997515021603225
8373,83.73000000000593,0.9997516089069901
8374,83.74000000000594,0.9997517156252115
8375,83.75000000000594,0.9997518223149903
8376,83.76000000000595,0.99975192897633
8377,83.77000000000595,0.9997520356092343
8378,83.78000000000596,0.9997521422137065
8379,83.79000000000596,0.9997522487897501
8380,83.80000000000597,0.9997523553373687
8381,83.81000000000597,0.999752461856566
8382,83.82000000000598,0.9997525683473452
8383,83.83000000000598,0.9997526748097099
8384,83.84000000000599,0.9997527812436636
8385,83.85000000000599,0.99975288764921
8386,83.860000000006,0.9997529940263524
8387,83.870000000006,0.9997531003750945
8388,83.880000000006,0.9997532066954395
8389,83.89000000000601,0.9997533129873912
8390,83.90000000000602,0.9997534192509531
8391,83.91000000000602,0.9997535254861284
8392,83.92000000000603,0.999753631692921
8393,83.93000000000603,0.9997537378713341
8394,83.94000000000604,0.9997538440213715
8395,83.95000000000604,0.9997539501430364
8396,83.96000000000605,0.9997540562363324
8397,83.97000000000605,0.9997541623012631
8398,83.98000000000606,0.9997542683378319
8399,83.99000000000606,0.9997543743460424
8400,84.00000000000607,0.999754480325898
8401,84.01000000000607,0.9997545862774022
8402,84.02000000000608,0.9997546922005586
8403,84.03000000000608,0.9997547980953706
8404,84.04000000000609,0.9997549039618417
8405,84.0500000000061,0.9997550097999754
8406,84.0600000000061,0.9997551156097753
8407,84.0700000000061,0.9997552213912447
8408,84.08000000000611,0.9997553271443873
8409,84.09000000000611,0.9997554328692065
8410,84.10000000000612,0.9997555385657058
8411,84.11000000000612,0.9997556442338885
8412,84.12000000000613,0.9997557498737584
8413,84.13000000000613,0.9997558554853189
8414,84.14000000000614,0.9997559610685733
8415,84.15000000000614,0.9997560666235253
8416,84.16000000000615,0.9997561721501783
8417,84.17000000000616,0.9997562776485358
8418,84.18000000000616,0.9997563831186014
8419,84.19000000000617,0.9997564885603784
8420,84.20000000000617,0.9997565939738702
8421,84.21000000000618,0.9997566993590806
8422,84.22000000000618,0.9997568047160128
8423,84.23000000000619,0.9997569100446705
8424,84.24000000000619,0.999757015345057
8425,84.2500000000062,0.9997571206171759
8426,84.2600000000062,0.9997572258610307
8427,84.2700000000062,0.9997573310766247
8428,84.28000000000621,0.9997574362639615
8429,84.29000000000622,0.9997575414230446
8430,84.30000000000622,0.9997576465538774
8431,84.31000000000623,0.9997577516564635
8432,84.32000000000623,0.9997578567308063
8433,84.33000000000624,0.9997579617769091
8434,84.34000000000624,0.9997580667947757
8435,84.35000000000625,0.9997581717844093
8436,84.36000000000625,0.9997582767458135
8437,84.37000000000626,0.9997583816789918
8438,84.38000000000626,0.9997584865839475
8439,84.39000000000627,0.9997585914606844
8440,84.40000000000627,0.9997586963092054
8441,84.41000000000628,0.9997588011295147
8442,84.42000000000628,0.9997589059216151
8443,84.43000000000629,0.9997590106855104
8444,84.4400000000063,0.9997591154212041
8445,84.4500000000063,0.9997592201286994
8446,84.4600000000063,0.9997593248080001
8447,84.47000000000631,0.9997594294591094
8448,84.48000000000631,0.999759534082031
8449,84.49000000000632,0.9997596386767681
8450,84.50000000000632,0.9997597432433243
8451,84.51000000000633,0.999759847781703
8452,84.52000000000633,0.9997599522919077
8453,84.53000000000634,0.999760056773942
8454,84.54000000000634,0.9997601612278091
8455,84.55000000000635,0.9997602656535125
8456,84.56000000000635,0.9997603700510558
8457,84.57000000000636,0.9997604744204422
8458,84.58000000000636,0.9997605787616756
8459,84.59000000000637,0.999760683074759
8460,84.60000000000637,0.9997607873596961
8461,84.61000000000638,0.9997608916164902
8462,84.62000000000639,0.9997609958451449
8463,84.63000000000639,0.9997611000456635
8464,84.6400000000064,0.9997612042180496
8465,84.6500000000064,0.9997613083623065
8466,84.6600000000064,0.9997614124784377
8467,84.67000000000641,0.9997615165664469
8468,84.68000000000642,0.999761620626337
8469,84.69000000000642,0.999761724658112
8470,84.70000000000643,0.999761828661775
8471,84.71000000000643,0.9997619326373295
8472,84.72000000000644,0.999762036584779
8473,84.73000000000644,0.9997621405041269
8474,84.74000000000645,0.9997622443953768
8475,84.75000000000645,0.9997623482585318
8476,84.76000000000646,0.9997624520935957
8477,84.77000000000646,0.9997625559005717
8478,84.78000000000647,0.9997626596794634
8479,84.79000000000647,0.9997627634302741
8480,84.80000000000648,0.9997628671530073
8481,84.81000000000648,0.9997629708476665
8482,84.82000000000649,0.999763074514255
8483,84.83000000000649,0.9997631781527763
8484,84.8400000000065,0.9997632817632338
8485,84.8500000000065,0.9997633853456309
8486,84.86000000000651,0.9997634888999712
8487,84.87000000000651,0.999763592426258
8488,84.88000000000652,0.9997636959244948
8489,84.89000000000652,0.9997637993946848
8490,84.90000000000653,0.9997639028368318
8491,84.91000000000653,0.999764006250939
8492,84.92000000000654,0.9997641096370098
8493,84.93000000000654,0.9997642129950477
8494,84.94000000000655,0.999764316325056
8495,84.95000000000655,0.9997644196270384
8496,84.96000000000656,0.9997645229009982
8497,84.97000000000656,0.9997646261469386
8498,84.98000000000657,0.9997647293648633
8499,84.99000000000657,0.9997648325547757
8500,85.00000000000658,0.999764935716679
8501,85.01000000000658,0.9997650388505768
8502,85.02000000000659,0.9997651419564725
8503,85.0300000000066,0.9997652450343695
8504,85.0400000000066,0.9997653480842712
8505,85.0500000000066,0.9997654511061811
8506,85.06000000000661,0.9997655541001025
8507,85.07000000000662,0.9997656570660388
8508,85.08000000000662,0.9997657600039936
8509,85.09000000000663,0.9997658629139701
8510,85.10000000000663,0.9997659657959719
8511,85.11000000000664,0.9997660686500022
8512,85.12000000000664,0.9997661714760646
8513,85.13000000000665,0.9997662742741624
8514,85.14000000000665,0.999766377044299
8515,85.15000000000666,0.999766479786478
8516,85.16000000000666,0.9997665825007026
8517,85.17000000000667,0.9997666851869762
8518,85.18000000000667,0.9997667878453024
8519,85.19000000000668,0.9997668904756843
8520,85.20000000000668,0.9997669930781257
8521,85.21000000000669,0.9997670956526297
8522,85.22000000000669,0.9997671981991997
8523,85.2300000000067,0.9997673007178393
8524,85.2400000000067,0.9997674032085517
8525,85.25000000000671,0.9997675056713405
8526,85.26000000000671,0.999767608106209
8527,85.27000000000672,0.9997677105131606
8528,85.28000000000672,0.9997678128921986
8529,85.29000000000673,0.9997679152433265
8530,85.30000000000673,0.9997680175665479
8531,85.31000000000674,0.9997681198618658
8532,85.32000000000674,0.9997682221292837
8533,85.33000000000675,0.9997683243688053
8534,85.34000000000675,0.9997684265804336
8535,85.35000000000676,0.9997685287641723
8536,85.36000000000676,0.9997686309200245
8537,85.37000000000677,0.999768733047994
8538,85.38000000000677,0.9997688351480837
8539,85.39000000000678,0.9997689372202974
8540,85.40000000000678,0.9997690392646382
8541,85.41000000000679,0.9997691412811096
8542,85.4200000000068,0.9997692432697151
8543,85.4300000000068,0.9997693452304579
8544,85.4400000000068,0.9997694471633415
8545,85.45000000000681,0.9997695490683692
8546,85.46000000000681,0.9997696509455446
8547,85.47000000000682,0.9997697527948708
8548,85.48000000000683,0.9997698546163513
8549,85.49000000000683,0.9997699564099896
8550,85.50000000000684,0.9997700581757888
8551,85.51000000000684,0.9997701599137526
8552,85.52000000000685,0.9997702616238842
8553,85.53000000000685,0.999770363306187
8554,85.54000000000686,0.9997704649606644
8555,85.55000000000686,0.9997705665873197
8556,85.56000000000687,0.9997706681861565
8557,85.57000000000687,0.9997707697571778
8558,85.58000000000688,0.9997708713003874
8559,85.59000000000688,0.9997709728157884
8560,85.60000000000689,0.9997710743033843
8561,85.61000000000689,0.9997711757631784
8562,85.6200000000069,0.999771277195174
8563,85.6300000000069,0.9997713785993747
8564,85.6400000000069,0.9997714799757838
8565,85.65000000000691,0.9997715813244044
8566,85.66000000000692,0.9997716826452402
8567,85.67000000000692,0.9997717839382944
8568,85.68000000000693,0.9997718852035704
8569,85.69000000000693,0.9997719864410717
8570,85.70000000000694,0.9997720876508015
8571,85.71000000000694,0.9997721888327632
8572,85.72000000000695,0.9997722899869601
8573,85.73000000000695,0.9997723911133958
8574,85.74000000000696,0.9997724922120734
8575,85.75000000000696,0.9997725932829964
8576,85.76000000000697,0.9997726943261681
8577,85.77000000000697,0.999772795341592
8578,85.78000000000698,0.9997728963292714
8579,85.79000000000698,0.9997729972892094
8580,85.80000000000699,0.9997730982214097
8581,85.810000000007,0.9997731991258756
8582,85.820000000007,0.9997733000026102
8583,85.830000000007,0.9997734008516173
8584,85.84000000000701,0.9997735016728998
8585,85.85000000000701,0.9997736024664613
8586,85.86000000000702,0.9997737032323052
8587,85.87000000000702,0.9997738039704347
8588,85.88000000000703,0.9997739046808533
8589,85.89000000000703,0.9997740053635642
8590,85.90000000000704,0.9997741060185708
8591,85.91000000000705,0.9997742066458765
8592,85.92000000000705,0.9997743072454847
8593,85.93000000000706,0.9997744078173986
8594,85.94000000000706,0.9997745083616216
8595,85.95000000000707,0.9997746088781572
8596,85.96000000000707,0.9997747093670085
8597,85.97000000000708,0.999774809828179
8598,85.98000000000708,0.9997749102616721
8599,85.99000000000709,0.999775010667491
8600,86.00000000000709,0.999775111045639
8601,86.0100000000071,0.9997752113961197
8602,86.0200000000071,0.9997753117189362
8603,86.0300000000071,0.9997754120140919
8604,86.04000000000711,0.9997755122815902
8605,86.05000000000712,0.9997756125214344
8606,86.06000000000712,0.999775712733628
8607,86.07000000000713,0.999775812918174
8608,86.08000000000713,0.9997759130750761
8609,86.09000000000714,0.9997760132043373
8610,86.10000000000714,0.9997761133059612
8611,86.11000000000715,0.9997762133799509
8612,86.12000000000715,0.99977631342631
8613,86.13000000000716,0.9997764134450418
8614,86.14000000000716,0.9997765134361494
8615,86.15000000000717,0.9997766133996363
8616,86.16000000000717,0.9997767133355058
8617,86.17000000000718,0.9997768132437612
8618,86.18000000000718,0.999776913124406
8619,86.19000000000719,0.9997770129774434
8620,86.2000000000072,0.9997771128028766
8621,86.2100000000072,0.9997772126007091
8622,86.2200000000072,0.9997773123709441
8623,86.23000000000721,0.9997774121135852
8624,86.24000000000721,0.9997775118286355
8625,86.25000000000722,0.9997776115160982
8626,86.26000000000722,0.999777711175977
8627,86.27000000000723,0.9997778108082749
8628,86.28000000000723,0.9997779104129954
8629,86.29000000000724,0.9997780099901417
8630,86.30000000000724,0.9997781095397171
8631,86.31000000000725,0.9997782090617252
8632,86.32000000000725,0.999778308556169
8633,86.33000000000726,0.999778408023052
8634,86.34000000000727,0.9997785074623774
8635,86.35000000000727,0.9997786068741487
8636,86.36000000000728,0.999778706258369
8637,86.37000000000728,0.9997788056150416
8638,86.38000000000729,0.9997789049441701
8639,86.39000000000729,0.9997790042457576
8640,86.4000000000073,0.9997791035198075
8641,86.4100000000073,0.999779202766323
8642,86.4200000000073,0.9997793019853075
8643,86.43000000000731,0.9997794011767643
8644,86.44000000000732,0.9997795003406967
8645,86.45000000000732,0.9997795994771081
8646,86.46000000000733,0.9997796985860017
8647,86.47000000000733,0.9997797976673809
8648,86.48000000000734,0.9997798967212489
8649,86.49000000000734,0.999779995747609
8650,86.50000000000735,0.9997800947464646
8651,86.51000000000735,0.999780193717819
8652,86.52000000000736,0.9997802926616755
8653,86.53000000000736,0.9997803915780373
8654,86.54000000000737,0.9997804904669079
8655,86.55000000000737,0.9997805893282904
8656,86.56000000000738,0.9997806881621881
8657,86.57000000000738,0.9997807869686046
8658,86.58000000000739,0.9997808857475429
8659,86.5900000000074,0.9997809844990064
8660,86.6000000000074,0.9997810832229984
8661,86.6100000000074,0.9997811819195223
8662,86.62000000000741,0.9997812805885811
8663,86.63000000000741,0.9997813792301784
8664,86.64000000000742,0.9997814778443174
8665,86.65000000000742,0.9997815764310014
8666,86.66000000000743,0.9997816749902336
8667,86.67000000000743,0.9997817735220175
8668,86.68000000000744,0.9997818720263562
8669,86.69000000000744,0.999781970503253
8670,86.70000000000745,0.9997820689527114
8671,86.71000000000745,0.9997821673747345
8672,86.72000000000746,0.9997822657693255
8673,86.73000000000746,0.999782364136488
8674,86.74000000000747,0.999782462476225
8675,86.75000000000747,0.99978256078854
8676,86.76000000000748,0.9997826590734362
8677,86.77000000000749,0.9997827573309169
8678,86.78000000000749,0.9997828555609853
8679,86.7900000000075,0.9997829537636448
8680,86.8000000000075,0.9997830519388986
8681,86.8100000000075,0.9997831500867501
8682,86.82000000000751,0.9997832482072025
8683,86.83000000000752,0.9997833463002591
8684,86.84000000000752,0.9997834443659231
8685,86.85000000000753,0.999783542404198
8686,86.86000000000753,0.9997836404150868
8687,86.87000000000754,0.999783738398593
8688,86.88000000000754,0.9997838363547198
8689,86.89000000000755,0.9997839342834705
8690,86.90000000000755,0.9997840321848482
8691,86.91000000000756,0.9997841300588565
8692,86.92000000000756,0.9997842279054985
8693,86.93000000000757,0.9997843257247775
8694,86.94000000000757,0.9997844235166967
8695,86.95000000000758,0.9997845212812594
8696,86.96000000000758,0.999784619018469
8697,86.97000000000759,0.9997847167283287
8698,86.98000000000759,0.9997848144108417
8699,86.9900000000076,0.9997849120660114
8700,87.0000000000076,0.9997850096938409
8701,87.01000000000761,0.9997851072943336
8702,87.02000000000761,0.9997852048674928
8703,87.03000000000762,0.9997853024133216
8704,87.04000000000762,0.9997853999318235
8705,87.05000000000763,0.9997854974230016
8706,87.06000000000763,0.9997855948868593
8707,87.07000000000764,0.9997856923233996
8708,87.08000000000764,0.999785789732626
8709,87.09000000000765,0.9997858871145417
8710,87.10000000000765,0.9997859844691501
8711,87.11000000000766,0.9997860817964542
8712,87.12000000000766,0.9997861790964575
8713,87.13000000000767,0.9997862763691631
8714,87.14000000000767,0.9997863736145743
8715,87.15000000000768,0.9997864708326945
8716,87.16000000000768,0.9997865680235266
8717,87.17000000000769,0.9997866651870743
8718,87.1800000000077,0.9997867623233406
8719,87.1900000000077,0.9997868594323288
8720,87.2000000000077,0.9997869565140423
8721,87.21000000000771,0.9997870535684841
8722,87.22000000000772,0.9997871505956575
8723,87.23000000000772,0.9997872475955659
8724,87.24000000000773,0.9997873445682126
8725,87.25000000000773,0.9997874415136007
8726,87.26000000000774,0.9997875384317334
8727,87.27000000000774,0.9997876353226142
8728,87.28000000000775,0.9997877321862461
8729,87.29000000000775,0.9997878290226324
8730,87.30000000000776,0.9997879258317764
8731,87.31000000000776,0.9997880226136815
8732,87.32000000000777,0.9997881193683507
8733,87.33000000000777,0.9997882160957873
8734,87.34000000000778,0.9997883127959947
8735,87.35000000000778,0.999788409468976
8736,87.36000000000779,0.9997885061147344
8737,87.37000000000779,0.9997886027332733
8738,87.3800000000078,0.9997886993245958
8739,87.3900000000078,0.9997887958887053
8740,87.40000000000781,0.9997888924256049
8741,87.41000000000781,0.999788988935298
8742,87.42000000000782,0.9997890854177877
8743,87.43000000000782,0.9997891818730772
8744,87.44000000000783,0.9997892783011698
8745,87.45000000000783,0.9997893747020689
8746,87.46000000000784,0.9997894710757774
8747,87.47000000000784,0.9997895674222989
8748,87.48000000000785,0.9997896637416365
8749,87.49000000000785,0.9997897600337933
8750,87.50000000000786,0.9997898562987726
8751,87.51000000000786,0.9997899525365778
8752,87.52000000000787,0.9997900487472119
8753,87.53000000000787,0.9997901449306783
8754,87.54000000000788,0.9997902410869802
8755,87.55000000000788,0.9997903372161209
8756,87.56000000000789,0.9997904333181034
8757,87.5700000000079,0.9997905293929311
8758,87.5800000000079,0.9997906254406072
8759,87.5900000000079,0.9997907214611349
8760,87.60000000000791,0.9997908174545175
8761,87.61000000000791,0.9997909134207582
8762,87.62000000000792,0.9997910093598602
8763,87.63000000000793,0.9997911052718267
8764,87.64000000000793,0.9997912011566611
8765,87.65000000000794,0.9997912970143663
8766,87.66000000000794,0.9997913928449459
8767,87.67000000000795,0.9997914886484028
8768,87.68000000000795,0.9997915844247404
8769,87.69000000000796,0.9997916801739619
8770,87.70000000000796,0.9997917758960705
8771,87.71000000000797,0.9997918715910694
8772,87.72000000000797,0.9997919672589619
8773,87.73000000000798,0.9997920628997511
8774,87.74000000000798,0.9997921585134404
8775,87.75000000000799,0.9997922541000328
8776,87.76000000000799,0.9997923496595316
8777,87.770000000008,0.9997924451919401
8778,87.780000000008,0.9997925406972614
8779,87.790000000008,0.9997926361754989
8780,87.80000000000801,0.9997927316266555
8781,87.81000000000802,0.9997928270507347
8782,87.82000000000802,0.9997929224477395
8783,87.83000000000803,0.9997930178176734
8784,87.84000000000803,0.9997931131605393
8785,87.85000000000804,0.9997932084763406
8786,87.86000000000804,0.9997933037650805
8787,87.87000000000805,0.999793399026762
8788,87.88000000000805,0.9997934942613885
8789,87.89000000000806,0.9997935894689634
8790,87.90000000000806,0.9997936846494895
8791,87.91000000000807,0.9997937798029702
8792,87.92000000000807,0.9997938749294087
8793,87.93000000000808,0.9997939700288083
8794,87.94000000000808,0.9997940651011721
8795,87.95000000000809,0.9997941601465032
8796,87.9600000000081,0.999794255164805
8797,87.9700000000081,0.9997943501560806
8798,87.9800000000081,0.9997944451203332
8799,87.99000000000811,0.9997945400575661
8800,88.00000000000811,0.9997946349677824
8801,88.01000000000812,0.9997947298509853
8802,88.02000000000812,0.9997948247071781
8803,88.03000000000813,0.9997949195363638
8804,88.04000000000813,0.9997950143385458
8805,88.05000000000814,0.9997951091137272
8806,88.06000000000815,0.9997952038619112
8807,88.07000000000815,0.999795298583101
8808,88.08000000000816,0.9997953932772998
8809,88.09000000000816,0.9997954879445109
8810,88.10000000000817,0.9997955825847373
8811,88.11000000000817,0.9997956771979823
8812,88.12000000000818,0.9997957717842492
8813,88.13000000000818,0.9997958663435409
8814,88.14000000000819,0.9997959608758609
8815,88.15000000000819,0.9997960553812122
8816,88.1600000000082,0.999796149859598
8817,88.1700000000082,0.9997962443110215
8818,88.1800000000082,0.999796338735486
8819,88.19000000000821,0.9997964331329946
8820,88.20000000000822,0.9997965275035505
8821,88.21000000000822,0.9997966218471569
8822,88.22000000000823,0.9997967161638168
8823,88.23000000000823,0.9997968104535337
8824,88.24000000000824,0.9997969047163107
8825,88.25000000000824,0.9997969989521508
8826,88.26000000000825,0.9997970931610574
8827,88.27000000000825,0.9997971873430335
8828,88.28000000000826,0.9997972814980823
8829,88.29000000000826,0.9997973756262072
8830,88.30000000000827,0.9997974697274111
8831,88.31000000000827,0.9997975638016975
8832,88.32000000000828,0.9997976578490692
8833,88.33000000000828,0.9997977518695296
8834,88.34000000000829,0.9997978458630818
8835,88.3500000000083,0.9997979398297291
8836,88.3600000000083,0.9997980337694746
8837,88.3700000000083,0.9997981276823215
8838,88.38000000000831,0.9997982215682728
8839,88.39000000000831,0.9997983154273319
8840,88.40000000000832,0.9997984092595018
8841,88.41000000000832,0.9997985030647859
8842,88.42000000000833,0.9997985968431872
8843,88.43000000000833,0.9997986905947088
8844,88.44000000000834,0.9997987843193541
8845,88.45000000000834,0.9997988780171261
8846,88.46000000000835,0.999798971688028
8847,88.47000000000835,0.9997990653320631
8848,88.48000000000836,0.9997991589492343
8849,88.49000000000837,0.9997992525395449
8850,88.50000000000837,0.9997993461029983
8851,88.51000000000838,0.9997994396395973
8852,88.52000000000838,0.9997995331493452
8853,88.53000000000839,0.9997996266322452
8854,88.54000000000839,0.9997997200883004
8855,88.5500000000084,0.9997998135175141
8856,88.5600000000084,0.9997999069198894
8857,88.5700000000084,0.9998000002954293
8858,88.58000000000841,0.9998000936441371
8859,88.59000000000842,0.9998001869660161
8860,88.60000000000842,0.9998002802610693
8861,88.61000000000843,0.9998003735292997
8862,88.62000000000843,0.9998004667707108
8863,88.63000000000844,0.9998005599853055
8864,88.64000000000844,0.9998006531730871
8865,88.65000000000845,0.9998007463340586
8866,88.66000000000845,0.9998008394682233
8867,88.67000000000846,0.9998009325755843
8868,88.68000000000846,0.9998010256561449
8869,88.69000000000847,0.999801118709908
8870,88.70000000000847,0.9998012117368769
8871,88.71000000000848,0.9998013047370548
8872,88.72000000000848,0.9998013977104446
8873,88.73000000000849,0.9998014906570498
8874,88.7400000000085,0.9998015835768733
8875,88.7500000000085,0.9998016764699184
8876,88.7600000000085,0.9998017693361881
8877,88.77000000000851,0.9998018621756857
8878,88.78000000000851,0.9998019549884142
8879,88.79000000000852,0.9998020477743769
8880,88.80000000000852,0.9998021405335767
8881,88.81000000000853,0.9998022332660171
8882,88.82000000000853,0.9998023259717009
8883,88.83000000000854,0.9998024186506316
8884,88.84000000000854,0.9998025113028121
8885,88.85000000000855,0.9998026039282455
8886,88.86000000000855,0.999802696526935
8887,88.87000000000856,0.9998027890988839
8888,88.88000000000856,0.9998028816440951
8889,88.89000000000857,0.9998029741625719
8890,88.90000000000857,0.9998030666543175
8891,88.91000000000858,0.9998031591193348
8892,88.92000000000859,0.9998032515576272
8893,88.93000000000859,0.9998033439691976
8894,88.9400000000086,0.9998034363540492
8895,88.9500000000086,0.9998035287121853
8896,88.9600000000086,0.9998036210436089
8897,88.97000000000861,0.9998037133483231
8898,88.98000000000862,0.9998038056263312
8899,88.99000000000862,0.9998038978776361
8900,89.00000000000863,0.9998039901022411
8901,89.01000000000863,0.9998040823001493
8902,89.02000000000864,0.9998041744713638
8903,89.03000000000864,0.9998042666158878
8904,89.04000000000865,0.9998043587337243
8905,89.05000000000865,0.9998044508248766
8906,89.06000000000866,0.9998045428893477
8907,89.07000000000866,0.9998046349271408
8908,89.08000000000867,0.999804726938259
8909,89.09000000000867,0.9998048189227053
8910,89.10000000000868,0.9998049108804831
8911,89.11000000000868,0.9998050028115953
8912,89.12000000000869,0.9998050947160452
8913,89.13000000000869,0.9998051865938357
8914,89.1400000000087,0.9998052784449701
8915,89.1500000000087,0.9998053702694515
8916,89.16000000000871,0.9998054620672829
8917,89.17000000000871,0.9998055538384676
8918,89.18000000000872,0.9998056455830087
8919,89.19000000000872,0.9998057373009092
8920,89.20000000000873,0.9998058289921722
8921,89.21000000000873,0.999805920656801
8922,89.22000000000874,0.9998060122947986
8923,89.23000000000874,0.9998061039061681
8924,89.24000000000875,0.9998061954909127
8925,89.25000000000875,0.9998062870490354
8926,89.26000000000876,0.9998063785805394
8927,89.27000000000876,0.9998064700854279
8928,89.28000000000877,0.9998065615637038
8929,89.29000000000877,0.9998066530153704
8930,89.30000000000878,0.9998067444404307
8931,89.31000000000878,0.9998068358388879
8932,89.32000000000879,0.999806927210745
8933,89.3300000000088,0.9998070185560052
8934,89.3400000000088,0.9998071098746716
8935,89.3500000000088,0.9998072011667474
8936,89.36000000000881,0.9998072924322354
8937,89.37000000000882,0.9998073836711391
8938,89.38000000000882,0.9998074748834613
8939,89.39000000000883,0.9998075660692054
8940,89.40000000000883,0.9998076572283742
8941,89.41000000000884,0.999807748360971
8942,89.42000000000884,0.9998078394669988
8943,89.43000000000885,0.9998079305464608
8944,89.44000000000885,0.9998080215993601
8945,89.45000000000886,0.9998081126256997
8946,89.46000000000886,0.9998082036254827
8947,89.47000000000887,0.9998082945987125
8948,89.48000000000887,0.9998083855453918
8949,89.49000000000888,0.9998084764655238
8950,89.50000000000888,0.9998085673591118
8951,89.51000000000889,0.9998086582261588
8952,89.52000000000889,0.9998087490666678
8953,89.5300000000089,0.9998088398806421
8954,89.5400000000089,0.9998089306680845
8955,89.55000000000891,0.9998090214289983
8956,89.56000000000891,0.9998091121633866
8957,89.57000000000892,0.9998092028712524
8958,89.58000000000892,0.999809293552599
8959,89.59000000000893,0.9998093842074293
8960,89.60000000000893,0.9998094748357463
8961,89.61000000000894,0.9998095654375534
8962,89.62000000000894,0.9998096560128534
8963,89.63000000000895,0.9998097465616496
8964,89.64000000000895,0.999809837083945
8965,89.65000000000896,0.9998099275797426
8966,89.66000000000896,0.9998100180490457
8967,89.67000000000897,0.9998101084918573
8968,89.68000000000897,0.9998101989081805
8969,89.69000000000898,0.9998102892980182
8970,89.70000000000898,0.9998103796613738
8971,89.71000000000899,0.9998104699982501
8972,89.720000000009,0.9998105603086503
8973,89.730000000009,0.9998106505925777
8974,89.740000000009,0.9998107408500351
8975,89.75000000000901,0.9998108310810255
8976,89.76000000000901,0.9998109212855524
8977,89.77000000000902,0.9998110114636185
8978,89.78000000000903,0.9998111016152271
8979,89.79000000000903,0.9998111917403811
8980,89.80000000000904,0.9998112818390839
8981,89.81000000000904,0.9998113719113382
8982,89.82000000000905,0.9998114619571472
8983,89.83000000000905,0.9998115519765141
8984,89.84000000000906,0.9998116419694418
8985,89.85000000000906,0.9998117319359336
8986,89.86000000000907,0.9998118218759925
8987,89.87000000000907,0.9998119117896214
8988,89.88000000000908,0.9998120016768236
8989,89.89000000000908,0.9998120915376021
8990,89.90000000000909,0.9998121813719598
8991,89.91000000000909,0.9998122711799001
8992,89.9200000000091,0.9998123609614259
8993,89.9300000000091,0.9998124507165402
8994,89.9400000000091,0.9998125404452463
8995,89.95000000000911,0.999812630147547
8996,89.96000000000912,0.9998127198234454
8997,89.97000000000912,0.9998128094729448
8998,89.98000000000913,0.9998128990960481
8999,89.99000000000913,0.9998129886927585
9000,90.00000000000914,0.9998130782630789
9001,90.01000000000914,0.9998131678070123
9002,90.02000000000915,0.999813257324562
9003,90.03000000000915,0.9998133468157311
9004,90.04000000000916,0.9998134362805224
9005,90.05000000000916,0.9998135257189392
9006,90.06000000000917,0.9998136151309844
9007,90.07000000000917,0.9998137045166612
9008,90.08000000000918,0.9998137938759725
9009,90.09000000000918,0.9998138832089215
9010,90.10000000000919,0.9998139725155112
9011,90.1100000000092,0.9998140617957447
9012,90.1200000000092,0.9998141510496251
9013,90.1300000000092,0.9998142402771554
9014,90.14000000000921,0.9998143294783386
9015,90.15000000000921,0.9998144186531778
9016,90.16000000000922,0.9998145078016761
9017,90.17000000000922,0.9998145969238366
9018,90.18000000000923,0.9998146860196623
9019,90.19000000000923,0.9998147750891562
9020,90.20000000000924,0.9998148641323213
9021,90.21000000000925,0.9998149531491609
9022,90.22000000000925,0.9998150421396779
9023,90.23000000000926,0.9998151311038753
9024,90.24000000000926,0.9998152200417563
9025,90.25000000000927,0.9998153089533238
9026,90.26000000000927,0.9998153978385811
9027,90.27000000000928,0.999815486697531
9028,90.28000000000928,0.9998155755301765
9029,90.29000000000929,0.9998156643365208
9030,90.30000000000929,0.999815753116567
9031,90.3100000000093,0.9998158418703181
9032,90.3200000000093,0.9998159305977771
9033,90.3300000000093,0.9998160192989471
9034,90.34000000000931,0.9998161079738311
9035,90.35000000000932,0.9998161966224322
9036,90.36000000000932,0.9998162852447533
9037,90.37000000000933,0.9998163738407977
9038,90.38000000000933,0.9998164624105682
9039,90.39000000000934,0.999816550954068
9040,90.40000000000934,0.9998166394713001
9041,90.41000000000935,0.9998167279622674
9042,90.42000000000935,0.9998168164269732
9043,90.43000000000936,0.9998169048654204
9044,90.44000000000936,0.9998169932776121
9045,90.45000000000937,0.9998170816635512
9046,90.46000000000937,0.9998171700232409
9047,90.47000000000938,0.9998172583566841
9048,90.48000000000938,0.999817346663884
9049,90.49000000000939,0.9998174349448435
9050,90.5000000000094,0.9998175231995657
9051,90.5100000000094,0.9998176114280536
9052,90.5200000000094,0.9998176996303103
9053,90.53000000000941,0.9998177878063388
9054,90.54000000000941,0.9998178759561421
9055,90.55000000000942,0.9998179640797233
9056,90.56000000000942,0.9998180521770854
9057,90.57000000000943,0.9998181402482313
9058,90.58000000000943,0.9998182282931644
9059,90.59000000000944,0.9998183163118873
9060,90.60000000000944,0.9998184043044033
9061,90.61000000000945,0.9998184922707153
9062,90.62000000000945,0.9998185802108265
9063,90.63000000000946,0.9998186681247396
9064,90.64000000000946,0.9998187560124581
9065,90.65000000000947,0.9998188438739846
9066,90.66000000000948,0.9998189317093223
9067,90.67000000000948,0.9998190195184743
9068,90.68000000000949,0.9998191073014435
9069,90.69000000000949,0.9998191950582329
9070,90.7000000000095,0.9998192827888458
9071,90.7100000000095,0.9998193704932848
9072,90.7200000000095,0.9998194581715533
9073,90.73000000000951,0.9998195458236541
9074,90.74000000000952,0.9998196334495904
9075,90.75000000000952,0.999819721049365
9076,90.76000000000953,0.999819808622981
9077,90.77000000000953,0.9998198961704415
9078,90.78000000000954,0.9998199836917495
9079,90.79000000000954,0.999820071186908
9080,90.80000000000955,0.99982015865592
9081,90.81000000000955,0.9998202460987885
9082,90.82000000000956,0.9998203335155166
9083,90.83000000000956,0.9998204209061072
9084,90.84000000000957,0.9998205082705635
9085,90.85000000000957,0.9998205956088883
9086,90.86000000000958,0.9998206829210846
9087,90.87000000000958,0.9998207702071557
9088,90.88000000000959,0.9998208574671044
9089,90.8900000000096,0.9998209447009337
9090,90.9000000000096,0.9998210319086467
9091,90.9100000000096,0.9998211190902464
9092,90.92000000000961,0.9998212062457358
9093,90.93000000000961,0.9998212933751178
9094,90.94000000000962,0.9998213804783956
9095,90.95000000000962,0.9998214675555721
9096,90.96000000000963,0.9998215546066503
9097,90.97000000000963,0.9998216416316332
9098,90.98000000000964,0.999821728630524
9099,90.99000000000964,0.9998218156033254
9100,91.00000000000965,0.9998219025500406
9101,91.01000000000965,0.9998219894706726
9102,91.02000000000966,0.9998220763652242
9103,91.03000000000966,0.9998221632336988
9104,91.04000000000967,0.999822250076099
9105,91.05000000000967,0.999822336892428
9106,91.06000000000968,0.9998224236826889
9107,91.07000000000968,0.9998225104468845
9108,91.08000000000969,0.999822597185018
9109,91.0900000000097,0.9998226838970922
9110,91.1000000000097,0.9998227705831102
9111,91.1100000000097,0.999822857243075
9112,91.12000000000971,0.9998229438769894
9113,91.13000000000972,0.9998230304848568
9114,91.14000000000972,0.9998231170666799
9115,91.15000000000973,0.9998232036224618
9116,91.16000000000973,0.9998232901522055
9117,91.17000000000974,0.999823376655914
9118,91.18000000000974,0.9998234631335902
9119,91.19000000000975,0.9998235495852372
9120,91.20000000000975,0.999823636010858
9121,91.21000000000976,0.9998237224104555
9122,91.22000000000976,0.9998238087840327
9123,91.23000000000977,0.9998238951315926
9124,91.24000000000977,0.9998239814531384
9125,91.25000000000978,0.9998240677486728
9126,91.26000000000978,0.999824154018199
9127,91.27000000000979,0.9998242402617199
9128,91.28000000000979,0.9998243264792384
9129,91.2900000000098,0.9998244126707576
9130,91.3000000000098,0.9998244988362806
9131,91.31000000000981,0.9998245849758101
9132,91.32000000000981,0.9998246710893492
9133,91.33000000000982,0.9998247571769011
9134,91.34000000000982,0.9998248432384685
9135,91.35000000000983,0.9998249292740546
9136,91.36000000000983,0.9998250152836623
9137,91.37000000000984,0.9998251012672945
9138,91.38000000000984,0.9998251872249543
9139,91.39000000000985,0.9998252731566446
9140,91.40000000000985,0.9998253590623684
9141,91.41000000000986,0.9998254449421288
9142,91.42000000000986,0.9998255307959286
9143,91.43000000000987,0.9998256166237709
9144,91.44000000000987,0.9998257024256586
9145,91.45000000000988,0.9998257882015947
9146,91.46000000000988,0.9998258739515823
9147,91.47000000000989,0.9998259596756243
9148,91.4800000000099,0.9998260453737235
9149,91.4900000000099,0.9998261310458832
9150,91.5000000000099,0.9998262166921061
9151,91.51000000000991,0.9998263023123954
9152,91.52000000000992,0.9998263879067539
9153,91.53000000000992,0.9998264734751847
9154,91.54000000000993,0.9998265590176907
9155,91.55000000000993,0.9998266445342748
9156,91.56000000000994,0.9998267300249402
9157,91.57000000000994,0.9998268154896897
9158,91.58000000000995,0.9998269009285262
9159,91.59000000000995,0.9998269863414528
9160,91.60000000000996,0.9998270717284725
9161,91.61000000000996,0.9998271570895882
9162,91.62000000000997,0.999827242424803
9163,91.63000000000997,0.9998273277341196
9164,91.64000000000998,0.9998274130175412
9165,91.65000000000998,0.9998274982750707
9166,91.66000000000999,0.9998275835067111
9167,91.67000000000999,0.9998276687124652
9168,91.68000000001,0.9998277538923361
9169,91.69000000001,0.9998278390463269
9170,91.70000000001001,0.9998279241744403
9171,91.71000000001001,0.9998280092766795
9172,91.72000000001002,0.9998280943530472
9173,91.73000000001002,0.9998281794035466
9174,91.74000000001003,0.9998282644281806
9175,91.75000000001003,0.9998283494269521
9176,91.76000000001004,0.9998284343998641
9177,91.77000000001004,0.9998285193469196
9178,91.78000000001005,0.9998286042681215
9179,91.79000000001005,0.9998286891634728
9180,91.80000000001006,0.9998287740329764
9181,91.81000000001006,0.9998288588766353
9182,91.82000000001007,0.9998289436944525
9183,91.83000000001007,0.999829028486431
9184,91.84000000001008,0.9998291132525735
9185,91.85000000001008,0.9998291979928832
9186,91.86000000001009,0.9998292827073629
9187,91.8700000000101,0.9998293673960158
9188,91.8800000000101,0.9998294520588445
9189,91.8900000000101,0.9998295366958523
9190,91.90000000001011,0.999829621307042
9191,91.91000000001011,0.9998297058924165
9192,91.92000000001012,0.9998297904519788
9193,91.93000000001012,0.9998298749857318
9194,91.94000000001013,0.9998299594936786
9195,91.95000000001014,0.9998300439758221
9196,91.96000000001014,0.9998301284321651
9197,91.97000000001015,0.9998302128627107
9198,91.98000000001015,0.9998302972674618
9199,91.99000000001016,0.9998303816464214
9200,92.00000000001016,0.9998304659995922
9201,92.01000000001017,0.9998305503269775
9202,92.02000000001017,0.9998306346285802
9203,92.03000000001018,0.999830718904403
9204,92.04000000001018,0.999830803154449
9205,92.05000000001019,0.9998308873787212
9206,92.06000000001019,0.9998309715772224
9207,92.0700000000102,0.9998310557499557
9208,92.0800000000102,0.9998311398969238
9209,92.0900000000102,0.99983122401813
9210,92.10000000001021,0.9998313081135769
9211,92.11000000001022,0.9998313921832677
9212,92.12000000001022,0.9998314762272051
9213,92.13000000001023,0.9998315602453923
9214,92.14000000001023,0.999831644237832
9215,92.15000000001024,0.9998317282045274
9216,92.16000000001024,0.9998318121454811
9217,92.17000000001025,0.9998318960606963
9218,92.18000000001025,0.9998319799501758
9219,92.19000000001026,0.9998320638139226
9220,92.20000000001026,0.9998321476519397
9221,92.21000000001027,0.9998322314642301
9222,92.22000000001027,0.9998323152507964
9223,92.23000000001028,0.9998323990116418
9224,92.24000000001028,0.9998324827467692
9225,92.25000000001029,0.9998325664561813
9226,92.2600000000103,0.9998326501398815
9227,92.2700000000103,0.9998327337978724
9228,92.2800000000103,0.999832817430157
9229,92.29000000001031,0.9998329010367382
9230,92.30000000001031,0.9998329846176189
9231,92.31000000001032,0.9998330681728022
9232,92.32000000001032,0.9998331517022908
9233,92.33000000001033,0.9998332352060879
9234,92.34000000001033,0.9998333186841962
9235,92.35000000001034,0.9998334021366188
9236,92.36000000001034,0.9998334855633584
9237,92.37000000001035,0.9998335689644181
9238,92.38000000001036,0.9998336523398008
9239,92.39000000001036,0.9998337356895094
9240,92.40000000001037,0.9998338190135468
9241,92.41000000001037,0.999833902311916
9242,92.42000000001038,0.9998339855846199
9243,92.43000000001038,0.9998340688316614
9244,92.44000000001039,0.9998341520530434
9245,92.45000000001039,0.9998342352487689
9246,92.4600000000104,0.9998343184188407
9247,92.4700000000104,0.9998344015632619
9248,92.4800000000104,0.9998344846820353
9249,92.49000000001041,0.9998345677751638
9250,92.50000000001042,0.9998346508426503
9251,92.51000000001042,0.9998347338844978
9252,92.52000000001043,0.9998348169007093
9253,92.53000000001043,0.9998348998912875
9254,92.54000000001044,0.9998349828562355
9255,92.55000000001044,0.999835065795556
9256,92.56000000001045,0.9998351487092522
9257,92.57000000001045,0.9998352315973268
9258,92.58000000001046,0.9998353144597828
9259,92.59000000001046,0.9998353972966232
9260,92.60000000001047,0.9998354801078507
9261,92.61000000001047,0.9998355628934684
9262,92.62000000001048,0.999835645653479
9263,92.63000000001048,0.9998357283878857
9264,92.64000000001049,0.9998358110966913
9265,92.6500000000105,0.9998358937798986
9266,92.6600000000105,0.9998359764375105
9267,92.6700000000105,0.9998360590695301
9268,92.68000000001051,0.9998361416759602
9269,92.69000000001051,0.9998362242568037
9270,92.70000000001052,0.9998363068120636
9271,92.71000000001052,0.9998363893417427
9272,92.72000000001053,0.9998364718458439
9273,92.73000000001053,0.9998365543243701
9274,92.74000000001054,0.9998366367773243
9275,92.75000000001054,0.9998367192047094
9276,92.76000000001055,0.9998368016065282
9277,92.77000000001055,0.9998368839827837
9278,92.78000000001056,0.9998369663334787
9279,92.79000000001056,0.9998370486586162
9280,92.80000000001057,0.9998371309581991
9281,92.81000000001058,0.9998372132322303
9282,92.82000000001058,0.9998372954807127
9283,92.83000000001059,0.9998373777036491
9284,92.84000000001059,0.9998374599010426
9285,92.8500000000106,0.9998375420728958
9286,92.8600000000106,0.9998376242192119
9287,92.8700000000106,0.9998377063399936
9288,92.88000000001061,0.999837788435244
9289,92.89000000001062,0.9998378705049658
9290,92.90000000001062,0.999837952549162
9291,92.91000000001063,0.9998380345678354
9292,92.92000000001063,0.999838116560989
9293,92.93000000001064,0.9998381985286257
9294,92.94000000001064,0.9998382804707483
9295,92.95000000001065,0.9998383623873598
9296,92.96000000001065,0.999838444278463
9297,92.97000000001066,0.9998385261440609
9298,92.98000000001066,0.9998386079841562
9299,92.99000000001067,0.9998386897987521
9300,93.00000000001067,0.9998387715878512
9301,93.01000000001068,0.9998388533514565
9302,93.02000000001068,0.999838935089571
9303,93.03000000001069,0.9998390168021974
9304,93.04000000001069,0.9998390984893387
9305,93.0500000000107,0.9998391801509978
9306,93.0600000000107,0.9998392617871775
9307,93.07000000001071,0.9998393433978807
9308,93.08000000001071,0.9998394249831104
9309,93.09000000001072,0.9998395065428695
9310,93.10000000001072,0.9998395880771607
9311,93.11000000001073,0.999839669585987
9312,93.12000000001073,0.9998397510693513
9313,93.13000000001074,0.9998398325272564
9314,93.14000000001074,0.9998399139597053
9315,93.15000000001075,0.9998399953667008
9316,93.16000000001075,0.9998400767482458
9317,93.17000000001076,0.9998401581043432
9318,93.18000000001076,0.9998402394349959
9319,93.19000000001077,0.9998403207402068
9320,93.20000000001077,0.9998404020199786
9321,93.21000000001078,0.9998404832743144
9322,93.22000000001078,0.999840564503217
9323,93.23000000001079,0.9998406457066893
9324,93.2400000000108,0.9998407268847341
9325,93.2500000000108,0.9998408080373544
9326,93.2600000000108,0.999840889164553
9327,93.27000000001081,0.9998409702663328
9328,93.28000000001082,0.9998410513426967
9329,93.29000000001082,0.9998411323936475
9330,93.30000000001083,0.9998412134191881
9331,93.31000000001083,0.9998412944193215
9332,93.32000000001084,0.9998413753940503
9333,93.33000000001084,0.9998414563433776
9334,93.34000000001085,0.9998415372673063
9335,93.35000000001085,0.9998416181658392
9336,93.36000000001086,0.999841699038979
9337,93.37000000001086,0.9998417798867288
9338,93.38000000001087,0.9998418607090915
9339,93.39000000001087,0.9998419415060699
9340,93.40000000001088,0.9998420222776667
9341,93.41000000001088,0.999842103023885
9342,93.42000000001089,0.9998421837447276
9343,93.43000000001089,0.9998422644401973
9344,93.4400000000109,0.9998423451102971
9345,93.4500000000109,0.9998424257550297
9346,93.46000000001091,0.9998425063743982
9347,93.47000000001091,0.9998425869684052
9348,93.48000000001092,0.9998426675370538
9349,93.49000000001092,0.9998427480803467
9350,93.50000000001093,0.9998428285982868
9351,93.51000000001093,0.999842909090877
9352,93.52000000001094,0.9998429895581201
9353,93.53000000001094,0.9998430700000192
9354,93.54000000001095,0.9998431504165768
9355,93.55000000001095,0.999843230807796
9356,93.56000000001096,0.9998433111736796
9357,93.57000000001096,0.9998433915142305
9358,93.58000000001097,0.9998434718294515
9359,93.59000000001097,0.9998435521193456
9360,93.60000000001098,0.9998436323839154
9361,93.61000000001098,0.999843712623164
9362,93.62000000001099,0.9998437928370941
9363,93.630000000011,0.9998438730257087
9364,93.640000000011,0.9998439531890105
9365,93.650000000011,0.9998440333270026
9366,93.66000000001101,0.9998441134396875
9367,93.67000000001102,0.9998441935270683
9368,93.68000000001102,0.9998442735891478
9369,93.69000000001103,0.9998443536259289
9370,93.70000000001103,0.9998444336374145
9371,93.71000000001104,0.9998445136236074
9372,93.72000000001104,0.9998445935845103
9373,93.73000000001105,0.9998446735201262
9374,93.74000000001105,0.999844753430458
9375,93.75000000001106,0.9998448333155084
9376,93.76000000001106,0.9998449131752803
9377,93.77000000001107,0.9998449930097768
9378,93.78000000001107,0.9998450728190004
9379,93.79000000001108,0.9998451526029541
9380,93.80000000001108,0.9998452323616408
9381,93.81000000001109,0.9998453120950632
9382,93.82000000001109,0.9998453918032243
9383,93.8300000000111,0.9998454714861269
9384,93.8400000000111,0.9998455511437737
9385,93.85000000001111,0.9998456307761678
9386,93.86000000001111,0.9998457103833119
9387,93.87000000001112,0.999845789965209
9388,93.88000000001112,0.9998458695218617
9389,93.89000000001113,0.999845949053273
9390,93.90000000001113,0.9998460285594457
9391,93.91000000001114,0.9998461080403827
9392,93.92000000001114,0.9998461874960867
9393,93.93000000001115,0.9998462669265606
9394,93.94000000001115,0.9998463463318075
9395,93.95000000001116,0.9998464257118298
9396,93.96000000001116,0.9998465050666306
9397,93.97000000001117,0.9998465843962129
9398,93.98000000001117,0.9998466637005792
9399,93.99000000001118,0.9998467429797325
9400,94.00000000001118,0.9998468222336757
9401,94.01000000001119,0.9998469014624115
9402,94.0200000000112,0.9998469806659428
9403,94.0300000000112,0.9998470598442725
9404,94.0400000000112,0.9998471389974033
9405,94.05000000001121,0.9998472181253382
9406,94.06000000001121,0.99984729722808
9407,94.07000000001122,0.9998473763056314
9408,94.08000000001122,0.9998474553579954
9409,94.09000000001123,0.9998475343851746
9410,94.10000000001124,0.9998476133871721
9411,94.11000000001124,0.9998476923639907
9412,94.12000000001125,0.9998477713156331
9413,94.13000000001125,0.9998478502421022
9414,94.14000000001126,0.9998479291434008
9415,94.15000000001126,0.9998480080195319
9416,94.16000000001127,0.9998480868704981
9417,94.17000000001127,0.9998481656963023
9418,94.18000000001128,0.9998482444969473
9419,94.19000000001128,0.9998483232724361
9420,94.20000000001129,0.9998484020227714
9421,94.21000000001129,0.9998484807479561
9422,94.2200000000113,0.9998485594479928
9423,94.2300000000113,0.9998486381228846
9424,94.2400000000113,0.9998487167726343
9425,94.25000000001131,0.9998487953972446
9426,94.26000000001132,0.9998488739967183
9427,94.27000000001132,0.9998489525710584
9428,94.28000000001133,0.9998490311202677
9429,94.29000000001133,0.9998491096443488
9430,94.30000000001134,0.9998491881433048
9431,94.31000000001134,0.9998492666171384
9432,94.32000000001135,0.9998493450658523
9433,94.33000000001135,0.9998494234894496
9434,94.34000000001136,0.999849501887933
9435,94.35000000001136,0.9998495802613052
9436,94.36000000001137,0.9998496586095692
9437,94.37000000001137,0.9998497369327277
9438,94.38000000001138,0.9998498152307835
9439,94.39000000001138,0.9998498935037395
9440,94.40000000001139,0.9998499717515986
9441,94.4100000000114,0.9998500499743636
9442,94.4200000000114,0.9998501281720371
9443,94.4300000000114,0.9998502063446221
9444,94.44000000001141,0.9998502844921213
9445,94.45000000001141,0.9998503626145376
9446,94.46000000001142,0.9998504407118739
9447,94.47000000001142,0.9998505187841329
9448,94.48000000001143,0.9998505968313175
9449,94.49000000001143,0.9998506748534304
9450,94.50000000001144,0.9998507528504744
9451,94.51000000001144,0.9998508308224525
9452,94.52000000001145,0.9998509087693674
9453,94.53000000001146,0.9998509866912219
9454,94.54000000001146,0.9998510645880189
9455,94.55000000001147,0.999851142459761
9456,94.56000000001147,0.9998512203064512
9457,94.57000000001148,0.9998512981280923
9458,94.58000000001148,0.999851375924687
9459,94.59000000001149,0.9998514536962383
9460,94.60000000001149,0.9998515314427489
9461,94.6100000000115,0.9998516091642214
9462,94.6200000000115,0.9998516868606591
9463,94.6300000000115,0.9998517645320644
9464,94.64000000001151,0.9998518421784401
9465,94.65000000001152,0.9998519197997893
9466,94.66000000001152,0.9998519973961146
9467,94.67000000001153,0.9998520749674189
9468,94.68000000001153,0.9998521525137049
9469,94.69000000001154,0.9998522300349755
9470,94.70000000001154,0.9998523075312334
9471,94.71000000001155,0.9998523850024815
9472,94.72000000001155,0.9998524624487227
9473,94.73000000001156,0.9998525398699596
9474,94.74000000001156,0.9998526172661951
9475,94.75000000001157,0.999852694637432
9476,94.76000000001157,0.9998527719836731
9477,94.77000000001158,0.9998528493049211
9478,94.78000000001158,0.999852926601179
9479,94.79000000001159,0.9998530038724495
9480,94.8000000000116,0.9998530811187353
9481,94.8100000000116,0.9998531583400394
9482,94.8200000000116,0.9998532355363644
9483,94.83000000001161,0.9998533127077133
9484,94.84000000001161,0.9998533898540887
9485,94.85000000001162,0.9998534669754936
9486,94.86000000001162,0.9998535440719306
9487,94.87000000001163,0.9998536211434026
9488,94.88000000001163,0.9998536981899124
9489,94.89000000001164,0.9998537752114628
9490,94.90000000001164,0.9998538522080566
9491,94.91000000001165,0.9998539291796965
9492,94.92000000001165,0.9998540061263854
9493,94.93000000001166,0.9998540830481261
9494,94.94000000001166,0.9998541599449213
9495,94.95000000001167,0.9998542368167739
9496,94.96000000001168,0.9998543136636866
9497,94.97000000001168,0.9998543904856623
9498,94.98000000001169,0.9998544672827037
9499,94.99000000001169,0.9998545440548136
9500,95.0000000000117,0.9998546208019948
9501,95.0100000000117,0.99985469752425
9502,95.0200000000117,0.9998547742215823
9503,95.03000000001171,0.9998548508939942
9504,95.04000000001172,0.9998549275414885
9505,95.05000000001172,0.9998550041640681
9506,95.06000000001173,0.9998550807617358
9507,95.07000000001173,0.9998551573344944
9508,95.08000000001174,0.9998552338823464
9509,95.09000000001174,0.999855310405295
9510,95.10000000001175,0.9998553869033427
9511,95.11000000001175,0.9998554633764924
9512,95.12000000001176,0.999855539824747
9513,95.13000000001176,0.9998556162481089
9514,95.14000000001177,0.9998556926465814
9515,95.15000000001177,0.9998557690201668
9516,95.16000000001178,0.9998558453688683
9517,95.17000000001178,0.9998559216926883
9518,95.18000000001179,0.9998559979916299
9519,95.19000000001179,0.9998560742656957
9520,95.2000000000118,0.9998561505148886
9521,95.2100000000118,0.9998562267392113
9522,95.22000000001181,0.9998563029386666
9523,95.23000000001181,0.9998563791132572
9524,95.24000000001182,0.999856455262986
9525,95.25000000001182,0.9998565313878558
9526,95.26000000001183,0.9998566074878693
9527,95.27000000001183,0.9998566835630293
9528,95.28000000001184,0.9998567596133385
9529,95.29000000001184,0.9998568356387999
9530,95.30000000001185,0.999856911639416
9531,95.31000000001185,0.9998569876151898
9532,95.32000000001186,0.9998570635661239
9533,95.33000000001186,0.9998571394922212
9534,95.34000000001187,0.9998572153934845
9535,95.35000000001187,0.9998572912699164
9536,95.36000000001188,0.9998573671215198
9537,95.37000000001188,0.9998574429482976
9538,95.38000000001189,0.9998575187502523
9539,95.3900000000119,0.9998575945273869
9540,95.4000000000119,0.9998576702797041
9541,95.4100000000119,0.9998577460072066
9542,95.42000000001191,0.9998578217098972
9543,95.43000000001192,0.9998578973877787
9544,95.44000000001192,0.9998579730408539
9545,95.45000000001193,0.9998580486691255
9546,95.46000000001193,0.9998581242725965
9547,95.47000000001194,0.9998581998512692
9548,95.48000000001194,0.9998582754051468
9549,95.49000000001195,0.9998583509342319
9550,95.50000000001195,0.9998584264385273
9551,95.51000000001196,0.9998585019180358
9552,95.52000000001196,0.9998585773727601
9553,95.53000000001197,0.9998586528027029
9554,95.54000000001197,0.9998587282078671
9555,95.55000000001198,0.9998588035882555
9556,95.56000000001198,0.9998588789438708
9557,95.57000000001199,0.9998589542747157
9558,95.58000000001199,0.999859029580793
9559,95.590000000012,0.9998591048621055
9560,95.600000000012,0.9998591801186559
9561,95.61000000001201,0.9998592553504472
9562,95.62000000001201,0.9998593305574818
9563,95.63000000001202,0.9998594057397627
9564,95.64000000001202,0.9998594808972926
9565,95.65000000001203,0.9998595560300743
9566,95.66000000001203,0.9998596311381105
9567,95.67000000001204,0.999859706221404
9568,95.68000000001204,0.9998597812799574
9569,95.69000000001205,0.9998598563137738
9570,95.70000000001205,0.9998599313228557
9571,95.71000000001206,0.999860006307206
9572,95.72000000001206,0.9998600812668272
9573,95.73000000001207,0.9998601562017224
9574,95.74000000001207,0.9998602311118943
9575,95.75000000001208,0.9998603059973453
9576,95.76000000001208,0.9998603808580786
9577,95.77000000001209,0.9998604556940968
9578,95.7800000000121,0.9998605305054025
9579,95.7900000000121,0.9998606052919986
9580,95.8000000000121,0.999860680053888
9581,95.81000000001211,0.9998607547910732
9582,95.82000000001212,0.999860829503557
9583,95.83000000001212,0.9998609041913422
9584,95.84000000001213,0.9998609788544317
9585,95.85000000001213,0.9998610534928281
9586,95.86000000001214,0.999861128106534
9587,95.87000000001214,0.9998612026955525
9588,95.88000000001215,0.999861277259886
9589,95.89000000001215,0.9998613517995376
9590,95.90000000001216,0.9998614263145098
9591,95.91000000001216,0.9998615008048054
9592,95.92000000001217,0.9998615752704272
9593,95.93000000001217,0.9998616497113779
9594,95.94000000001218,0.9998617241276604
9595,95.95000000001218,0.9998617985192771
9596,95.96000000001219,0.9998618728862312
9597,95.97000000001219,0.9998619472285252
9598,95.9800000000122,0.9998620215461618
9599,95.9900000000122,0.9998620958391438
9600,96.00000000001221,0.999862170107474
9601,96.01000000001221,0.9998622443511551
9602,96.02000000001222,0.9998623185701899
9603,96.03000000001222,0.9998623927645811
9604,96.04000000001223,0.9998624669343315
9605,96.05000000001223,0.9998625410794436
9606,96.06000000001224,0.9998626151999205
9607,96.07000000001224,0.9998626892957647
9608,96.08000000001225,0.9998627633669791
9609,96.09000000001225,0.9998628374135664
9610,96.10000000001226,0.9998629114355293
9611,96.11000000001226,0.9998629854328706
9612,96.12000000001227,0.9998630594055928
9613,96.13000000001227,0.999863133353699
9614,96.14000000001228,0.9998632072771918
9615,96.15000000001228,0.9998632811760738
9616,96.16000000001229,0.999863355050348
9617,96.1700000000123,0.999863428900017
9618,96.1800000000123,0.9998635027250834
9619,96.1900000000123,0.9998635765255502
9620,96.20000000001231,0.99986365030142
9621,96.21000000001231,0.9998637240526956
9622,96.22000000001232,0.9998637977793797
9623,96.23000000001232,0.9998638714814749
9624,96.24000000001233,0.9998639451589842
9625,96.25000000001234,0.9998640188119102
9626,96.26000000001234,0.9998640924402556
9627,96.27000000001235,0.9998641660440233
9628,96.28000000001235,0.9998642396232159
9629,96.29000000001236,0.9998643131778361
9630,96.30000000001236,0.9998643867078867
9631,96.31000000001237,0.9998644602133704
9632,96.32000000001237,0.99986453369429
9633,96.33000000001238,0.9998646071506482
9634,96.34000000001238,0.9998646805824476
9635,96.35000000001239,0.9998647539896912
9636,96.36000000001239,0.9998648273723815
9637,96.3700000000124,0.9998649007305214
9638,96.3800000000124,0.9998649740641136
9639,96.3900000000124,0.9998650473731606
9640,96.40000000001241,0.9998651206576654
9641,96.41000000001242,0.9998651939176307
9642,96.42000000001242,0.9998652671530592
9643,96.43000000001243,0.9998653403639536
9644,96.44000000001243,0.9998654135503166
9645,96.45000000001244,0.9998654867121509
9646,96.46000000001244,0.9998655598494594
9647,96.47000000001245,0.9998656329622446
9648,96.48000000001245,0.9998657060505095
9649,96.49000000001246,0.9998657791142566
9650,96.50000000001246,0.9998658521534887
9651,96.51000000001247,0.9998659251682085
9652,96.52000000001247,0.9998659981584188
9653,96.53000000001248,0.9998660711241223
9654,96.54000000001248,0.9998661440653217
9655,96.55000000001249,0.9998662169820197
9656,96.5600000000125,0.9998662898742191
9657,96.5700000000125,0.9998663627419226
9658,96.5800000000125,0.9998664355851329
9659,96.59000000001251,0.9998665084038527
9660,96.60000000001251,0.9998665811980847
9661,96.61000000001252,0.9998666539678318
9662,96.62000000001252,0.9998667267130965
9663,96.63000000001253,0.9998667994338817
9664,96.64000000001253,0.9998668721301899
9665,96.65000000001254,0.9998669448020241
9666,96.66000000001254,0.9998670174493868
9667,96.67000000001255,0.9998670900722809
9668,96.68000000001256,0.999867162670709
9669,96.69000000001256,0.9998672352446737
9670,96.70000000001257,0.999867307794178
9671,96.71000000001257,0.9998673803192245
9672,96.72000000001258,0.9998674528198158
9673,96.73000000001258,0.9998675252959548
9674,96.74000000001259,0.9998675977476441
9675,96.75000000001259,0.9998676701748864
9676,96.7600000000126,0.9998677425776846
9677,96.7700000000126,0.9998678149560412
9678,96.7800000000126,0.999867887309959
9679,96.79000000001261,0.9998679596394408
9680,96.80000000001262,0.9998680319444891
9681,96.81000000001262,0.9998681042251069
9682,96.82000000001263,0.9998681764812967
9683,96.83000000001263,0.9998682487130612
9684,96.84000000001264,0.9998683209204032
9685,96.85000000001264,0.9998683931033255
9686,96.86000000001265,0.9998684652618307
9687,96.87000000001265,0.9998685373959215
9688,96.88000000001266,0.9998686095056006
9689,96.89000000001266,0.999868681590871
9690,96.90000000001267,0.9998687536517349
9691,96.91000000001267,0.9998688256881954
9692,96.92000000001268,0.999868897700255
9693,96.93000000001268,0.9998689696879166
9694,96.94000000001269,0.9998690416511827
9695,96.9500000000127,0.9998691135900563
9696,96.9600000000127,0.9998691855045397
9697,96.9700000000127,0.9998692573946361
9698,96.98000000001271,0.9998693292603478
9699,96.99000000001271,0.9998694011016777
9700,97.00000000001272,0.9998694729186284
9701,97.01000000001272,0.9998695447112027
9702,97.02000000001273,0.9998696164794033
9703,97.03000000001273,0.9998696882232329
9704,97.04000000001274,0.9998697599426942
9705,97.05000000001274,0.9998698316377899
9706,97.06000000001275,0.9998699033085227
9707,97.07000000001275,0.9998699749548953
9708,97.08000000001276,0.9998700465769104
9709,97.09000000001276,0.9998701181745707
9710,97.10000000001277,0.999870189747879
9711,97.11000000001277,0.999870261296838
9712,97.12000000001278,0.9998703328214502
9713,97.13000000001279,0.9998704043217185
9714,97.14000000001279,0.9998704757976454
9715,97.1500000000128,0.999870547249234
9716,97.1600000000128,0.9998706186764865
9717,97.1700000000128,0.999870690079406
9718,97.18000000001281,0.999870761457995
9719,97.19000000001282,0.9998708328122563
9720,97.20000000001282,0.9998709041421926
9721,97.21000000001283,0.9998709754478065
9722,97.22000000001283,0.9998710467291007
9723,97.23000000001284,0.999871117986078
9724,97.24000000001284,0.999871189218741
9725,97.25000000001285,0.9998712604270925
9726,97.26000000001285,0.9998713316111352
9727,97.27000000001286,0.9998714027708716
9728,97.28000000001286,0.9998714739063047
9729,97.29000000001287,0.9998715450174369
9730,97.30000000001287,0.9998716161042712
9731,97.31000000001288,0.9998716871668101
9732,97.32000000001288,0.9998717582050562
9733,97.33000000001289,0.9998718292190125
9734,97.34000000001289,0.9998719002086816
9735,97.3500000000129,0.9998719711740659
9736,97.3600000000129,0.9998720421151684
9737,97.37000000001291,0.9998721130319919
9738,97.38000000001291,0.9998721839245387
9739,97.39000000001292,0.9998722547928117
9740,97.40000000001292,0.9998723256368137
9741,97.41000000001293,0.9998723964565472
9742,97.42000000001293,0.9998724672520151
9743,97.43000000001294,0.99987253802322
9744,97.44000000001294,0.9998726087701644
9745,97.45000000001295,0.9998726794928513
9746,97.46000000001295,0.9998727501912832
9747,97.47000000001296,0.9998728208654629
9748,97.48000000001296,0.9998728915153929
9749,97.49000000001297,0.9998729621410762
9750,97.50000000001297,0.9998730327425153
9751,97.51000000001298,0.9998731033197129
9752,97.52000000001298,0.9998731738726716
9753,97.53000000001299,0.9998732444013944
9754,97.540000000013,0.9998733149058836
9755,97.550000000013,0.9998733853861421
9756,97.560000000013,0.9998734558421726
9757,97.57000000001301,0.9998735262739777
9758,97.58000000001302,0.9998735966815602
9759,97.59000000001302,0.9998736670649226
9760,97.60000000001303,0.9998737374240679
9761,97.61000000001303,0.9998738077589985
9762,97.62000000001304,0.9998738780697172
9763,97.63000000001304,0.9998739483562267
9764,97.64000000001305,0.9998740186185295
9765,97.65000000001305,0.9998740888566287
9766,97.66000000001306,0.9998741590705265
9767,97.67000000001306,0.999874229260226
9768,97.68000000001307,0.9998742994257295
9769,97.69000000001307,0.99987436956704
9770,97.70000000001308,0.99987443968416
9771,97.71000000001308,0.9998745097770924
9772,97.72000000001309,0.9998745798458396
9773,97.73000000001309,0.9998746498904044
9774,97.7400000000131,0.9998747199107896
9775,97.7500000000131,0.9998747899069977
9776,97.76000000001311,0.9998748598790316
9777,97.77000000001311,0.9998749298268937
9778,97.78000000001312,0.9998749997505869
9779,97.79000000001312,0.9998750696501139
9780,97.80000000001313,0.9998751395254771
9781,97.81000000001313,0.9998752093766795
9782,97.82000000001314,0.9998752792037235
9783,97.83000000001314,0.9998753490066121
9784,97.84000000001315,0.9998754187853478
9785,97.85000000001315,0.9998754885399332
9786,97.86000000001316,0.9998755582703712
9787,97.87000000001316,0.9998756279766643
9788,97.88000000001317,0.9998756976588151
9789,97.89000000001317,0.9998757673168266
9790,97.90000000001318,0.9998758369507011
9791,97.91000000001318,0.9998759065604417
9792,97.92000000001319,0.9998759761460506
9793,97.9300000000132,0.9998760457075309
9794,97.9400000000132,0.999876115244885
9795,97.9500000000132,0.9998761847581157
9796,97.96000000001321,0.9998762542472256
9797,97.97000000001321,0.9998763237122175
9798,97.98000000001322,0.9998763931530938
9799,97.99000000001323,0.9998764625698576
9800,98.00000000001323,0.9998765319625113
9801,98.01000000001324,0.9998766013310575
9802,98.02000000001324,0.9998766706754991
9803,98.03000000001325,0.9998767399958387
9804,98.04000000001325,0.9998768092920789
9805,98.05000000001326,0.9998768785642224
9806,98.06000000001326,0.9998769478122719
9807,98.07000000001327,0.9998770170362301
9808,98.08000000001327,0.9998770862360996
9809,98.09000000001328,0.999877155411883
9810,98.10000000001328,0.9998772245635833
9811,98.11000000001329,0.9998772936912028
9812,98.12000000001329,0.9998773627947444
9813,98.1300000000133,0.9998774318742106
9814,98.1400000000133,0.9998775009296043
9815,98.1500000000133,0.9998775699609279
9816,98.16000000001331,0.9998776389681843
9817,98.17000000001332,0.999877707951376
9818,98.18000000001332,0.9998777769105058
9819,98.19000000001333,0.9998778458455763
9820,98.20000000001333,0.9998779147565902
9821,98.21000000001334,0.9998779836435501
9822,98.22000000001334,0.9998780525064588
9823,98.23000000001335,0.9998781213453187
9824,98.24000000001335,0.9998781901601329
9825,98.25000000001336,0.9998782589509037
9826,98.26000000001336,0.9998783277176339
9827,98.27000000001337,0.9998783964603262
9828,98.28000000001337,0.9998784651789832
9829,98.29000000001338,0.9998785338736075
9830,98.30000000001338,0.9998786025442019
9831,98.31000000001339,0.9998786711907691
9832,98.3200000000134,0.9998787398133117
9833,98.3300000000134,0.9998788084118322
9834,98.3400000000134,0.9998788769863336
9835,98.35000000001341,0.9998789455368182
9836,98.36000000001341,0.999879014063289
9837,98.37000000001342,0.9998790825657484
9838,98.38000000001342,0.9998791510441993
9839,98.39000000001343,0.9998792194986442
9840,98.40000000001343,0.9998792879290858
9841,98.41000000001344,0.9998793563355267
9842,98.42000000001345,0.9998794247179696
9843,98.43000000001345,0.9998794930764173
9844,98.44000000001346,0.9998795614108724
9845,98.45000000001346,0.9998796297213374
9846,98.46000000001347,0.9998796980078151
9847,98.47000000001347,0.9998797662703082
9848,98.48000000001348,0.9998798345088192
9849,98.49000000001348,0.9998799027233509
9850,98.50000000001349,0.999879970913906
9851,98.51000000001349,0.999880039080487
9852,98.5200000000135,0.9998801072230966
9853,98.5300000000135,0.9998801753417377
9854,98.5400000000135,0.9998802434364126
9855,98.55000000001351,0.9998803115071241
9856,98.56000000001352,0.999880379553875
9857,98.57000000001352,0.9998804475766677
9858,98.58000000001353,0.9998805155755051
9859,98.59000000001353,0.9998805835503897
9860,98.60000000001354,0.9998806515013242
9861,98.61000000001354,0.9998807194283114
9862,98.62000000001355,0.9998807873313538
9863,98.63000000001355,0.999880855210454
9864,98.64000000001356,0.9998809230656147
9865,98.65000000001356,0.9998809908968387
9866,98.66000000001357,0.9998810587041286
9867,98.67000000001357,0.999881126487487
9868,98.68000000001358,0.9998811942469165
9869,98.69000000001358,0.9998812619824198
9870,98.70000000001359,0.9998813296939996
9871,98.7100000000136,0.9998813973816586
9872,98.7200000000136,0.9998814650453993
9873,98.7300000000136,0.9998815326852245
9874,98.74000000001361,0.9998816003011368
9875,98.75000000001361,0.9998816678931389
9876,98.76000000001362,0.9998817354612334
9877,98.77000000001362,0.9998818030054228
9878,98.78000000001363,0.9998818705257101
9879,98.79000000001363,0.9998819380220978
9880,98.80000000001364,0.9998820054945884
9881,98.81000000001364,0.9998820729431848
9882,98.82000000001365,0.9998821403678894
9883,98.83000000001365,0.9998822077687051
9884,98.84000000001366,0.9998822751456343
9885,98.85000000001367,0.9998823424986798
9886,98.86000000001367,0.9998824098278443
9887,98.87000000001368,0.9998824771331304
9888,98.88000000001368,0.9998825444145407
9889,98.89000000001369,0.9998826116720779
9890,98.90000000001369,0.9998826789057447
9891,98.9100000000137,0.9998827461155436
9892,98.9200000000137,0.9998828133014773
9893,98.9300000000137,0.9998828804635487
9894,98.94000000001371,0.99988294760176
9895,98.95000000001372,0.9998830147161143
9896,98.96000000001372,0.9998830818066139
9897,98.97000000001373,0.9998831488732616
9898,98.98000000001373,0.9998832159160601
9899,98.99000000001374,0.9998832829350119
9900,99.00000000001374,0.9998833499301198
9901,99.01000000001375,0.9998834169013864
9902,99.02000000001375,0.9998834838488143
9903,99.03000000001376,0.9998835507724062
9904,99.04000000001376,0.9998836176721647
9905,99.05000000001377,0.9998836845480925
9906,99.06000000001377,0.9998837514001921
9907,99.07000000001378,0.9998838182284664
9908,99.08000000001378,0.9998838850329179
9909,99.09000000001379,0.9998839518135493
9910,99.1000000000138,0.9998840185703631
9911,99.1100000000138,0.9998840853033621
9912,99.1200000000138,0.9998841520125489
9913,99.13000000001381,0.9998842186979261
9914,99.14000000001381,0.9998842853594965
9915,99.15000000001382,0.9998843519972626
9916,99.16000000001382,0.999884418611227
9917,99.17000000001383,0.9998844852013924
9918,99.18000000001383,0.9998845517677616
9919,99.19000000001384,0.999884618310337
9920,99.20000000001384,0.9998846848291214
9921,99.21000000001385,0.9998847513241174
9922,99.22000000001385,0.9998848177953276
9923,99.23000000001386,0.9998848842427547
9924,99.24000000001386,0.9998849506664014
9925,99.25000000001387,0.9998850170662702
9926,99.26000000001387,0.9998850834423638
9927,99.27000000001388,0.9998851497946849
9928,99.28000000001389,0.9998852161232361
9929,99.29000000001389,0.99988528242802
9930,99.3000000000139,0.9998853487090393
9931,99.3100000000139,0.9998854149662967
9932,99.3200000000139,0.9998854811997947
9933,99.33000000001391,0.9998855474095361
9934,99.34000000001392,0.9998856135955233
9935,99.35000000001392,0.9998856797577591
9936,99.36000000001393,0.9998857458962462
9937,99.37000000001393,0.9998858120109871
9938,99.38000000001394,0.9998858781019846
9939,99.39000000001394,0.9998859441692413
9940,99.40000000001395,0.9998860102127597
9941,99.41000000001395,0.9998860762325426
9942,99.42000000001396,0.9998861422285924
9943,99.43000000001396,0.999886208200912
9944,99.44000000001397,0.999886274149504
9945,99.45000000001397,0.9998863400743709
9946,99.46000000001398,0.9998864059755155
9947,99.47000000001398,0.9998864718529403
9948,99.48000000001399,0.9998865377066481
9949,99.49000000001399,0.9998866035366414
9950,99.500000000014,0.9998866693429228
9951,99.510000000014,0.9998867351254952
9952,99.52000000001401,0.9998868008843609
9953,99.53000000001401,0.9998868666195228
9954,99.54000000001402,0.9998869323309832
9955,99.55000000001402,0.9998869980187451
9956,99.56000000001403,0.9998870636828111
9957,99.57000000001403,0.9998871293231837
9958,99.58000000001404,0.9998871949398656
9959,99.59000000001404,0.9998872605328593
9960,99.60000000001405,0.9998873261021676
9961,99.61000000001405,0.9998873916477931
9962,99.62000000001406,0.9998874571697384
9963,99.63000000001406,0.9998875226680062
9964,99.64000000001407,0.999887588142599
9965,99.65000000001407,0.9998876535935196
9966,99.66000000001408,0.9998877190207706
9967,99.67000000001408,0.9998877844243544
9968,99.68000000001409,0.999887849804274
9969,99.6900000000141,0.9998879151605319
9970,99.7000000000141,0.9998879804931307
9971,99.7100000000141,0.9998880458020729
9972,99.72000000001411,0.9998881110873613
9973,99.73000000001412,0.9998881763489985
9974,99.74000000001412,0.9998882415869872
9975,99.75000000001413,0.99988830680133
9976,99.76000000001413,0.9998883719920294
9977,99.77000000001414,0.9998884371590883
9978,99.78000000001414,0.999888502302509
9979,99.79000000001415,0.9998885674222944
9980,99.80000000001415,0.999888632518447
9981,99.81000000001416,0.9998886975909694
9982,99.82000000001416,0.9998887626398644
9983,99.83000000001417,0.9998888276651344
9984,99.84000000001417,0.9998888926667823
9985,99.85000000001418,0.9998889576448106
9986,99.86000000001418,0.9998890225992219
9987,99.87000000001419,0.9998890875300188
9988,99.88000000001419,0.999889152437204
9989,99.8900000000142,0.9998892173207802
9990,99.9000000000142,0.9998892821807499
9991,99.91000000001421,0.9998893470171157
9992,99.92000000001421,0.9998894118298804
9993,99.93000000001422,0.9998894766190466
9994,99.94000000001422,0.9998895413846168
9995,99.95000000001423,0.9998896061265938
9996,99.96000000001423,0.99988967084498
9997,99.97000000001424,0.9998897355397783
9998,99.98000000001424,0.9998898002109912
9999,99.99000000001425,0.9998898648586212
10000,100.00000000001425,0.9998899294826711
10001,100.01000000001426,0.9998899940831435
10002,100.02000000001426,0.9998900586600411
10003,100.03000000001427,0.9998901232133663
10004,100.04000000001427,0.999890187743122
10005,100.05000000001428,0.9998902522493106
10006,100.06000000001428,0.999890316731935
10007,100.07000000001429,0.9998903811909975
10008,100.0800000000143,0.9998904456265009
10009,100.0900000000143,0.9998905100384479
10010,100.1000000000143,0.9998905744268409
10011,100.11000000001431,0.9998906387916828
10012,100.12000000001431,0.999890703132976
10013,100.13000000001432,0.9998907674507234
10014,100.14000000001433,0.9998908317449273
10015,100.15000000001433,0.9998908960155906
10016,100.16000000001434,0.9998909602627157
10017,100.17000000001434,0.9998910244863054
10018,100.18000000001435,0.9998910886863623
10019,100.19000000001435,0.999891152862889
10020,100.20000000001436,0.999891217015888
10021,100.21000000001436,0.9998912811453622
10022,100.22000000001437,0.999891345251314
10023,100.23000000001437,0.9998914093337461
10024,100.24000000001438,0.9998914733926612
10025,100.25000000001438,0.9998915374280617
10026,100.26000000001439,0.9998916014399505
10027,100.27000000001439,0.9998916654283301
10028,100.2800000000144,0.999891729393203
10029,100.2900000000144,0.9998917933345721
10030,100.3000000000144,0.9998918572524399
10031,100.31000000001441,0.9998919211468089
10032,100.32000000001442,0.999891985017682
10033,100.33000000001442,0.9998920488650616
10034,100.34000000001443,0.9998921126889503
10035,100.35000000001443,0.9998921764893508
10036,100.36000000001444,0.9998922402662659
10037,100.37000000001444,0.999892304019698
10038,100.38000000001445,0.9998923677496496
10039,100.39000000001445,0.9998924314561237
10040,100.40000000001446,0.9998924951391227
10041,100.41000000001446,0.9998925587986494
10042,100.42000000001447,0.999892622434706
10043,100.43000000001447,0.9998926860472956
10044,100.44000000001448,0.9998927496364206
10045,100.45000000001448,0.9998928132020837
10046,100.46000000001449,0.9998928767442874
10047,100.4700000000145,0.9998929402630344
10048,100.4800000000145,0.9998930037583275
10049,100.4900000000145,0.9998930672301689
10050,100.50000000001451,0.9998931306785617
10051,100.51000000001451,0.9998931941035082
10052,100.52000000001452,0.9998932575050111
10053,100.53000000001452,0.999893320883073
10054,100.54000000001453,0.9998933842376967
10055,100.55000000001453,0.9998934475688847
10056,100.56000000001454,0.9998935108766396
10057,100.57000000001455,0.9998935741609639
10058,100.58000000001455,0.9998936374218605
10059,100.59000000001456,0.9998937006593319
10060,100.60000000001456,0.9998937638733807
10061,100.61000000001457,0.9998938270640094
10062,100.62000000001457,0.9998938902312209
10063,100.63000000001458,0.9998939533750176
10064,100.64000000001458,0.9998940164954023
10065,100.65000000001459,0.9998940795923774
10066,100.66000000001459,0.9998941426659458
10067,100.6700000000146,0.9998942057161098
10068,100.6800000000146,0.9998942687428722
10069,100.6900000000146,0.9998943317462358
10070,100.70000000001461,0.9998943947262028
10071,100.71000000001462,0.9998944576827762
10072,100.72000000001462,0.9998945206159584
10073,100.73000000001463,0.9998945835257521
10074,100.74000000001463,0.99989464641216
10075,100.75000000001464,0.9998947092751845
10076,100.76000000001464,0.9998947721148286
10077,100.77000000001465,0.9998948349310944
10078,100.78000000001465,0.999894897723985
10079,100.79000000001466,0.9998949604935028
10080,100.80000000001466,0.9998950232396504
10081,100.81000000001467,0.9998950859624305
10082,100.82000000001467,0.9998951486618457
10083,100.83000000001468,0.9998952113378986
10084,100.84000000001468,0.9998952739905917
10085,100.85000000001469,0.9998953366199279
10086,100.8600000000147,0.9998953992259098
10087,100.8700000000147,0.9998954618085397
10088,100.8800000000147,0.9998955243678205
10089,100.89000000001471,0.9998955869037546
10090,100.90000000001471,0.9998956494163449
10091,100.91000000001472,0.9998957119055938
10092,100.92000000001472,0.999895774371504
10093,100.93000000001473,0.9998958368140782
10094,100.94000000001473,0.9998958992333189
10095,100.95000000001474,0.9998959616292288
10096,100.96000000001474,0.9998960240018103
10097,100.97000000001475,0.9998960863510664
10098,100.98000000001475,0.9998961486769995
10099,100.99000000001476,0.9998962109796121
10100,101.00000000001477,0.9998962732589071
10101,101.01000000001477,0.999896335514887
10102,101.02000000001478,0.9998963977475542
10103,101.03000000001478,0.9998964599569117
10104,101.04000000001479,0.9998965221429619
10105,101.05000000001479,0.9998965843057075
10106,101.0600000000148,0.999896646445151
10107,101.0700000000148,0.9998967085612952
10108,101.0800000000148,0.9998967706541425
10109,101.09000000001481,0.9998968327236957
10110,101.10000000001482,0.9998968947699574
10111,101.11000000001482,0.9998969567929301
10112,101.12000000001483,0.9998970187926165
10113,101.13000000001483,0.9998970807690193
10114,101.14000000001484,0.999897142722141
10115,101.15000000001484,0.9998972046519842
10116,101.16000000001485,0.9998972665585516
10117,101.17000000001485,0.9998973284418459
10118,101.18000000001486,0.9998973903018695
10119,101.19000000001486,0.9998974521386251
10120,101.20000000001487,0.9998975139521156
10121,101.21000000001487,0.9998975757423432
10122,101.22000000001488,0.9998976375093106
10123,101.23000000001488,0.9998976992530206
10124,101.24000000001489,0.9998977609734758
10125,101.2500000000149,0.9998978226706786
10126,101.2600000000149,0.9998978843446319
10127,101.2700000000149,0.9998979459953382
10128,101.28000000001491,0.9998980076228
10129,101.29000000001491,0.9998980692270202
10130,101.30000000001492,0.999898130808001
10131,101.31000000001492,0.9998981923657455
10132,101.32000000001493,0.999898253900256
10133,101.33000000001493,0.9998983154115352
10134,101.34000000001494,0.9998983768995857
10135,101.35000000001494,0.9998984383644102
10136,101.36000000001495,0.9998984998060112
10137,101.37000000001495,0.9998985612243915
10138,101.38000000001496,0.9998986226195534
10139,101.39000000001496,0.9998986839915
10140,101.40000000001497,0.9998987453402334
10141,101.41000000001497,0.9998988066657565
10142,101.42000000001498,0.9998988679680719
10143,101.43000000001499,0.9998989292471823
10144,101.44000000001499,0.9998989905030901
10145,101.450000000015,0.9998990517357981
10146,101.460000000015,0.9998991129453088
10147,101.470000000015,0.9998991741316249
10148,101.48000000001501,0.9998992352947489
10149,101.49000000001502,0.9998992964346837
10150,101.50000000001502,0.9998993575514316
10151,101.51000000001503,0.9998994186449953
10152,101.52000000001503,0.9998994797153776
10153,101.53000000001504,0.9998995407625809
10154,101.54000000001504,0.999899601786608
10155,101.55000000001505,0.9998996627874613
10156,101.56000000001505,0.9998997237651437
10157,101.57000000001506,0.9998997847196576
10158,101.58000000001506,0.9998998456510056
10159,101.59000000001507,0.9998999065591905
10160,101.60000000001507,0.9998999674442148
10161,101.61000000001508,0.9999000283060812
10162,101.62000000001508,0.9999000891447922
10163,101.63000000001509,0.9999001499603505
10164,101.64000000001509,0.9999002107527587
10165,101.6500000000151,0.9999002715220193
10166,101.6600000000151,0.9999003322681352
10167,101.67000000001511,0.9999003929911089
10168,101.68000000001511,0.9999004536909428
10169,101.69000000001512,0.9999005143676398
10170,101.70000000001512,0.9999005750212024
10171,101.71000000001513,0.9999006356516332
10172,101.72000000001513,0.999900696258935
10173,101.73000000001514,0.9999007568431102
10174,101.74000000001514,0.9999008174041615
10175,101.75000000001515,0.9999008779420915
10176,101.76000000001515,0.9999009384569028
10177,101.77000000001516,0.9999009989485981
10178,101.78000000001516,0.99990105941718
10179,101.79000000001517,0.9999011198626511
10180,101.80000000001517,0.9999011802850138
10181,101.81000000001518,0.9999012406842712
10182,101.82000000001518,0.9999013010604256
10183,101.83000000001519,0.9999013614134796
10184,101.8400000000152,0.999901421743436
10185,101.8500000000152,0.9999014820502973
10186,101.8600000000152,0.999901542334066
10187,101.87000000001521,0.999901602594745
10188,101.88000000001522,0.9999016628323367
10189,101.89000000001522,0.9999017230468439
10190,101.90000000001523,0.9999017832382691
10191,101.91000000001523,0.9999018434066148
10192,101.92000000001524,0.9999019035518839
10193,101.93000000001524,0.9999019636740788
10194,101.94000000001525,0.9999020237732023
10195,101.95000000001525,0.9999020838492568
10196,101.96000000001526,0.9999021439022452
10197,101.97000000001526,0.9999022039321698
10198,101.98000000001527,0.9999022639390335
10199,101.99000000001527,0.9999023239228387
10200,102.00000000001528,0.9999023838835882
10201,102.01000000001528,0.9999024438212846
10202,102.02000000001529,0.9999025037359304
10203,102.03000000001529,0.9999025636275282
10204,102.0400000000153,0.9999026234960808
10205,102.0500000000153,0.9999026833415907
10206,102.06000000001531,0.9999027431640607
10207,102.07000000001531,0.9999028029634931
10208,102.08000000001532,0.9999028627398908
10209,102.09000000001532,0.9999029224932563
10210,102.10000000001533,0.9999029822235922
10211,102.11000000001533,0.9999030419309012
10212,102.12000000001534,0.9999031016151858
10213,102.13000000001534,0.9999031612764488
10214,102.14000000001535,0.9999032209146927
10215,102.15000000001535,0.9999032805299202
10216,102.16000000001536,0.9999033401221338
10217,102.17000000001536,0.9999033996913362
10218,102.18000000001537,0.9999034592375301
10219,102.19000000001537,0.9999035187607179
10220,102.20000000001538,0.9999035782609025
10221,102.21000000001538,0.9999036377380863
10222,102.22000000001539,0.9999036971922721
10223,102.2300000000154,0.9999037566234624
10224,102.2400000000154,0.9999038160316598
10225,102.2500000000154,0.999903875416867
10226,102.26000000001541,0.9999039347790867
10227,102.27000000001541,0.9999039941183213
10228,102.28000000001542,0.9999040534345736
10229,102.29000000001543,0.9999041127278462
10230,102.30000000001543,0.9999041719981416
10231,102.31000000001544,0.9999042312454626
10232,102.32000000001544,0.9999042904698117
10233,102.33000000001545,0.9999043496711916
10234,102.34000000001545,0.9999044088496049
10235,102.35000000001546,0.9999044680050542
10236,102.36000000001546,0.9999045271375421
10237,102.37000000001547,0.9999045862470712
10238,102.38000000001547,0.9999046453336443
10239,102.39000000001548,0.999904704397264
10240,102.40000000001548,0.9999047634379327
10241,102.41000000001549,0.9999048224556532
10242,102.42000000001549,0.9999048814504281
10243,102.4300000000155,0.99990494042226
10244,102.4400000000155,0.9999049993711515
10245,102.4500000000155,0.9999050582971053
10246,102.46000000001551,0.999905117200124
10247,102.47000000001552,0.9999051760802102
10248,102.48000000001552,0.9999052349373666
10249,102.49000000001553,0.9999052937715956
10250,102.50000000001553,0.9999053525829001
10251,102.51000000001554,0.9999054113712826
10252,102.52000000001554,0.9999054701367458
10253,102.53000000001555,0.9999055288792923
10254,102.54000000001555,0.9999055875989246
10255,102.55000000001556,0.9999056462956455
10256,102.56000000001556,0.9999057049694575
10257,102.57000000001557,0.9999057636203632
10258,102.58000000001557,0.9999058222483654
10259,102.59000000001558,0.9999058808534667
10260,102.60000000001558,0.9999059394356695
10261,102.61000000001559,0.9999059979949767
10262,102.6200000000156,0.9999060565313908
10263,102.6300000000156,0.9999061150449143
10264,102.6400000000156,0.9999061735355502
10265,102.65000000001561,0.9999062320033008
10266,102.66000000001561,0.9999062904481688
10267,102.67000000001562,0.9999063488701568
10268,102.68000000001562,0.9999064072692676
10269,102.69000000001563,0.9999064656455037
10270,102.70000000001563,0.9999065239988676
10271,102.71000000001564,0.9999065823293622
10272,102.72000000001565,0.99990664063699
10273,102.73000000001565,0.9999066989217535
10274,102.74000000001566,0.9999067571836556
10275,102.75000000001566,0.9999068154226988
10276,102.76000000001567,0.9999068736388856
10277,102.77000000001567,0.9999069318322188
10278,102.78000000001568,0.999906990002701
10279,102.79000000001568,0.9999070481503347
10280,102.80000000001569,0.9999071062751228
10281,102.81000000001569,0.9999071643770676
10282,102.8200000000157,0.999907222456172
10283,102.8300000000157,0.9999072805124385
10284,102.8400000000157,0.9999073385458698
10285,102.85000000001571,0.9999073965564684
10286,102.86000000001572,0.9999074545442371
10287,102.87000000001572,0.9999075125091785
10288,102.88000000001573,0.9999075704512951
10289,102.89000000001573,0.9999076283705897
10290,102.90000000001574,0.9999076862670648
10291,102.91000000001574,0.999907744140723
10292,102.92000000001575,0.9999078019915671
10293,102.93000000001575,0.9999078598195997
10294,102.94000000001576,0.9999079176248233
10295,102.95000000001576,0.9999079754072406
10296,102.96000000001577,0.9999080331668544
10297,102.97000000001577,0.9999080909036671
10298,102.98000000001578,0.9999081486176813
10299,102.99000000001578,0.9999082063088999
10300,103.00000000001579,0.9999082639773252
10301,103.0100000000158,0.9999083216229602
10302,103.0200000000158,0.9999083792458072
10303,103.0300000000158,0.9999084368458692
10304,103.04000000001581,0.9999084944231484
10305,103.05000000001581,0.9999085519776477
10306,103.06000000001582,0.9999086095093698
10307,103.07000000001582,0.9999086670183172
10308,103.08000000001583,0.9999087245044924
10309,103.09000000001583,0.9999087819678983
10310,103.10000000001584,0.9999088394085376
10311,103.11000000001584,0.9999088968264126
10312,103.12000000001585,0.999908954221526
10313,103.13000000001585,0.9999090115938808
10314,103.14000000001586,0.9999090689434792
10315,103.15000000001586,0.9999091262703241
10316,103.16000000001587,0.999909183574418
10317,103.17000000001588,0.9999092408557636
10318,103.18000000001588,0.9999092981143636
10319,103.19000000001589,0.9999093553502205
10320,103.20000000001589,0.9999094125633371
10321,103.2100000000159,0.9999094697537159
10322,103.2200000000159,0.9999095269213595
10323,103.2300000000159,0.9999095840662706
10324,103.24000000001591,0.999909641188452
10325,103.25000000001592,0.9999096982879061
10326,103.26000000001592,0.9999097553646358
10327,103.27000000001593,0.9999098124186434
10328,103.28000000001593,0.9999098694499318
10329,103.29000000001594,0.9999099264585035
10330,103.30000000001594,0.9999099834443613
10331,103.31000000001595,0.9999100404075076
10332,103.32000000001595,0.9999100973479453
10333,103.33000000001596,0.999910154265677
10334,103.34000000001596,0.9999102111607051
10335,103.35000000001597,0.9999102680330325
10336,103.36000000001597,0.9999103248826617
10337,103.37000000001598,0.9999103817095955
10338,103.38000000001598,0.9999104385138363
10339,103.39000000001599,0.9999104952953869
10340,103.400000000016,0.99991055205425
10341,103.410000000016,0.999910608790428
10342,103.420000000016,0.9999106655039239
10343,103.43000000001601,0.9999107221947401
10344,103.44000000001601,0.9999107788628793
10345,103.45000000001602,0.999910835508344
10346,103.46000000001602,0.9999108921311372
10347,103.47000000001603,0.9999109487312612
10348,103.48000000001603,0.9999110053087187
10349,103.49000000001604,0.9999110618635125
10350,103.50000000001604,0.9999111183956452
10351,103.51000000001605,0.9999111749051194
10352,103.52000000001605,0.9999112313919377
10353,103.53000000001606,0.9999112878561028
10354,103.54000000001606,0.9999113442976175
10355,103.55000000001607,0.9999114007164842
10356,103.56000000001607,0.9999114571127056
10357,103.57000000001608,0.9999115134862844
10358,103.58000000001608,0.9999115698372233
10359,103.59000000001609,0.9999116261655249
10360,103.6000000000161,0.9999116824711917
10361,103.6100000000161,0.9999117387542266
10362,103.6200000000161,0.9999117950146321
10363,103.63000000001611,0.9999118512524109
10364,103.64000000001612,0.9999119074675655
10365,103.65000000001612,0.9999119636600988
10366,103.66000000001613,0.9999120198300134
10367,103.67000000001613,0.9999120759773118
10368,103.68000000001614,0.9999121321019967
10369,103.69000000001614,0.9999121882040709
10370,103.70000000001615,0.9999122442835368
10371,103.71000000001615,0.9999123003403972
10372,103.72000000001616,0.9999123563746548
10373,103.73000000001616,0.9999124123863122
10374,103.74000000001617,0.999912468375372
10375,103.75000000001617,0.9999125243418369
10376,103.76000000001618,0.9999125802857095
10377,103.77000000001618,0.9999126362069926
10378,103.78000000001619,0.9999126921056887
10379,103.79000000001619,0.9999127479818005
10380,103.8000000000162,0.9999128038353307
10381,103.8100000000162,0.9999128596662819
10382,103.82000000001621,0.9999129154746568
10383,103.83000000001621,0.9999129712604579
10384,103.84000000001622,0.9999130270236881
10385,103.85000000001622,0.9999130827643499
10386,103.86000000001623,0.999913138482446
10387,103.87000000001623,0.9999131941779791
10388,103.88000000001624,0.9999132498509516
10389,103.89000000001624,0.9999133055013666
10390,103.90000000001625,0.9999133611292265
10391,103.91000000001625,0.9999134167345339
10392,103.92000000001626,0.9999134723172916
10393,103.93000000001626,0.9999135278775021
10394,103.94000000001627,0.9999135834151682
10395,103.95000000001627,0.9999136389302925
10396,103.96000000001628,0.9999136944228777
10397,103.97000000001628,0.9999137498929265
10398,103.98000000001629,0.9999138053404414
10399,103.9900000000163,0.9999138607654251
10400,104.0000000000163,0.9999139161678804
10401,104.0100000000163,0.9999139715478099
10402,104.02000000001631,0.9999140269052161
10403,104.03000000001632,0.9999140822401019
10404,104.04000000001632,0.9999141375524699
10405,104.05000000001633,0.9999141928423227
10406,104.06000000001633,0.999914248109663
10407,104.07000000001634,0.9999143033544934
10408,104.08000000001634,0.9999143585768165
10409,104.09000000001635,0.9999144137766353
10410,104.10000000001635,0.9999144689539521
10411,104.11000000001636,0.9999145241087697
10412,104.12000000001636,0.9999145792410908
10413,104.13000000001637,0.9999146343509181
10414,104.14000000001637,0.9999146894382541
10415,104.15000000001638,0.9999147445031016
10416,104.16000000001638,0.9999147995454633
10417,104.17000000001639,0.9999148545653417
10418,104.18000000001639,0.9999149095627397
10419,104.1900000000164,0.9999149645376596
10420,104.2000000000164,0.9999150194901044
10421,104.21000000001641,0.9999150744200768
10422,104.22000000001641,0.9999151293275792
10423,104.23000000001642,0.9999151842126145
10424,104.24000000001642,0.9999152390751852
10425,104.25000000001643,0.9999152939152941
10426,104.26000000001643,0.9999153487329437
10427,104.27000000001644,0.9999154035281369
10428,104.28000000001644,0.9999154583008762
10429,104.29000000001645,0.9999155130511644
10430,104.30000000001645,0.999915567779004
10431,104.31000000001646,0.9999156224843979
10432,104.32000000001646,0.9999156771673485
10433,104.33000000001647,0.9999157318278588
10434,104.34000000001647,0.9999157864659312
10435,104.35000000001648,0.9999158410815684
10436,104.36000000001648,0.9999158956747731
10437,104.37000000001649,0.9999159502455481
10438,104.3800000000165,0.999916004793896
10439,104.3900000000165,0.9999160593198194
10440,104.4000000000165,0.9999161138233211
10441,104.41000000001651,0.9999161683044038
10442,104.42000000001651,0.9999162227630699
10443,104.43000000001652,0.9999162771993224
10444,104.44000000001652,0.9999163316131637
10445,104.45000000001653,0.9999163860045968
10446,104.46000000001654,0.999916440373624
10447,104.47000000001654,0.9999164947202483
10448,104.48000000001655,0.9999165490444724
10449,104.49000000001655,0.9999166033462986
10450,104.50000000001656,0.9999166576257299
10451,104.51000000001656,0.9999167118827689
10452,104.52000000001657,0.9999167661174182
10453,104.53000000001657,0.9999168203296807
10454,104.54000000001658,0.9999168745195588
10455,104.55000000001658,0.9999169286870554
10456,104.56000000001659,0.9999169828321731
10457,104.57000000001659,0.9999170369549145
10458,104.5800000000166,0.9999170910552825
10459,104.5900000000166,0.9999171451332796
10460,104.6000000000166,0.9999171991889085
10461,104.61000000001661,0.999917253222172
10462,104.62000000001662,0.9999173072330726
10463,104.63000000001662,0.9999173612216131
10464,104.64000000001663,0.9999174151877963
10465,104.65000000001663,0.9999174691316246
10466,104.66000000001664,0.999917523053101
10467,104.67000000001664,0.9999175769522279
10468,104.68000000001665,0.9999176308290082
10469,104.69000000001665,0.9999176846834444
10470,104.70000000001666,0.9999177385155394
10471,104.71000000001666,0.9999177923252959
10472,104.72000000001667,0.9999178461127163
10473,104.73000000001667,0.9999178998778036
10474,104.74000000001668,0.9999179536205601
10475,104.75000000001668,0.999918007340989
10476,104.76000000001669,0.9999180610390926
10477,104.7700000000167,0.9999181147148738
10478,104.7800000000167,0.9999181683683352
10479,104.7900000000167,0.9999182219994796
10480,104.80000000001671,0.9999182756083095
10481,104.81000000001671,0.9999183291948277
10482,104.82000000001672,0.999918382759037
10483,104.83000000001672,0.9999184363009399
10484,104.84000000001673,0.9999184898205392
10485,104.85000000001673,0.9999185433178376
10486,104.86000000001674,0.9999185967928377
10487,104.87000000001674,0.9999186502455424
10488,104.88000000001675,0.9999187036759541
10489,104.89000000001676,0.9999187570840758
10490,104.90000000001676,0.99991881046991
10491,104.91000000001677,0.9999188638334595
10492,104.92000000001677,0.9999189171747269
10493,104.93000000001678,0.999918970493715
10494,104.94000000001678,0.9999190237904265
10495,104.95000000001679,0.999919077064864
10496,104.96000000001679,0.9999191303170303
10497,104.9700000000168,0.999919183546928
10498,104.9800000000168,0.99991923675456
10499,104.9900000000168,0.9999192899399286
10500,105.00000000001681,0.999919343103037
10501,105.01000000001682,0.9999193962438876
10502,105.02000000001682,0.9999194493624832
10503,105.03000000001683,0.9999195024588264
10504,105.04000000001683,0.99991955553292
10505,105.05000000001684,0.9999196085847668
10506,105.06000000001684,0.9999196616143693
10507,105.07000000001685,0.9999197146217302
10508,105.08000000001685,0.9999197676068525
10509,105.09000000001686,0.9999198205697386
10510,105.10000000001686,0.9999198735103914
10511,105.11000000001687,0.9999199264288134
10512,105.12000000001687,0.9999199793250075
10513,105.13000000001688,0.9999200321989764
10514,105.14000000001688,0.9999200850507228
10515,105.15000000001689,0.9999201378802492
10516,105.1600000000169,0.9999201906875587
10517,105.1700000000169,0.9999202434726536
10518,105.1800000000169,0.9999202962355368
10519,105.19000000001691,0.9999203489762111
10520,105.20000000001691,0.9999204016946791
10521,105.21000000001692,0.9999204543909436
10522,105.22000000001692,0.9999205070650071
10523,105.23000000001693,0.9999205597168727
10524,105.24000000001693,0.9999206123465426
10525,105.25000000001694,0.99992066495402
10526,105.26000000001694,0.9999207175393073
10527,105.27000000001695,0.9999207701024074
10528,105.28000000001695,0.999920822643323
10529,105.29000000001696,0.9999208751620567
10530,105.30000000001696,0.9999209276586113
10531,105.31000000001697,0.9999209801329896
10532,105.32000000001698,0.999921032585194
10533,105.33000000001698,0.9999210850152277
10534,105.34000000001699,0.999921137423093
10535,105.35000000001699,0.9999211898087929
10536,105.360000000017,0.9999212421723299
10537,105.370000000017,0.9999212945137068
10538,105.380000000017,0.9999213468329264
10539,105.39000000001701,0.9999213991299915
10540,105.40000000001702,0.9999214514049046
10541,105.41000000001702,0.9999215036576685
10542,105.42000000001703,0.999921555888286
10543,105.43000000001703,0.9999216080967598
10544,105.44000000001704,0.9999216602830925
10545,105.45000000001704,0.999921712447287
10546,105.46000000001705,0.999921764589346
10547,105.47000000001705,0.9999218167092722
10548,105.48000000001706,0.9999218688070681
10549,105.49000000001706,0.9999219208827369
10550,105.50000000001707,0.9999219729362809
10551,105.51000000001707,0.9999220249677031
10552,105.52000000001708,0.9999220769770062
10553,105.53000000001708,0.9999221289641927
10554,105.54000000001709,0.9999221809292657
10555,105.55000000001709,0.9999222328722275
10556,105.5600000000171,0.9999222847930812
10557,105.5700000000171,0.9999223366918294
10558,105.58000000001711,0.9999223885684748
10559,105.59000000001711,0.9999224404230201
10560,105.60000000001712,0.9999224922554683
10561,105.61000000001712,0.9999225440658218
10562,105.62000000001713,0.9999225958540835
10563,105.63000000001713,0.9999226476202561
10564,105.64000000001714,0.9999226993643423
10565,105.65000000001714,0.999922751086345
10566,105.66000000001715,0.9999228027862668
10567,105.67000000001715,0.9999228544641104
10568,105.68000000001716,0.9999229061198788
10569,105.69000000001716,0.9999229577535744
10570,105.70000000001717,0.9999230093652002
10571,105.71000000001717,0.9999230609547587
10572,105.72000000001718,0.9999231125222529
10573,105.73000000001718,0.9999231640676853
10574,105.74000000001719,0.9999232155910589
10575,105.7500000000172,0.9999232670923763
10576,105.7600000000172,0.9999233185716402
10577,105.7700000000172,0.9999233700288535
10578,105.78000000001721,0.9999234214640188
10579,105.79000000001722,0.9999234728771389
10580,105.80000000001722,0.9999235242682165
10581,105.81000000001723,0.9999235756372544
10582,105.82000000001723,0.9999236269842554
10583,105.83000000001724,0.9999236783092222
10584,105.84000000001724,0.9999237296121576
10585,105.85000000001725,0.9999237808930642
10586,105.86000000001725,0.9999238321519449
10587,105.87000000001726,0.9999238833888024
10588,105.88000000001726,0.9999239346036395
10589,105.89000000001727,0.9999239857964589
10590,105.90000000001727,0.9999240369672634
10591,105.91000000001728,0.9999240881160556
10592,105.92000000001728,0.9999241392428385
10593,105.93000000001729,0.9999241903476147
10594,105.94000000001729,0.9999242414303869
10595,105.9500000000173,0.9999242924911581
10596,105.9600000000173,0.9999243435299309
10597,105.97000000001731,0.999924394546708
10598,105.98000000001731,0.9999244455414923
10599,105.99000000001732,0.9999244965142864
10600,106.00000000001732,0.9999245474650932
10601,106.01000000001733,0.9999245983939155
10602,106.02000000001733,0.9999246493007558
10603,106.03000000001734,0.9999247001856171
10604,106.04000000001734,0.9999247510485022
10605,106.05000000001735,0.9999248018894137
10606,106.06000000001735,0.9999248527083544
10607,106.07000000001736,0.9999249035053271
10608,106.08000000001736,0.9999249542803347
10609,106.09000000001737,0.9999250050333798
10610,106.10000000001737,0.9999250557644651
10611,106.11000000001738,0.9999251064735936
10612,106.12000000001738,0.9999251571607678
10613,106.13000000001739,0.9999252078259907
10614,106.1400000000174,0.999925258469265
10615,106.1500000000174,0.9999253090905934
10616,106.1600000000174,0.9999253596899789
10617,106.17000000001741,0.9999254102674239
10618,106.18000000001742,0.9999254608229314
10619,106.19000000001742,0.9999255113565042
10620,106.20000000001743,0.9999255618681451
10621,106.21000000001743,0.9999256123578567
10622,106.22000000001744,0.999925662825642
10623,106.23000000001744,0.9999257132715035
10624,106.24000000001745,0.9999257636954442
10625,106.25000000001745,0.9999258140974668
10626,106.26000000001746,0.9999258644775741
10627,106.27000000001746,0.999925914835769
10628,106.28000000001747,0.999925965172054
10629,106.29000000001747,0.9999260154864321
10630,106.30000000001748,0.999926065778906
10631,106.31000000001748,0.9999261160494786
10632,106.32000000001749,0.9999261662981525
10633,106.33000000001749,0.9999262165249305
10634,106.3400000000175,0.9999262667298155
10635,106.3500000000175,0.9999263169128103
10636,106.36000000001751,0.9999263670739176
10637,106.37000000001751,0.9999264172131402
10638,106.38000000001752,0.999926467330481
10639,106.39000000001752,0.9999265174259426
10640,106.40000000001753,0.999926567499528
10641,106.41000000001753,0.9999266175512398
10642,106.42000000001754,0.9999266675810808
10643,106.43000000001754,0.999926717589054
10644,106.44000000001755,0.999926767575162
10645,106.45000000001755,0.9999268175394076
10646,106.46000000001756,0.9999268674817937
10647,106.47000000001756,0.9999269174023231
10648,106.48000000001757,0.9999269673009984
10649,106.49000000001757,0.9999270171778226
10650,106.50000000001758,0.9999270670327984
10651,106.51000000001758,0.9999271168659287
10652,106.52000000001759,0.9999271666772162
10653,106.5300000000176,0.9999272164666637
10654,106.5400000000176,0.9999272662342741
10655,106.5500000000176,0.99992731598005
10656,106.56000000001761,0.9999273657039944
10657,106.57000000001761,0.9999274154061101
10658,106.58000000001762,0.9999274650863997
10659,106.59000000001762,0.9999275147448663
10660,106.60000000001763,0.9999275643815124
10661,106.61000000001764,0.9999276139963411
10662,106.62000000001764,0.999927663589355
10663,106.63000000001765,0.999927713160557
10664,106.64000000001765,0.9999277627099498
10665,106.65000000001766,0.9999278122375364
10666,106.66000000001766,0.9999278617433194
10667,106.67000000001767,0.9999279112273017
10668,106.68000000001767,0.9999279606894862
10669,106.69000000001768,0.9999280101298756
10670,106.70000000001768,0.9999280595484727
10671,106.71000000001769,0.9999281089452805
10672,106.72000000001769,0.9999281583203016
10673,106.7300000000177,0.9999282076735388
10674,106.7400000000177,0.9999282570049952
10675,106.7500000000177,0.9999283063146733
10676,106.76000000001771,0.9999283556025761
10677,106.77000000001772,0.9999284048687064
10678,106.78000000001772,0.9999284541130669
10679,106.79000000001773,0.9999285033356605
10680,106.80000000001773,0.99992855253649
10681,106.81000000001774,0.9999286017155584
10682,106.82000000001774,0.9999286508728683
10683,106.83000000001775,0.9999287000084226
10684,106.84000000001775,0.9999287491222241
10685,106.85000000001776,0.9999287982142756
10686,106.86000000001776,0.9999288472845801
10687,106.87000000001777,0.9999288963331402
10688,106.88000000001777,0.9999289453599589
10689,106.89000000001778,0.999928994365039
10690,106.90000000001778,0.9999290433483832
10691,106.91000000001779,0.9999290923099945
10692,106.9200000000178,0.9999291412498755
10693,106.9300000000178,0.9999291901680294
10694,106.9400000000178,0.9999292390644586
10695,106.95000000001781,0.9999292879391664
10696,106.96000000001781,0.9999293367921552
10697,106.97000000001782,0.9999293856234281
10698,106.98000000001782,0.9999294344329879
10699,106.99000000001783,0.9999294832208373
10700,107.00000000001783,0.9999295319869793
10701,107.01000000001784,0.9999295807314167
10702,107.02000000001784,0.9999296294541523
10703,107.03000000001785,0.999929678155189
10704,107.04000000001786,0.9999297268345295
10705,107.05000000001786,0.9999297754921768
10706,107.06000000001787,0.9999298241281337
10707,107.07000000001787,0.9999298727424031
10708,107.08000000001788,0.9999299213349877
10709,107.09000000001788,0.9999299699058904
10710,107.10000000001789,0.9999300184551141
10711,107.11000000001789,0.9999300669826616
10712,107.1200000000179,0.9999301154885358
10713,107.1300000000179,0.9999301639727396
10714,107.1400000000179,0.9999302124352757
10715,107.15000000001791,0.999930260876147
10716,107.16000000001792,0.9999303092953564
10717,107.17000000001792,0.9999303576929068
10718,107.18000000001793,0.9999304060688009
10719,107.19000000001793,0.9999304544230417
10720,107.20000000001794,0.999930502755632
10721,107.21000000001794,0.9999305510665746
10722,107.22000000001795,0.9999305993558725
10723,107.23000000001795,0.9999306476235283
10724,107.24000000001796,0.9999306958695452
10725,107.25000000001796,0.9999307440939259
10726,107.26000000001797,0.9999307922966731
10727,107.27000000001797,0.99993084047779
10728,107.28000000001798,0.9999308886372792
10729,107.29000000001798,0.9999309367751437
10730,107.30000000001799,0.9999309848913862
10731,107.310000000018,0.9999310329860097
10732,107.320000000018,0.9999310810590172
10733,107.330000000018,0.9999311291104113
10734,107.34000000001801,0.999931177140195
10735,107.35000000001801,0.9999312251483712
10736,107.36000000001802,0.9999312731349426
10737,107.37000000001802,0.9999313210999123
10738,107.38000000001803,0.9999313690432831
10739,107.39000000001803,0.9999314169650577
10740,107.40000000001804,0.9999314648652393
10741,107.41000000001804,0.9999315127438305
10742,107.42000000001805,0.9999315606008343
10743,107.43000000001805,0.9999316084362535
10744,107.44000000001806,0.9999316562500912
10745,107.45000000001806,0.9999317040423499
10746,107.46000000001807,0.9999317518130328
10747,107.47000000001808,0.9999317995621426
10748,107.48000000001808,0.9999318472896823
10749,107.49000000001809,0.9999318949956548
10750,107.50000000001809,0.9999319426800629
10751,107.5100000000181,0.9999319903429095
10752,107.5200000000181,0.9999320379841975
10753,107.5300000000181,0.9999320856039298
10754,107.54000000001811,0.9999321332021092
10755,107.55000000001812,0.9999321807787387
10756,107.56000000001812,0.9999322283338211
10757,107.57000000001813,0.9999322758673594
10758,107.58000000001813,0.9999323233793564
10759,107.59000000001814,0.9999323708698151
10760,107.60000000001814,0.9999324183387384
10761,107.61000000001815,0.9999324657861289
10762,107.62000000001815,0.9999325132119898
10763,107.63000000001816,0.999932560616324
10764,107.64000000001816,0.9999326079991343
10765,107.65000000001817,0.9999326553604235
10766,107.66000000001817,0.9999327027001947
10767,107.67000000001818,0.9999327500184507
10768,107.68000000001818,0.9999327973151944
10769,107.69000000001819,0.9999328445904287
10770,107.70000000001819,0.9999328918441566
10771,107.7100000000182,0.9999329390763808
10772,107.7200000000182,0.9999329862871045
10773,107.73000000001821,0.9999330334763303
10774,107.74000000001821,0.9999330806440613
10775,107.75000000001822,0.9999331277903004
10776,107.76000000001822,0.9999331749150504
10777,107.77000000001823,0.9999332220183144
10778,107.78000000001823,0.9999332691000951
10779,107.79000000001824,0.9999333161603955
10780,107.80000000001824,0.9999333631992186
10781,107.81000000001825,0.9999334102165671
10782,107.82000000001825,0.9999334572124442
10783,107.83000000001826,0.9999335041868526
10784,107.84000000001826,0.9999335511397953
10785,107.85000000001827,0.9999335980712752
10786,107.86000000001827,0.9999336449812952
10787,107.87000000001828,0.9999336918698584
10788,107.88000000001828,0.9999337387369674
10789,107.89000000001829,0.9999337855826255
10790,107.9000000000183,0.9999338324068352
10791,107.9100000000183,0.9999338792095998
10792,107.9200000000183,0.999933925990922
10793,107.93000000001831,0.9999339727508049
10794,107.94000000001832,0.9999340194892513
10795,107.95000000001832,0.9999340662062641
10796,107.96000000001833,0.9999341129018464
10797,107.97000000001833,0.999934159576001
10798,107.98000000001834,0.9999342062287309
10799,107.99000000001834,0.9999342528600389
10800,108.00000000001835,0.9999342994699281
10801,108.01000000001835,0.9999343460584013
10802,108.02000000001836,0.9999343926254616
10803,108.03000000001836,0.9999344391711118
10804,108.04000000001837,0.9999344856953548
10805,108.05000000001837,0.9999345321981938
10806,108.06000000001838,0.9999345786796315
10807,108.07000000001838,0.9999346251396709
10808,108.08000000001839,0.999934671578315
10809,108.09000000001839,0.9999347179955667
10810,108.1000000000184,0.9999347643914288
10811,108.1100000000184,0.9999348107659046
10812,108.12000000001841,0.9999348571189968
10813,108.13000000001841,0.9999349034507083
10814,108.14000000001842,0.9999349497610422
10815,108.15000000001842,0.9999349960500015
10816,108.16000000001843,0.9999350423175889
10817,108.17000000001843,0.9999350885638075
10818,108.18000000001844,0.9999351347886604
10819,108.19000000001844,0.9999351809921504
10820,108.20000000001845,0.9999352271742804
10821,108.21000000001845,0.9999352733350534
10822,108.22000000001846,0.9999353194744725
10823,108.23000000001846,0.9999353655925405
10824,108.24000000001847,0.9999354116892604
10825,108.25000000001847,0.9999354577646352
10826,108.26000000001848,0.9999355038186678
10827,108.27000000001848,0.9999355498513612
10828,108.28000000001849,0.9999355958627185
10829,108.2900000000185,0.9999356418527425
10830,108.3000000000185,0.9999356878214362
10831,108.3100000000185,0.9999357337688025
10832,108.32000000001851,0.9999357796948445
10833,108.33000000001852,0.9999358255995652
10834,108.34000000001852,0.9999358714829674
10835,108.35000000001853,0.9999359173450542
10836,108.36000000001853,0.9999359631858286
10837,108.37000000001854,0.9999360090052934
10838,108.38000000001854,0.9999360548034518
10839,108.39000000001855,0.9999361005803067
10840,108.40000000001855,0.999936146335861
10841,108.41000000001856,0.9999361920701177
10842,108.42000000001856,0.9999362377830799
10843,108.43000000001857,0.9999362834747506
10844,108.44000000001857,0.9999363291451325
10845,108.45000000001858,0.9999363747942289
10846,108.46000000001858,0.9999364204220427
10847,108.47000000001859,0.9999364660285768
10848,108.48000000001859,0.9999365116138342
10849,108.4900000000186,0.9999365571778179
10850,108.5000000000186,0.9999366027205311
10851,108.51000000001861,0.9999366482419765
10852,108.52000000001861,0.9999366937421572
10853,108.53000000001862,0.9999367392210763
10854,108.54000000001862,0.9999367846787366
10855,108.55000000001863,0.9999368301151412
10856,108.56000000001863,0.9999368755302932
10857,108.57000000001864,0.9999369209241955
10858,108.58000000001864,0.999936966296851
10859,108.59000000001865,0.9999370116482629
10860,108.60000000001865,0.999937056978434
10861,108.61000000001866,0.9999371022873675
10862,108.62000000001866,0.9999371475750664
10863,108.63000000001867,0.9999371928415335
10864,108.64000000001867,0.999937238086772
10865,108.65000000001868,0.9999372833107848
10866,108.66000000001868,0.999937328513575
10867,108.67000000001869,0.9999373736951456
10868,108.6800000000187,0.9999374188554995
10869,108.6900000000187,0.9999374639946398
10870,108.7000000000187,0.9999375091125695
10871,108.71000000001871,0.9999375542092918
10872,108.72000000001871,0.9999375992848093
10873,108.73000000001872,0.9999376443391255
10874,108.74000000001872,0.999937689372243
10875,108.75000000001873,0.9999377343841651
10876,108.76000000001874,0.9999377793748947
10877,108.77000000001874,0.9999378243444349
10878,108.78000000001875,0.9999378692927887
10879,108.79000000001875,0.999937914219959
10880,108.80000000001876,0.9999379591259491
10881,108.81000000001876,0.9999380040107617
10882,108.82000000001877,0.9999380488744001
10883,108.83000000001877,0.9999380937168673
10884,108.84000000001878,0.999938138538166
10885,108.85000000001878,0.9999381833382998
10886,108.86000000001879,0.9999382281172713
10887,108.87000000001879,0.9999382728750836
10888,108.8800000000188,0.9999383176117399
10889,108.8900000000188,0.9999383623272431
10890,108.9000000000188,0.9999384070215963
10891,108.91000000001881,0.9999384516948026
10892,108.92000000001882,0.9999384963468649
10893,108.93000000001882,0.9999385409777863
10894,108.94000000001883,0.9999385855875699
10895,108.95000000001883,0.9999386301762188
10896,108.96000000001884,0.9999386747437358
10897,108.97000000001884,0.9999387192901241
10898,108.98000000001885,0.9999387638153868
10899,108.99000000001885,0.999938808319527
10900,109.00000000001886,0.9999388528025476
10901,109.01000000001886,0.9999388972644517
10902,109.02000000001887,0.9999389417052423
10903,109.03000000001887,0.9999389861249227
10904,109.04000000001888,0.9999390305234958
10905,109.05000000001888,0.9999390749009645
10906,109.06000000001889,0.999939119257332
10907,109.0700000000189,0.9999391635926015
10908,109.0800000000189,0.9999392079067758
10909,109.0900000000189,0.9999392521998582
10910,109.10000000001891,0.9999392964718516
10911,109.11000000001891,0.9999393407227593
10912,109.12000000001892,0.999939384952584
10913,109.13000000001892,0.999939429161329
10914,109.14000000001893,0.9999394733489975
10915,109.15000000001893,0.9999395175155923
10916,109.16000000001894,0.9999395616611165
10917,109.17000000001894,0.9999396057855734
10918,109.18000000001895,0.999939649888966
10919,109.19000000001896,0.9999396939712972
10920,109.20000000001896,0.9999397380325702
10921,109.21000000001897,0.9999397820727882
10922,109.22000000001897,0.9999398260919541
10923,109.23000000001898,0.999939870090071
10924,109.24000000001898,0.999939914067142
10925,109.25000000001899,0.9999399580231704
10926,109.26000000001899,0.9999400019581589
10927,109.270000000019,0.9999400458721109
10928,109.280000000019,0.9999400897650293
10929,109.290000000019,0.9999401336369175
10930,109.30000000001901,0.9999401774877781
10931,109.31000000001902,0.9999402213176146
10932,109.32000000001902,0.99994026512643
10933,109.33000000001903,0.9999403089142272
10934,109.34000000001903,0.9999403526810096
10935,109.35000000001904,0.9999403964267801
10936,109.36000000001904,0.9999404401515418
10937,109.37000000001905,0.9999404838552979
10938,109.38000000001905,0.9999405275380515
10939,109.39000000001906,0.9999405711998056
10940,109.40000000001906,0.9999406148405634
10941,109.41000000001907,0.999940658460328
10942,109.42000000001907,0.9999407020591025
10943,109.43000000001908,0.99994074563689
10944,109.44000000001908,0.9999407891936934
10945,109.45000000001909,0.9999408327295163
10946,109.4600000000191,0.9999408762443613
10947,109.4700000000191,0.999940919738232
10948,109.4800000000191,0.9999409632111311
10949,109.49000000001911,0.999941006663062
10950,109.50000000001911,0.9999410500940277
10951,109.51000000001912,0.9999410935040313
10952,109.52000000001912,0.9999411368930758
10953,109.53000000001913,0.9999411802611646
10954,109.54000000001913,0.9999412236083007
10955,109.55000000001914,0.9999412669344874
10956,109.56000000001914,0.9999413102397274
10957,109.57000000001915,0.9999413535240242
10958,109.58000000001915,0.9999413967873809
10959,109.59000000001916,0.9999414400298005
10960,109.60000000001916,0.9999414832512861
10961,109.61000000001917,0.999941526451841
10962,109.62000000001917,0.9999415696314682
10963,109.63000000001918,0.999941612790171
10964,109.64000000001919,0.9999416559279524
10965,109.65000000001919,0.9999416990448156
10966,109.6600000000192,0.9999417421407636
10967,109.6700000000192,0.9999417852157998
10968,109.6800000000192,0.9999418282699272
10969,109.69000000001921,0.9999418713031488
10970,109.70000000001922,0.9999419143154681
10971,109.71000000001922,0.999941957306888
10972,109.72000000001923,0.9999420002774116
10973,109.73000000001923,0.9999420432270423
10974,109.74000000001924,0.9999420861557831
10975,109.75000000001924,0.9999421290636371
10976,109.76000000001925,0.9999421719506076
10977,109.77000000001925,0.9999422148166976
10978,109.78000000001926,0.9999422576619105
10979,109.79000000001926,0.9999423004862492
10980,109.80000000001927,0.999942343289717
10981,109.81000000001927,0.999942386072317
10982,109.82000000001928,0.9999424288340524
10983,109.83000000001928,0.9999424715749263
10984,109.84000000001929,0.9999425142949421
10985,109.85000000001929,0.9999425569941027
10986,109.8600000000193,0.9999425996724114
10987,109.8700000000193,0.9999426423298714
10988,109.88000000001931,0.9999426849664858
10989,109.89000000001931,0.9999427275822578
10990,109.90000000001932,0.9999427701771905
10991,109.91000000001932,0.9999428127512872
10992,109.92000000001933,0.9999428553045511
10993,109.93000000001933,0.9999428978369852
10994,109.94000000001934,0.9999429403485929
10995,109.95000000001934,0.9999429828393773
10996,109.96000000001935,0.9999430253093415
10997,109.97000000001935,0.9999430677584888
10998,109.98000000001936,0.9999431101868224
10999,109.99000000001936,0.9999431525943454
11000,110.00000000001937,0.999943194981061
11001,110.01000000001937,0.9999432373469725
11002,110.02000000001938,0.999943279692083
11003,110.03000000001938,0.9999433220163957
11004,110.04000000001939,0.9999433643199138
11005,110.0500000000194,0.9999434066026406
11006,110.0600000000194,0.9999434488645792
11007,110.0700000000194,0.9999434911057328
11008,110.08000000001941,0.9999435333261045
11009,110.09000000001942,0.9999435755256978
11010,110.10000000001942,0.9999436177045158
11011,110.11000000001943,0.9999436598625615
11012,110.12000000001943,0.9999437019998383
11013,110.13000000001944,0.9999437441163493
11014,110.14000000001944,0.999943786212098
11015,110.15000000001945,0.9999438282870873
11016,110.16000000001945,0.9999438703413205
11017,110.17000000001946,0.9999439123748007
11018,110.18000000001946,0.9999439543875315
11019,110.19000000001947,0.9999439963795157
11020,110.20000000001947,0.9999440383507568
11021,110.21000000001948,0.9999440803012579
11022,110.22000000001948,0.9999441222310222
11023,110.23000000001949,0.999944164140053
11024,110.24000000001949,0.9999442060283535
11025,110.2500000000195,0.9999442478959271
11026,110.2600000000195,0.9999442897427767
11027,110.27000000001951,0.9999443315689057
11028,110.28000000001951,0.9999443733743174
11029,110.29000000001952,0.9999444151590149
11030,110.30000000001952,0.9999444569230016
11031,110.31000000001953,0.9999444986662807
11032,110.32000000001953,0.9999445403888553
11033,110.33000000001954,0.9999445820907287
11034,110.34000000001954,0.9999446237719042
11035,110.35000000001955,0.999944665432385
11036,110.36000000001955,0.9999447070721745
11037,110.37000000001956,0.9999447486912758
11038,110.38000000001956,0.9999447902896921
11039,110.39000000001957,0.9999448318674268
11040,110.40000000001957,0.999944873424483
11041,110.41000000001958,0.9999449149608641
11042,110.42000000001958,0.9999449564765733
11043,110.43000000001959,0.9999449979716138
11044,110.4400000000196,0.999945039445989
11045,110.4500000000196,0.999945080899702
11046,110.4600000000196,0.9999451223327562
11047,110.47000000001961,0.9999451637451547
11048,110.48000000001961,0.999945205136901
11049,110.49000000001962,0.9999452465079982
11050,110.50000000001963,0.9999452878584496
11051,110.51000000001963,0.9999453291882585
11052,110.52000000001964,0.9999453704974282
11053,110.53000000001964,0.9999454117859617
11054,110.54000000001965,0.9999454530538627
11055,110.55000000001965,0.9999454943011343
11056,110.56000000001966,0.9999455355277798
11057,110.57000000001966,0.9999455767338024
11058,110.58000000001967,0.9999456179192053
11059,110.59000000001967,0.999945659083992
11060,110.60000000001968,0.9999457002281658
11061,110.61000000001968,0.9999457413517298
11062,110.62000000001969,0.9999457824546873
11063,110.63000000001969,0.9999458235370418
11064,110.6400000000197,0.9999458645987963
11065,110.6500000000197,0.9999459056399544
11066,110.6600000000197,0.9999459466605193
11067,110.67000000001971,0.9999459876604941
11068,110.68000000001972,0.9999460286398822
11069,110.69000000001972,0.9999460695986871
11070,110.70000000001973,0.999946110536912
11071,110.71000000001973,0.99994615145456
11072,110.72000000001974,0.9999461923516346
11073,110.73000000001974,0.9999462332281391
11074,110.74000000001975,0.9999462740840768
11075,110.75000000001975,0.999946314919451
11076,110.76000000001976,0.9999463557342649
11077,110.77000000001976,0.999946396528522
11078,110.78000000001977,0.9999464373022255
11079,110.79000000001977,0.9999464780553787
11080,110.80000000001978,0.9999465187879851
11081,110.81000000001978,0.9999465595000477
11082,110.82000000001979,0.9999466001915702
11083,110.8300000000198,0.9999466408625557
11084,110.8400000000198,0.9999466815130075
11085,110.8500000000198,0.999946722142929
11086,110.86000000001981,0.9999467627523235
11087,110.87000000001981,0.9999468033411945
11088,110.88000000001982,0.9999468439095449
11089,110.89000000001982,0.9999468844573786
11090,110.90000000001983,0.9999469249846985
11091,110.91000000001983,0.9999469654915081
11092,110.92000000001984,0.9999470059778107
11093,110.93000000001985,0.9999470464436098
11094,110.94000000001985,0.9999470868889084
11095,110.95000000001986,0.9999471273137103
11096,110.96000000001986,0.9999471677180184
11097,110.97000000001987,0.9999472081018363
11098,110.98000000001987,0.9999472484651675
11099,110.99000000001988,0.9999472888080149
11100,111.00000000001988,0.9999473291303822
11101,111.01000000001989,0.9999473694322727
11102,111.02000000001989,0.9999474097136897
11103,111.0300000000199,0.9999474499746365
11104,111.0400000000199,0.9999474902151165
11105,111.0500000000199,0.9999475304351333
11106,111.06000000001991,0.9999475706346899
11107,111.07000000001992,0.9999476108137899
11108,111.08000000001992,0.9999476509724365
11109,111.09000000001993,0.9999476911106332
11110,111.10000000001993,0.9999477312283833
11111,111.11000000001994,0.9999477713256903
11112,111.12000000001994,0.9999478114025574
11113,111.13000000001995,0.9999478514589881
11114,111.14000000001995,0.9999478914949858
11115,111.15000000001996,0.9999479315105536
11116,111.16000000001996,0.9999479715056953
11117,111.17000000001997,0.9999480114804139
11118,111.18000000001997,0.999948051434713
11119,111.19000000001998,0.999948091368596
11120,111.20000000001998,0.9999481312820662
11121,111.21000000001999,0.999948171175127
11122,111.22000000002,0.9999482110477819
11123,111.23000000002,0.999948250900034
11124,111.24000000002,0.9999482907318871
11125,111.25000000002001,0.9999483305433443
11126,111.26000000002001,0.9999483703344091
11127,111.27000000002002,0.9999484101050848
11128,111.28000000002002,0.999948449855375
11129,111.29000000002003,0.999948489585283
11130,111.30000000002003,0.9999485292948123
11131,111.31000000002004,0.999948568983966
11132,111.32000000002004,0.9999486086527478
11133,111.33000000002005,0.9999486483011611
11134,111.34000000002005,0.9999486879292092
11135,111.35000000002006,0.9999487275368956
11136,111.36000000002007,0.9999487671242235
11137,111.37000000002007,0.9999488066911967
11138,111.38000000002008,0.9999488462378183
11139,111.39000000002008,0.9999488857640918
11140,111.40000000002009,0.9999489252700208
11141,111.41000000002009,0.9999489647556085
11142,111.4200000000201,0.9999490042208583
11143,111.4300000000201,0.9999490436657739
11144,111.4400000000201,0.9999490830903585
11145,111.45000000002011,0.9999491224946155
11146,111.46000000002012,0.9999491618785485
11147,111.47000000002012,0.9999492012421609
11148,111.48000000002013,0.9999492405854561
11149,111.49000000002013,0.9999492799084376
11150,111.50000000002014,0.9999493192111087
11151,111.51000000002014,0.999949358493473
11152,111.52000000002015,0.9999493977555338
11153,111.53000000002015,0.9999494369972947
11154,111.54000000002016,0.999949476218759
11155,111.55000000002016,0.9999495154199303
11156,111.56000000002017,0.9999495546008118
11157,111.57000000002017,0.9999495937614072
11158,111.58000000002018,0.99994963290172
11159,111.59000000002018,0.9999496720217534
11160,111.60000000002019,0.9999497111215111
11161,111.6100000000202,0.9999497502009965
11162,111.6200000000202,0.9999497892602129
11163,111.6300000000202,0.999949828299164
11164,111.64000000002021,0.9999498673178531
11165,111.65000000002021,0.9999499063162837
11166,111.66000000002022,0.9999499452944594
11167,111.67000000002022,0.9999499842523835
11168,111.68000000002023,0.9999500231900594
11169,111.69000000002023,0.9999500621074909
11170,111.70000000002024,0.9999501010046813
11171,111.71000000002024,0.9999501398816341
11172,111.72000000002025,0.9999501787383527
11173,111.73000000002025,0.9999502175748406
11174,111.74000000002026,0.9999502563911014
11175,111.75000000002026,0.9999502951871384
11176,111.76000000002027,0.9999503339629553
11177,111.77000000002027,0.9999503727185556
11178,111.78000000002028,0.9999504114539425
11179,111.79000000002029,0.9999504501691198
11180,111.80000000002029,0.9999504888640909
11181,111.8100000000203,0.9999505275388592
11182,111.8200000000203,0.9999505661934283
11183,111.8300000000203,0.9999506048278017
11184,111.84000000002031,0.9999506434419829
11185,111.85000000002032,0.9999506820359754
11186,111.86000000002032,0.9999507206097826
11187,111.87000000002033,0.9999507591634083
11188,111.88000000002033,0.9999507976968557
11189,111.89000000002034,0.9999508362101285
11190,111.90000000002034,0.9999508747032301
11191,111.91000000002035,0.9999509131761641
11192,111.92000000002035,0.999950951628934
11193,111.93000000002036,0.9999509900615433
11194,111.94000000002036,0.9999510284739955
11195,111.95000000002037,0.9999510668662942
11196,111.96000000002037,0.999951105238443
11197,111.97000000002038,0.9999511435904451
11198,111.98000000002038,0.9999511819223045
11199,111.99000000002039,0.9999512202340243
11200,112.00000000002039,0.9999512585256083
11201,112.0100000000204,0.9999512967970599
11202,112.0200000000204,0.9999513350483826
11203,112.03000000002041,0.9999513732795802
11204,112.04000000002041,0.999951411490656
11205,112.05000000002042,0.9999514496816136
11206,112.06000000002042,0.9999514878524567
11207,112.07000000002043,0.9999515260031886
11208,112.08000000002043,0.999951564133813
11209,112.09000000002044,0.9999516022443334
11210,112.10000000002044,0.9999516403347535
11211,112.11000000002045,0.9999516784050766
11212,112.12000000002045,0.9999517164553063
11213,112.13000000002046,0.9999517544854464
11214,112.14000000002046,0.9999517924955003
11215,112.15000000002047,0.9999518304854715
11216,112.16000000002047,0.9999518684553637
11217,112.17000000002048,0.9999519064051804
11218,112.18000000002048,0.9999519443349252
11219,112.19000000002049,0.9999519822446016
11220,112.2000000000205,0.9999520201342131
11221,112.2100000000205,0.9999520580037636
11222,112.2200000000205,0.9999520958532564
11223,112.23000000002051,0.9999521336826952
11224,112.24000000002052,0.9999521714920835
11225,112.25000000002052,0.9999522092814249
11226,112.26000000002053,0.999952247050723
11227,112.27000000002053,0.9999522847999814
11228,112.28000000002054,0.9999523225292037
11229,112.29000000002054,0.9999523602383935
11230,112.30000000002055,0.9999523979275544
11231,112.31000000002055,0.9999524355966899
11232,112.32000000002056,0.9999524732458036
11233,112.33000000002056,0.9999525108748993
11234,112.34000000002057,0.9999525484839804
11235,112.35000000002057,0.9999525860730506
11236,112.36000000002058,0.9999526236421133
11237,112.37000000002058,0.9999526611911725
11238,112.38000000002059,0.9999526987202315
11239,112.39000000002059,0.999952736229294
11240,112.4000000000206,0.9999527737183636
11241,112.4100000000206,0.999952811187444
11242,112.42000000002061,0.9999528486365387
11243,112.43000000002061,0.9999528860656512
11244,112.44000000002062,0.9999529234747855
11245,112.45000000002062,0.9999529608639449
11246,112.46000000002063,0.9999529982331332
11247,112.47000000002063,0.9999530355823539
11248,112.48000000002064,0.9999530729116108
11249,112.49000000002064,0.9999531102209074
11250,112.50000000002065,0.9999531475102473
11251,112.51000000002065,0.9999531847796342
11252,112.52000000002066,0.9999532220290718
11253,112.53000000002066,0.9999532592585635
11254,112.54000000002067,0.9999532964681133
11255,112.55000000002067,0.9999533336577245
11256,112.56000000002068,0.999953370827401
11257,112.57000000002068,0.9999534079771464
11258,112.58000000002069,0.9999534451069642
11259,112.5900000000207,0.9999534822168581
11260,112.6000000000207,0.999953519306832
11261,112.6100000000207,0.9999535563768891
11262,112.62000000002071,0.9999535934270335
11263,112.63000000002071,0.9999536304572686
11264,112.64000000002072,0.9999536674675982
11265,112.65000000002073,0.9999537044580259
11266,112.66000000002073,0.9999537414285553
11267,112.67000000002074,0.9999537783791902
11268,112.68000000002074,0.9999538153099342
11269,112.69000000002075,0.999953852220791
11270,112.70000000002075,0.9999538891117642
11271,112.71000000002076,0.9999539259828576
11272,112.72000000002076,0.9999539628340748
11273,112.73000000002077,0.9999539996654194
11274,112.74000000002077,0.9999540364768953
11275,112.75000000002078,0.9999540732685059
11276,112.76000000002078,0.9999541100402551
11277,112.77000000002079,0.9999541467921467
11278,112.78000000002079,0.9999541835241841
11279,112.7900000000208,0.999954220236371
11280,112.8000000000208,0.9999542569287114
11281,112.8100000000208,0.9999542936012087
11282,112.82000000002081,0.9999543302538668
11283,112.83000000002082,0.9999543668866893
11284,112.84000000002082,0.9999544034996798
11285,112.85000000002083,0.9999544400928422
11286,112.86000000002083,0.9999544766661801
11287,112.87000000002084,0.9999545132196972
11288,112.88000000002084,0.9999545497533974
11289,112.89000000002085,0.9999545862672841
11290,112.90000000002085,0.9999546227613613
11291,112.91000000002086,0.9999546592356324
11292,112.92000000002086,0.9999546956901015
11293,112.93000000002087,0.9999547321247721
11294,112.94000000002087,0.9999547685396479
11295,112.95000000002088,0.9999548049347328
11296,112.96000000002088,0.9999548413100303
11297,112.97000000002089,0.9999548776655444
11298,112.9800000000209,0.9999549140012786
11299,112.9900000000209,0.9999549503172367
11300,113.0000000000209,0.9999549866134224
11301,113.01000000002091,0.9999550228898395
11302,113.02000000002091,0.9999550591464919
11303,113.03000000002092,0.999955095383383
11304,113.04000000002092,0.9999551316005167
11305,113.05000000002093,0.999955167797897
11306,113.06000000002093,0.9999552039755272
11307,113.07000000002094,0.9999552401334113
11308,113.08000000002095,0.9999552762715531
11309,113.09000000002095,0.9999553123899563
11310,113.10000000002096,0.9999553484886246
11311,113.11000000002096,0.9999553845675617
11312,113.12000000002097,0.9999554206267717
11313,113.13000000002097,0.999955456666258
11314,113.14000000002098,0.9999554926860245
11315,113.15000000002098,0.9999555286860748
11316,113.16000000002099,0.999955564666413
11317,113.17000000002099,0.9999556006270427
11318,113.180000000021,0.9999556365679677
11319,113.190000000021,0.9999556724891917
11320,113.200000000021,0.9999557083907187
11321,113.21000000002101,0.9999557442725521
11322,113.22000000002102,0.999955780134696
11323,113.23000000002102,0.9999558159771541
11324,113.24000000002103,0.9999558517999302
11325,113.25000000002103,0.9999558876030281
11326,113.26000000002104,0.9999559233864516
11327,113.27000000002104,0.9999559591502043
11328,113.28000000002105,0.9999559948942902
11329,113.29000000002105,0.9999560306187132
11330,113.30000000002106,0.9999560663234768
11331,113.31000000002106,0.999956102008585
11332,113.32000000002107,0.9999561376740416
11333,113.33000000002107,0.9999561733198504
11334,113.34000000002108,0.9999562089460151
11335,113.35000000002108,0.9999562445525397
11336,113.36000000002109,0.9999562801394278
11337,113.3700000000211,0.9999563157066834
11338,113.3800000000211,0.9999563512543103
11339,113.3900000000211,0.9999563867823121
11340,113.40000000002111,0.9999564222906929
11341,113.41000000002111,0.9999564577794565
11342,113.42000000002112,0.9999564932486066
11343,113.43000000002112,0.999956528698147
11344,113.44000000002113,0.9999565641280816
11345,113.45000000002113,0.9999565995384143
11346,113.46000000002114,0.9999566349291489
11347,113.47000000002114,0.9999566703002891
11348,113.48000000002115,0.999956705651839
11349,113.49000000002115,0.9999567409838023
11350,113.50000000002116,0.9999567762961827
11351,113.51000000002117,0.9999568115889843
11352,113.52000000002117,0.9999568468622109
11353,113.53000000002118,0.9999568821158662
11354,113.54000000002118,0.9999569173499541
11355,113.55000000002119,0.9999569525644786
11356,113.56000000002119,0.9999569877594434
11357,113.5700000000212,0.9999570229348524
11358,113.5800000000212,0.9999570580907096
11359,113.5900000000212,0.9999570932270188
11360,113.60000000002121,0.9999571283437836
11361,113.61000000002122,0.9999571634410083
11362,113.62000000002122,0.9999571985186964
11363,113.63000000002123,0.999957233576852
11364,113.64000000002123,0.9999572686154788
11365,113.65000000002124,0.999957303634581
11366,113.66000000002124,0.9999573386341621
11367,113.67000000002125,0.9999573736142263
11368,113.68000000002125,0.9999574085747772
11369,113.69000000002126,0.999957443515819
11370,113.70000000002126,0.9999574784373553
11371,113.71000000002127,0.9999575133393901
11372,113.72000000002127,0.9999575482219273
11373,113.73000000002128,0.9999575830849708
11374,113.74000000002128,0.9999576179285246
11375,113.75000000002129,0.9999576527525924
11376,113.7600000000213,0.9999576875571782
11377,113.7700000000213,0.999957722342286
11378,113.7800000000213,0.9999577571079195
11379,113.79000000002131,0.9999577918540827
11380,113.80000000002131,0.9999578265807797
11381,113.81000000002132,0.9999578612880141
11382,113.82000000002132,0.99995789597579
11383,113.83000000002133,0.9999579306441113
11384,113.84000000002133,0.999957965292982
11385,113.85000000002134,0.9999579999224059
11386,113.86000000002134,0.9999580345323869
11387,113.87000000002135,0.999958069122929
11388,113.88000000002135,0.9999581036940361
11389,113.89000000002136,0.9999581382457122
11390,113.90000000002136,0.9999581727779612
11391,113.91000000002137,0.9999582072907869
11392,113.92000000002137,0.9999582417841935
11393,113.93000000002138,0.9999582762581847
11394,113.94000000002139,0.9999583107127646
11395,113.95000000002139,0.9999583451479371
11396,113.9600000000214,0.9999583795637061
11397,113.9700000000214,0.9999584139600757
11398,113.9800000000214,0.9999584483370496
11399,113.99000000002141,0.9999584826946321
11400,114.00000000002142,0.9999585170328268
11401,114.01000000002142,0.9999585513516378
11402,114.02000000002143,0.9999585856510692
11403,114.03000000002143,0.9999586199311248
11404,114.04000000002144,0.9999586541918086
11405,114.05000000002144,0.9999586884331246
11406,114.06000000002145,0.9999587226550768
11407,114.07000000002145,0.999958756857669
11408,114.08000000002146,0.9999587910409053
11409,114.09000000002146,0.9999588252047898
11410,114.10000000002147,0.9999588593493264
11411,114.11000000002147,0.9999588934745189
11412,114.12000000002148,0.9999589275803716
11413,114.13000000002148,0.9999589616668882
11414,114.14000000002149,0.9999589957340729
11415,114.15000000002149,0.9999590297819295
11416,114.1600000000215,0.9999590638104622
11417,114.1700000000215,0.9999590978196748
11418,114.18000000002151,0.9999591318095715
11419,114.19000000002151,0.9999591657801562
11420,114.20000000002152,0.9999591997314328
11421,114.21000000002152,0.9999592336634054
11422,114.22000000002153,0.9999592675760781
11423,114.23000000002153,0.9999593014694548
11424,114.24000000002154,0.9999593353435395
11425,114.25000000002154,0.9999593691983364
11426,114.26000000002155,0.9999594030338492
11427,114.27000000002155,0.9999594368500822
11428,114.28000000002156,0.9999594706470393
11429,114.29000000002156,0.9999595044247245
11430,114.30000000002157,0.9999595381831419
11431,114.31000000002157,0.9999595719222955
11432,114.32000000002158,0.9999596056421893
11433,114.33000000002158,0.9999596393428274
11434,114.34000000002159,0.9999596730242137
11435,114.3500000000216,0.9999597066863525
11436,114.3600000000216,0.9999597403292476
11437,114.3700000000216,0.9999597739529031
11438,114.38000000002161,0.9999598075573232
11439,114.39000000002162,0.9999598411425117
11440,114.40000000002162,0.9999598747084728
11441,114.41000000002163,0.9999599082552106
11442,114.42000000002163,0.999959941782729
11443,114.43000000002164,0.9999599752910322
11444,114.44000000002164,0.9999600087801241
11445,114.45000000002165,0.9999600422500089
11446,114.46000000002165,0.9999600757006907
11447,114.47000000002166,0.9999601091321735
11448,114.48000000002166,0.9999601425444612
11449,114.49000000002167,0.9999601759375581
11450,114.50000000002167,0.9999602093114683
11451,114.51000000002168,0.9999602426661958
11452,114.52000000002168,0.9999602760017446
11453,114.53000000002169,0.9999603093181189
11454,114.54000000002169,0.9999603426153226
11455,114.5500000000217,0.9999603758933601
11456,114.5600000000217,0.9999604091522352
11457,114.57000000002171,0.9999604423919521
11458,114.58000000002171,0.9999604756125149
11459,114.59000000002172,0.9999605088139277
11460,114.60000000002172,0.9999605419961946
11461,114.61000000002173,0.9999605751593197
11462,114.62000000002173,0.999960608303307
11463,114.63000000002174,0.9999606414281608
11464,114.64000000002174,0.999960674533885
11465,114.65000000002175,0.999960707620484
11466,114.66000000002175,0.9999607406879616
11467,114.67000000002176,0.999960773736322
11468,114.68000000002176,0.9999608067655694
11469,114.69000000002177,0.9999608397757079
11470,114.70000000002177,0.9999608727667416
11471,114.71000000002178,0.9999609057386746
11472,114.72000000002178,0.999960938691511
11473,114.73000000002179,0.9999609716252551
11474,114.7400000000218,0.9999610045399109
11475,114.7500000000218,0.9999610374354825
11476,114.7600000000218,0.9999610703119741
11477,114.77000000002181,0.9999611031693898
11478,114.78000000002181,0.9999611360077338
11479,114.79000000002182,0.9999611688270102
11480,114.80000000002183,0.9999612016272231
11481,114.81000000002183,0.9999612344083768
11482,114.82000000002184,0.9999612671704754
11483,114.83000000002184,0.9999612999135229
11484,114.84000000002185,0.9999613326375235
11485,114.85000000002185,0.9999613653424816
11486,114.86000000002186,0.9999613980284011
11487,114.87000000002186,0.9999614306952862
11488,114.88000000002187,0.9999614633431412
11489,114.89000000002187,0.9999614959719701
11490,114.90000000002188,0.9999615285817772
11491,114.91000000002188,0.9999615611725667
11492,114.92000000002189,0.9999615937443426
11493,114.93000000002189,0.9999616262971093
11494,114.9400000000219,0.9999616588308707
11495,114.9500000000219,0.9999616913456312
11496,114.9600000000219,0.9999617238413949
11497,114.97000000002191,0.9999617563181661
11498,114.98000000002192,0.9999617887759489
11499,114.99000000002192,0.9999618212147474
11500,115.00000000002193,0.9999618536345659
11501,115.01000000002193,0.9999618860354087
11502,115.02000000002194,0.9999619184172798
11503,115.03000000002194,0.9999619507801836
11504,115.04000000002195,0.999961983124124
11505,115.05000000002195,0.9999620154491056
11506,115.06000000002196,0.9999620477551323
11507,115.07000000002196,0.9999620800422084
11508,115.08000000002197,0.9999621123103383
11509,115.09000000002197,0.9999621445595259
11510,115.10000000002198,0.9999621767897756
11511,115.11000000002198,0.9999622090010917
11512,115.12000000002199,0.9999622411934782
11513,115.130000000022,0.9999622733669395
11514,115.140000000022,0.9999623055214798
11515,115.150000000022,0.9999623376571033
11516,115.16000000002201,0.9999623697738141
11517,115.17000000002201,0.9999624018716168
11518,115.18000000002202,0.9999624339505153
11519,115.19000000002202,0.9999624660105141
11520,115.20000000002203,0.9999624980516172
11521,115.21000000002203,0.9999625300738288
11522,115.22000000002204,0.9999625620771535
11523,115.23000000002205,0.9999625940615954
11524,115.24000000002205,0.9999626260271586
11525,115.25000000002206,0.9999626579738474
11526,115.26000000002206,0.9999626899016663
11527,115.27000000002207,0.9999627218106192
11528,115.28000000002207,0.9999627537007106
11529,115.29000000002208,0.9999627855719448
11530,115.30000000002208,0.9999628174243259
11531,115.31000000002209,0.9999628492578583
11532,115.32000000002209,0.9999628810725462
11533,115.3300000000221,0.9999629128683939
11534,115.3400000000221,0.9999629446454057
11535,115.3500000000221,0.9999629764035859
11536,115.36000000002211,0.9999630081429387
11537,115.37000000002212,0.9999630398634684
11538,115.38000000002212,0.9999630715651794
11539,115.39000000002213,0.9999631032480758
11540,115.40000000002213,0.9999631349121622
11541,115.41000000002214,0.9999631665574424
11542,115.42000000002214,0.9999631981839213
11543,115.43000000002215,0.9999632297916028
11544,115.44000000002215,0.9999632613804913
11545,115.45000000002216,0.999963292950591
11546,115.46000000002216,0.9999633245019065
11547,115.47000000002217,0.9999633560344419
11548,115.48000000002217,0.9999633875482015
11549,115.49000000002218,0.9999634190431896
11550,115.50000000002218,0.9999634505194107
11551,115.51000000002219,0.9999634819768689
11552,115.5200000000222,0.9999635134155687
11553,115.5300000000222,0.9999635448355143
11554,115.5400000000222,0.9999635762367102
11555,115.55000000002221,0.9999636076191605
11556,115.56000000002221,0.9999636389828697
11557,115.57000000002222,0.9999636703278421
11558,115.58000000002222,0.9999637016540819
11559,115.59000000002223,0.9999637329615936
11560,115.60000000002223,0.9999637642503816
11561,115.61000000002224,0.99996379552045
11562,115.62000000002224,0.9999638267718034
11563,115.63000000002225,0.9999638580044461
11564,115.64000000002225,0.9999638892183823
11565,115.65000000002226,0.9999639204136166
11566,115.66000000002226,0.9999639515901532
11567,115.67000000002227,0.9999639827479964
11568,115.68000000002228,0.9999640138871506
11569,115.69000000002228,0.9999640450076203
11570,115.70000000002229,0.9999640761094097
11571,115.71000000002229,0.9999641071925234
11572,115.7200000000223,0.9999641382569655
11573,115.7300000000223,0.9999641693027406
11574,115.7400000000223,0.9999642003298529
11575,115.75000000002231,0.9999642313383069
11576,115.76000000002232,0.999964262328107
11577,115.77000000002232,0.9999642932992575
11578,115.78000000002233,0.9999643242517627
11579,115.79000000002233,0.9999643551856273
11580,115.80000000002234,0.9999643861008555
11581,115.81000000002234,0.9999644169974516
11582,115.82000000002235,0.9999644478754202
11583,115.83000000002235,0.9999644787347656
11584,115.84000000002236,0.9999645095754921
11585,115.85000000002236,0.9999645403976044
11586,115.86000000002237,0.9999645712011066
11587,115.87000000002237,0.9999646019860032
11588,115.88000000002238,0.9999646327522989
11589,115.89000000002238,0.9999646634999977
11590,115.90000000002239,0.9999646942291042
11591,115.9100000000224,0.9999647249396229
11592,115.9200000000224,0.999964755631558
11593,115.9300000000224,0.9999647863049141
11594,115.94000000002241,0.9999648169596956
11595,115.95000000002241,0.9999648475959071
11596,115.96000000002242,0.9999648782135527
11597,115.97000000002242,0.999964908812637
11598,115.98000000002243,0.9999649393931646
11599,115.99000000002243,0.9999649699551396
11600,116.00000000002244,0.9999650004985667
11601,116.01000000002244,0.9999650310234504
11602,116.02000000002245,0.9999650615297949
11603,116.03000000002245,0.9999650920176049
11604,116.04000000002246,0.9999651224868846
11605,116.05000000002246,0.9999651529376387
11606,116.06000000002247,0.9999651833698715
11607,116.07000000002247,0.9999652137835875
11608,116.08000000002248,0.9999652441787912
11609,116.09000000002248,0.9999652745554871
11610,116.10000000002249,0.9999653049136796
11611,116.1100000000225,0.9999653352533733
11612,116.1200000000225,0.9999653655745725
11613,116.1300000000225,0.9999653958772817
11614,116.14000000002251,0.9999654261615055
11615,116.15000000002252,0.9999654564272483
11616,116.16000000002252,0.9999654866745146
11617,116.17000000002253,0.9999655169033089
11618,116.18000000002253,0.9999655471136357
11619,116.19000000002254,0.9999655773054995
11620,116.20000000002254,0.9999656074789048
11621,116.21000000002255,0.999965637633856
11622,116.22000000002255,0.9999656677703578
11623,116.23000000002256,0.9999656978884145
11624,116.24000000002256,0.9999657279880306
11625,116.25000000002257,0.9999657580692108
11626,116.26000000002257,0.9999657881319596
11627,116.27000000002258,0.9999658181762814
11628,116.28000000002258,0.9999658482021806
11629,116.29000000002259,0.999965878209662
11630,116.30000000002259,0.9999659081987299
11631,116.3100000000226,0.999965938169389
11632,116.3200000000226,0.9999659681216437
11633,116.33000000002261,0.9999659980554986
11634,116.34000000002261,0.9999660279709581
11635,116.35000000002262,0.999966057868027
11636,116.36000000002262,0.9999660877467096
11637,116.37000000002263,0.9999661176070105
11638,116.38000000002263,0.9999661474489342
11639,116.39000000002264,0.9999661772724854
11640,116.40000000002264,0.9999662070776686
11641,116.41000000002265,0.9999662368644882
11642,116.42000000002265,0.9999662666329489
11643,116.43000000002266,0.9999662963830552
11644,116.44000000002266,0.9999663261148117
11645,116.45000000002267,0.9999663558282229
11646,116.46000000002267,0.9999663855232935
11647,116.47000000002268,0.9999664152000279
11648,116.48000000002268,0.9999664448584308
11649,116.49000000002269,0.9999664744985066
11650,116.5000000000227,0.99996650412026
11651,116.5100000000227,0.9999665337236956
11652,116.5200000000227,0.999966563308818
11653,116.53000000002271,0.9999665928756316
11654,116.54000000002272,0.9999666224241411
11655,116.55000000002272,0.9999666519543512
11656,116.56000000002273,0.9999666814662663
11657,116.57000000002273,0.9999667109598912
11658,116.58000000002274,0.9999667404352303
11659,116.59000000002274,0.9999667698922882
11660,116.60000000002275,0.9999667993310696
11661,116.61000000002275,0.9999668287515792
11662,116.62000000002276,0.9999668581538214
11663,116.63000000002276,0.9999668875378008
11664,116.64000000002277,0.9999669169035221
11665,116.65000000002277,0.99996694625099
11666,116.66000000002278,0.9999669755802091
11667,116.67000000002278,0.9999670048911838
11668,116.68000000002279,0.999967034183919
11669,116.69000000002279,0.999967063458419
11670,116.7000000000228,0.9999670927146888
11671,116.7100000000228,0.9999671219527327
11672,116.72000000002281,0.9999671511725556
11673,116.73000000002281,0.999967180374162
11674,116.74000000002282,0.9999672095575566
11675,116.75000000002282,0.9999672387227438
11676,116.76000000002283,0.9999672678697286
11677,116.77000000002283,0.9999672969985154
11678,116.78000000002284,0.999967326109109
11679,116.79000000002284,0.9999673552015139
11680,116.80000000002285,0.999967384275735
11681,116.81000000002285,0.9999674133317765
11682,116.82000000002286,0.9999674423696435
11683,116.83000000002286,0.9999674713893405
11684,116.84000000002287,0.9999675003908722
11685,116.85000000002287,0.9999675293742432
11686,116.86000000002288,0.9999675583394582
11687,116.87000000002288,0.9999675872865219
11688,116.88000000002289,0.9999676162154388
11689,116.8900000000229,0.9999676451262139
11690,116.9000000000229,0.9999676740188517
11691,116.9100000000229,0.9999677028933568
11692,116.92000000002291,0.999967731749734
11693,116.93000000002291,0.999967760587988
11694,116.94000000002292,0.9999677894081234
11695,116.95000000002292,0.9999678182101449
11696,116.96000000002293,0.9999678469940572
11697,116.97000000002294,0.9999678757598651
11698,116.98000000002294,0.9999679045075732
11699,116.99000000002295,0.9999679332371862
11700,117.00000000002295,0.999967961948709
11701,117.01000000002296,0.999967990642146
11702,117.02000000002296,0.9999680193175021
11703,117.03000000002297,0.9999680479747819
11704,117.04000000002297,0.9999680766139903
11705,117.05000000002298,0.9999681052351318
11706,117.06000000002298,0.9999681338382114
11707,117.07000000002299,0.9999681624232334
11708,117.08000000002299,0.999968190990203
11709,117.090000000023,0.9999682195391245
11710,117.100000000023,0.999968248070003
11711,117.110000000023,0.999968276582843
11712,117.12000000002301,0.9999683050776493
11713,117.13000000002302,0.9999683335544267
11714,117.14000000002302,0.9999683620131798
11715,117.15000000002303,0.9999683904539135
11716,117.16000000002303,0.9999684188766326
11717,117.17000000002304,0.9999684472813415
11718,117.18000000002304,0.9999684756680454
11719,117.19000000002305,0.9999685040367486
11720,117.20000000002305,0.9999685323874563
11721,117.21000000002306,0.999968560720173
11722,117.22000000002306,0.9999685890349035
11723,117.23000000002307,0.9999686173316527
11724,117.24000000002307,0.9999686456104251
11725,117.25000000002308,0.9999686738712257
11726,117.26000000002308,0.9999687021140592
11727,117.27000000002309,0.9999687303389304
11728,117.2800000000231,0.999968758545844
11729,117.2900000000231,0.9999687867348049
11730,117.3000000000231,0.9999688149058179
11731,117.31000000002311,0.9999688430588876
11732,117.32000000002311,0.9999688711940189
11733,117.33000000002312,0.9999688993112167
11734,117.34000000002312,0.9999689274104856
11735,117.35000000002313,0.9999689554918305
11736,117.36000000002313,0.9999689835552562
11737,117.37000000002314,0.9999690116007676
11738,117.38000000002314,0.9999690396283692
11739,117.39000000002315,0.9999690676380661
11740,117.40000000002316,0.9999690956298631
11741,117.41000000002316,0.9999691236037649
11742,117.42000000002317,0.9999691515597763
11743,117.43000000002317,0.9999691794979022
11744,117.44000000002318,0.9999692074181474
11745,117.45000000002318,0.9999692353205167
11746,117.46000000002319,0.9999692632050149
11747,117.47000000002319,0.999969291071647
11748,117.4800000000232,0.9999693189204176
11749,117.4900000000232,0.9999693467513316
11750,117.5000000000232,0.9999693745643939
11751,117.51000000002321,0.9999694023596094
11752,117.52000000002322,0.9999694301369829
11753,117.53000000002322,0.9999694578965191
11754,117.54000000002323,0.999969485638223
11755,117.55000000002323,0.9999695133620994
11756,117.56000000002324,0.9999695410681532
11757,117.57000000002324,0.9999695687563891
11758,117.58000000002325,0.9999695964268122
11759,117.59000000002325,0.9999696240794271
11760,117.60000000002326,0.999969651714239
11761,117.61000000002326,0.9999696793312525
11762,117.62000000002327,0.9999697069304724
11763,117.63000000002327,0.9999697345119039
11764,117.64000000002328,0.9999697620755515
11765,117.65000000002328,0.9999697896214204
11766,117.66000000002329,0.9999698171495153
11767,117.6700000000233,0.9999698446598412
11768,117.6800000000233,0.9999698721524027
11769,117.6900000000233,0.9999698996272052
11770,117.70000000002331,0.9999699270842531
11771,117.71000000002331,0.9999699545235515
11772,117.72000000002332,0.9999699819451053
11773,117.73000000002332,0.9999700093489194
11774,117.74000000002333,0.9999700367349987
11775,117.75000000002333,0.9999700641033481
11776,117.76000000002334,0.9999700914539724
11777,117.77000000002334,0.9999701187868767
11778,117.78000000002335,0.9999701461020657
11779,117.79000000002335,0.9999701733995445
11780,117.80000000002336,0.999970200679318
11781,117.81000000002336,0.999970227941391
11782,117.82000000002337,0.9999702551857685
11783,117.83000000002338,0.9999702824124554
11784,117.84000000002338,0.9999703096214567
11785,117.85000000002339,0.9999703368127774
11786,117.86000000002339,0.999970363986422
11787,117.8700000000234,0.9999703911423959
11788,117.8800000000234,0.999970418280704
11789,117.8900000000234,0.999970445401351
11790,117.90000000002341,0.999970472504342
11791,117.91000000002342,0.9999704995896819
11792,117.92000000002342,0.9999705266573757
11793,117.93000000002343,0.9999705537074283
11794,117.94000000002343,0.9999705807398447
11795,117.95000000002344,0.9999706077546298
11796,117.96000000002344,0.9999706347517886
11797,117.97000000002345,0.9999706617313261
11798,117.98000000002345,0.9999706886932471
11799,117.99000000002346,0.9999707156375568
11800,118.00000000002346,0.99997074256426
11801,118.01000000002347,0.9999707694733617
11802,118.02000000002347,0.9999707963648671
11803,118.03000000002348,0.9999708232387808
11804,118.04000000002348,0.999970850095108
11805,118.05000000002349,0.9999708769338537
11806,118.06000000002349,0.9999709037550228
11807,118.0700000000235,0.9999709305586204
11808,118.0800000000235,0.9999709573446514
11809,118.09000000002351,0.9999709841131208
11810,118.10000000002351,0.9999710108640336
11811,118.11000000002352,0.9999710375973948
11812,118.12000000002352,0.9999710643132095
11813,118.13000000002353,0.9999710910114825
11814,118.14000000002353,0.999971117692219
11815,118.15000000002354,0.999971144355424
11816,118.16000000002354,0.9999711710011024
11817,118.17000000002355,0.9999711976292593
11818,118.18000000002355,0.9999712242398997
11819,118.19000000002356,0.9999712508330285
11820,118.20000000002356,0.999971277408651
11821,118.21000000002357,0.999971303966772
11822,118.22000000002357,0.9999713305073966
11823,118.23000000002358,0.9999713570305298
11824,118.24000000002358,0.9999713835361767
11825,118.25000000002359,0.9999714100243422
11826,118.2600000000236,0.9999714364950316
11827,118.2700000000236,0.9999714629482497
11828,118.2800000000236,0.9999714893840016
11829,118.29000000002361,0.9999715158022924
11830,118.30000000002362,0.9999715422031271
11831,118.31000000002362,0.9999715685865108
11832,118.32000000002363,0.9999715949524486
11833,118.33000000002363,0.9999716213009454
11834,118.34000000002364,0.9999716476320065
11835,118.35000000002364,0.9999716739456367
11836,118.36000000002365,0.9999717002418412
11837,118.37000000002365,0.999971726520625
11838,118.38000000002366,0.9999717527819935
11839,118.39000000002366,0.9999717790259512
11840,118.40000000002367,0.9999718052525036
11841,118.41000000002367,0.9999718314616557
11842,118.42000000002368,0.9999718576534125
11843,118.43000000002368,0.9999718838277791
11844,118.44000000002369,0.9999719099847607
11845,118.45000000002369,0.9999719361243623
11846,118.4600000000237,0.999971962246589
11847,118.4700000000237,0.9999719883514459
11848,118.48000000002371,0.999972014438938
11849,118.49000000002371,0.9999720405090706
11850,118.50000000002372,0.9999720665618487
11851,118.51000000002372,0.9999720925972774
11852,118.52000000002373,0.9999721186153618
11853,118.53000000002373,0.9999721446161071
11854,118.54000000002374,0.9999721705995183
11855,118.55000000002374,0.9999721965656005
11856,118.56000000002375,0.999972222514359
11857,118.57000000002375,0.9999722484457988
11858,118.58000000002376,0.9999722743599251
11859,118.59000000002376,0.9999723002567428
11860,118.60000000002377,0.9999723261362573
11861,118.61000000002377,0.9999723519984736
11862,118.62000000002378,0.9999723778433969
11863,118.63000000002378,0.9999724036710322
11864,118.64000000002379,0.9999724294813849
11865,118.6500000000238,0.9999724552744599
11866,118.6600000000238,0.9999724810502624
11867,118.6700000000238,0.9999725068087976
11868,118.68000000002381,0.9999725325500707
11869,118.69000000002382,0.9999725582740867
11870,118.70000000002382,0.9999725839808509
11871,118.71000000002383,0.9999726096703684
11872,118.72000000002383,0.9999726353426445
11873,118.73000000002384,0.999972660997684
11874,118.74000000002384,0.9999726866354924
11875,118.75000000002385,0.9999727122560749
11876,118.76000000002385,0.9999727378594364
11877,118.77000000002386,0.9999727634455824
11878,118.78000000002386,0.9999727890145177
11879,118.79000000002387,0.9999728145662478
11880,118.80000000002387,0.9999728401007778
11881,118.81000000002388,0.9999728656181127
11882,118.82000000002388,0.999972891118258
11883,118.83000000002389,0.9999729166012187
11884,118.84000000002389,0.999972942067
11885,118.8500000000239,0.9999729675156072
11886,118.8600000000239,0.9999729929470454
11887,118.87000000002391,0.9999730183613198
11888,118.88000000002391,0.9999730437584357
11889,118.89000000002392,0.9999730691383982
11890,118.90000000002392,0.9999730945012125
11891,118.91000000002393,0.999973119846884
11892,118.92000000002393,0.9999731451754177
11893,118.93000000002394,0.999973170486819
11894,118.94000000002394,0.9999731957810929
11895,118.95000000002395,0.9999732210582448
11896,118.96000000002395,0.9999732463182799
11897,118.97000000002396,0.9999732715612034
11898,118.98000000002396,0.9999732967870205
11899,118.99000000002397,0.9999733219957365
11900,119.00000000002397,0.9999733471873566
11901,119.01000000002398,0.9999733723618861
11902,119.02000000002398,0.9999733975193301
11903,119.03000000002399,0.999973422659694
11904,119.040000000024,0.999973447782983
11905,119.050000000024,0.9999734728892024
11906,119.060000000024,0.9999734979783572
11907,119.07000000002401,0.999973523050453
11908,119.08000000002401,0.9999735481054948
11909,119.09000000002402,0.999973573143488
11910,119.10000000002402,0.9999735981644379
11911,119.11000000002403,0.9999736231683496
11912,119.12000000002404,0.9999736481552284
11913,119.13000000002404,0.9999736731250798
11914,119.14000000002405,0.9999736980779088
11915,119.15000000002405,0.9999737230137208
11916,119.16000000002406,0.999973747932521
11917,119.17000000002406,0.9999737728343149
11918,119.18000000002407,0.9999737977191074
11919,119.19000000002407,0.9999738225869043
11920,119.20000000002408,0.9999738474377105
11921,119.21000000002408,0.9999738722715313
11922,119.22000000002409,0.9999738970883721
11923,119.23000000002409,0.9999739218882383
11924,119.2400000000241,0.999973946671135
11925,119.2500000000241,0.9999739714370677
11926,119.2600000000241,0.9999739961860415
11927,119.27000000002411,0.9999740209180619
11928,119.28000000002412,0.9999740456331341
11929,119.29000000002412,0.9999740703312634
11930,119.30000000002413,0.9999740950124552
11931,119.31000000002413,0.9999741196767147
11932,119.32000000002414,0.9999741443240474
11933,119.33000000002414,0.9999741689544585
11934,119.34000000002415,0.9999741935679533
11935,119.35000000002415,0.999974218164537
11936,119.36000000002416,0.9999742427442153
11937,119.37000000002416,0.9999742673069933
11938,119.38000000002417,0.9999742918528765
11939,119.39000000002417,0.99997431638187
11940,119.40000000002418,0.9999743408939792
11941,119.41000000002418,0.9999743653892096
11942,119.42000000002419,0.9999743898675665
11943,119.4300000000242,0.9999744143290551
11944,119.4400000000242,0.9999744387736809
11945,119.4500000000242,0.9999744632014491
11946,119.46000000002421,0.9999744876123653
11947,119.47000000002421,0.9999745120064347
11948,119.48000000002422,0.9999745363836627
11949,119.49000000002422,0.9999745607440547
11950,119.50000000002423,0.999974585087616
11951,119.51000000002423,0.999974609414352
11952,119.52000000002424,0.9999746337242681
11953,119.53000000002424,0.9999746580173696
11954,119.54000000002425,0.9999746822936619
11955,119.55000000002426,0.9999747065531506
11956,119.56000000002426,0.9999747307958408
11957,119.57000000002427,0.9999747550217379
11958,119.58000000002427,0.9999747792308474
11959,119.59000000002428,0.9999748034231748
11960,119.60000000002428,0.9999748275987252
11961,119.61000000002429,0.9999748517575042
11962,119.62000000002429,0.9999748758995173
11963,119.6300000000243,0.9999749000247696
11964,119.6400000000243,0.9999749241332667
11965,119.6500000000243,0.9999749482250141
11966,119.66000000002431,0.999974972300017
11967,119.67000000002432,0.9999749963582809
11968,119.68000000002432,0.9999750203998112
11969,119.69000000002433,0.9999750444246134
11970,119.70000000002433,0.9999750684326928
11971,119.71000000002434,0.9999750924240549
11972,119.72000000002434,0.9999751163987051
11973,119.73000000002435,0.9999751403566488
11974,119.74000000002435,0.9999751642978916
11975,119.75000000002436,0.9999751882224387
11976,119.76000000002436,0.9999752121302956
11977,119.77000000002437,0.9999752360214679
11978,119.78000000002437,0.9999752598959608
11979,119.79000000002438,0.99997528375378
11980,119.80000000002438,0.9999753075949307
11981,119.81000000002439,0.9999753314194185
11982,119.8200000000244,0.9999753552272488
11983,119.8300000000244,0.999975379018427
11984,119.8400000000244,0.9999754027929588
11985,119.85000000002441,0.9999754265508494
11986,119.86000000002441,0.9999754502921043
11987,119.87000000002442,0.999975474016729
11988,119.88000000002442,0.9999754977247292
11989,119.89000000002443,0.9999755214161099
11990,119.90000000002443,0.9999755450908769
11991,119.91000000002444,0.9999755687490357
11992,119.92000000002444,0.9999755923905916
11993,119.93000000002445,0.9999756160155502
11994,119.94000000002445,0.9999756396239169
11995,119.95000000002446,0.9999756632156972
11996,119.96000000002446,0.9999756867908968
11997,119.97000000002447,0.9999757103495208
11998,119.98000000002448,0.999975733891575
11999,119.99000000002448,0.9999757574170648
12000,120.00000000002449,0.9999757809259956
12001,120.01000000002449,0.9999758044183731
12002,120.0200000000245,0.9999758278942027
12003,120.0300000000245,0.9999758513534899
12004,120.0400000000245,0.9999758747962403
12005,120.05000000002451,0.9999758982224592
12006,120.06000000002452,0.9999759216321523
12007,120.07000000002452,0.999975945025325
12008,120.08000000002453,0.999975968401983
12009,120.09000000002453,0.9999759917621317
12010,120.10000000002454,0.9999760151057766
12011,120.11000000002454,0.9999760384329233
12012,120.12000000002455,0.9999760617435771
12013,120.13000000002455,0.9999760850377439
12014,120.14000000002456,0.999976108315429
12015,120.15000000002456,0.999976131576638
12016,120.16000000002457,0.9999761548213765
12017,120.17000000002457,0.9999761780496499
12018,120.18000000002458,0.9999762012614638
12019,120.19000000002458,0.9999762244568238
12020,120.20000000002459,0.9999762476357354
12021,120.21000000002459,0.9999762707982042
12022,120.2200000000246,0.9999762939442357
12023,120.2300000000246,0.9999763170738355
12024,120.24000000002461,0.9999763401870091
12025,120.25000000002461,0.9999763632837622
12026,120.26000000002462,0.9999763863641002
12027,120.27000000002462,0.9999764094280288
12028,120.28000000002463,0.9999764324755535
12029,120.29000000002463,0.9999764555066798
12030,120.30000000002464,0.9999764785214135
12031,120.31000000002464,0.9999765015197599
12032,120.32000000002465,0.9999765245017248
12033,120.33000000002465,0.9999765474673137
12034,120.34000000002466,0.9999765704165321
12035,120.35000000002466,0.9999765933493858
12036,120.36000000002467,0.9999766162658802
12037,120.37000000002467,0.999976639166021
12038,120.38000000002468,0.9999766620498137
12039,120.39000000002468,0.999976684917264
12040,120.40000000002469,0.9999767077683774
12041,120.4100000000247,0.9999767306031597
12042,120.4200000000247,0.9999767534216163
12043,120.4300000000247,0.9999767762237529
12044,120.44000000002471,0.999976799009575
12045,120.45000000002472,0.9999768217790884
12046,120.46000000002472,0.9999768445322985
12047,120.47000000002473,0.9999768672692112
12048,120.48000000002473,0.9999768899898318
12049,120.49000000002474,0.9999769126941662
12050,120.50000000002474,0.9999769353822199
12051,120.51000000002475,0.9999769580539986
12052,120.52000000002475,0.9999769807095077
12053,120.53000000002476,0.9999770033487531
12054,120.54000000002476,0.9999770259717403
12055,120.55000000002477,0.999977048578475
12056,120.56000000002477,0.9999770711689628
12057,120.57000000002478,0.9999770937432094
12058,120.58000000002478,0.9999771163012204
12059,120.59000000002479,0.9999771388430015
12060,120.60000000002479,0.9999771613685583
12061,120.6100000000248,0.9999771838778965
12062,120.6200000000248,0.9999772063710216
12063,120.63000000002481,0.9999772288479395
12064,120.64000000002481,0.9999772513086557
12065,120.65000000002482,0.9999772737531759
12066,120.66000000002482,0.9999772961815058
12067,120.67000000002483,0.999977318593651
12068,120.68000000002483,0.9999773409896172
12069,120.69000000002484,0.9999773633694102
12070,120.70000000002484,0.9999773857330355
12071,120.71000000002485,0.9999774080804988
12072,120.72000000002485,0.999977430411806
12073,120.73000000002486,0.9999774527269625
12074,120.74000000002486,0.9999774750259741
12075,120.75000000002487,0.9999774973088464
12076,120.76000000002487,0.9999775195755853
12077,120.77000000002488,0.9999775418261964
12078,120.78000000002488,0.9999775640606853
12079,120.79000000002489,0.9999775862790578
12080,120.8000000000249,0.9999776084813196
12081,120.8100000000249,0.9999776306674762
12082,120.8200000000249,0.9999776528375337
12083,120.83000000002491,0.9999776749914975
12084,120.84000000002492,0.9999776971293733
12085,120.85000000002492,0.9999777192511671
12086,120.86000000002493,0.9999777413568843
12087,120.87000000002493,0.9999777634465309
12088,120.88000000002494,0.9999777855201124
12089,120.89000000002494,0.9999778075776345
12090,120.90000000002495,0.9999778296191032
12091,120.91000000002495,0.9999778516445239
12092,120.92000000002496,0.9999778736539026
12093,120.93000000002496,0.9999778956472448
12094,120.94000000002497,0.9999779176245565
12095,120.95000000002497,0.9999779395858431
12096,120.96000000002498,0.9999779615311107
12097,120.97000000002498,0.9999779834603648
12098,120.98000000002499,0.9999780053736113
12099,120.99000000002499,0.9999780272708558
12100,121.000000000025,0.9999780491521041
12101,121.010000000025,0.999978071017362
12102,121.02000000002501,0.9999780928666353
12103,121.03000000002501,0.9999781146999296
12104,121.04000000002502,0.9999781365172509
12105,121.05000000002502,0.9999781583186046
12106,121.06000000002503,0.9999781801039969
12107,121.07000000002503,0.9999782018734331
12108,121.08000000002504,0.9999782236269195
12109,121.09000000002504,0.9999782453644613
12110,121.10000000002505,0.9999782670860647
12111,121.11000000002505,0.9999782887917354
12112,121.12000000002506,0.9999783104814791
12113,121.13000000002506,0.9999783321553016
12114,121.14000000002507,0.9999783538132088
12115,121.15000000002507,0.9999783754552062
12116,121.16000000002508,0.9999783970812999
12117,121.17000000002508,0.9999784186914954
12118,121.18000000002509,0.9999784402857989
12119,121.1900000000251,0.9999784618642157
12120,121.2000000000251,0.999978483426752
12121,121.2100000000251,0.9999785049734135
12122,121.22000000002511,0.9999785265042058
12123,121.23000000002511,0.999978548019135
12124,121.24000000002512,0.9999785695182067
12125,121.25000000002512,0.9999785910014268
12126,121.26000000002513,0.9999786124688012
12127,121.27000000002514,0.9999786339203356
12128,121.28000000002514,0.9999786553560358
12129,121.29000000002515,0.9999786767759077
12130,121.30000000002515,0.999978698179957
12131,121.31000000002516,0.9999787195681896
12132,121.32000000002516,0.9999787409406115
12133,121.33000000002517,0.9999787622972283
12134,121.34000000002517,0.9999787836380458
12135,121.35000000002518,0.99997880496307
12136,121.36000000002518,0.9999788262723067
12137,121.37000000002519,0.9999788475657617
12138,121.38000000002519,0.9999788688434409
12139,121.3900000000252,0.9999788901053501
12140,121.4000000000252,0.9999789113514952
12141,121.4100000000252,0.999978932581882
12142,121.42000000002521,0.9999789537965162
12143,121.43000000002522,0.999978974995404
12144,121.44000000002522,0.999978996178551
12145,121.45000000002523,0.9999790173459632
12146,121.46000000002523,0.9999790384976462
12147,121.47000000002524,0.9999790596336062
12148,121.48000000002524,0.999979080753849
12149,121.49000000002525,0.9999791018583802
12150,121.50000000002525,0.999979122947206
12151,121.51000000002526,0.9999791440203322
12152,121.52000000002526,0.9999791650777645
12153,121.53000000002527,0.999979186119509
12154,121.54000000002527,0.9999792071455713
12155,121.55000000002528,0.9999792281559576
12156,121.56000000002528,0.9999792491506736
12157,121.57000000002529,0.9999792701297253
12158,121.5800000000253,0.9999792910931184
12159,121.5900000000253,0.9999793120408591
12160,121.6000000000253,0.9999793329729529
12161,121.61000000002531,0.9999793538894061
12162,121.62000000002531,0.9999793747902243
12163,121.63000000002532,0.9999793956754135
12164,121.64000000002532,0.9999794165449797
12165,121.65000000002533,0.9999794373989287
12166,121.66000000002533,0.9999794582372664
12167,121.67000000002534,0.9999794790599987
12168,121.68000000002534,0.9999794998671316
12169,121.69000000002535,0.9999795206586711
12170,121.70000000002536,0.9999795414346229
12171,121.71000000002536,0.999979562194993
12172,121.72000000002537,0.9999795829397874
12173,121.73000000002537,0.9999796036690118
12174,121.74000000002538,0.9999796243826725
12175,121.75000000002538,0.9999796450807751
12176,121.76000000002539,0.9999796657633256
12177,121.77000000002539,0.9999796864303302
12178,121.7800000000254,0.9999797070817945
12179,121.7900000000254,0.9999797277177246
12180,121.8000000000254,0.9999797483381263
12181,121.81000000002541,0.9999797689430058
12182,121.82000000002542,0.9999797895323689
12183,121.83000000002542,0.9999798101062214
12184,121.84000000002543,0.9999798306645695
12185,121.85000000002543,0.9999798512074191
12186,121.86000000002544,0.9999798717347761
12187,121.87000000002544,0.9999798922466464
12188,121.88000000002545,0.9999799127430361
12189,121.89000000002545,0.9999799332239511
12190,121.90000000002546,0.9999799536893972
12191,121.91000000002546,0.9999799741393807
12192,121.92000000002547,0.9999799945739073
12193,121.93000000002547,0.9999800149929831
12194,121.94000000002548,0.9999800353966141
12195,121.95000000002548,0.9999800557848061
12196,121.96000000002549,0.9999800761575652
12197,121.9700000000255,0.9999800965148975
12198,121.9800000000255,0.9999801168568088
12199,121.9900000000255,0.9999801371833051
12200,122.00000000002551,0.9999801574943925
12201,122.01000000002551,0.9999801777900769
12202,122.02000000002552,0.9999801980703643
12203,122.03000000002552,0.9999802183352607
12204,122.04000000002553,0.9999802385847721
12205,122.05000000002553,0.9999802588189046
12206,122.06000000002554,0.9999802790376641
12207,122.07000000002554,0.9999802992410565
12208,122.08000000002555,0.9999803194290879
12209,122.09000000002555,0.9999803396017645
12210,122.10000000002556,0.999980359759092
12211,122.11000000002556,0.9999803799010766
12212,122.12000000002557,0.9999804000277243
12213,122.13000000002557,0.999980420139041
12214,122.14000000002558,0.9999804402350329
12215,122.15000000002559,0.9999804603157059
12216,122.16000000002559,0.9999804803810659
12217,122.1700000000256,0.9999805004311192
12218,122.1800000000256,0.9999805204658717
12219,122.1900000000256,0.9999805404853295
12220,122.20000000002561,0.9999805604894985
12221,122.21000000002562,0.9999805804783848
12222,122.22000000002562,0.9999806004519944
12223,122.23000000002563,0.9999806204103334
12224,122.24000000002563,0.9999806403534078
12225,122.25000000002564,0.9999806602812238
12226,122.26000000002564,0.9999806801937872
12227,122.27000000002565,0.9999807000911042
12228,122.28000000002565,0.9999807199731807
12229,122.29000000002566,0.999980739840023
12230,122.30000000002566,0.999980759691637
12231,122.31000000002567,0.9999807795280288
12232,122.32000000002567,0.9999807993492044
12233,122.33000000002568,0.9999808191551698
12234,122.34000000002568,0.9999808389459313
12235,122.35000000002569,0.9999808587214947
12236,122.36000000002569,0.9999808784818663
12237,122.3700000000257,0.999980898227052
12238,122.3800000000257,0.999980917957058
12239,122.39000000002571,0.9999809376718903
12240,122.40000000002571,0.999980957371555
12241,122.41000000002572,0.9999809770560582
12242,122.42000000002572,0.9999809967254059
12243,122.43000000002573,0.9999810163796042
12244,122.44000000002573,0.9999810360186593
12245,122.45000000002574,0.9999810556425772
12246,122.46000000002574,0.999981075251364
12247,122.47000000002575,0.9999810948450258
12248,122.48000000002575,0.9999811144235687
12249,122.49000000002576,0.9999811339869987
12250,122.50000000002576,0.9999811535353221
12251,122.51000000002577,0.9999811730685448
12252,122.52000000002577,0.9999811925866731
12253,122.53000000002578,0.9999812120897129
12254,122.54000000002578,0.9999812315776705
12255,122.55000000002579,0.9999812510505518
12256,122.5600000000258,0.999981270508363
12257,122.5700000000258,0.9999812899511104
12258,122.5800000000258,0.9999813093787998
12259,122.59000000002581,0.9999813287914376
12260,122.60000000002582,0.9999813481890297
12261,122.61000000002582,0.9999813675715824
12262,122.62000000002583,0.9999813869391017
12263,122.63000000002583,0.9999814062915937
12264,122.64000000002584,0.9999814256290647
12265,122.65000000002584,0.9999814449515207
12266,122.66000000002585,0.9999814642589678
12267,122.67000000002585,0.9999814835514124
12268,122.68000000002586,0.9999815028288602
12269,122.69000000002586,0.9999815220913176
12270,122.70000000002587,0.9999815413387909
12271,122.71000000002587,0.999981560571286
12272,122.72000000002588,0.999981579788809
12273,122.73000000002588,0.9999815989913662
12274,122.74000000002589,0.9999816181789637
12275,122.75000000002589,0.9999816373516077
12276,122.7600000000259,0.9999816565093043
12277,122.7700000000259,0.9999816756520596
12278,122.78000000002591,0.99998169477988
12279,122.79000000002591,0.9999817138927714
12280,122.80000000002592,0.99998173299074
12281,122.81000000002592,0.999981752073792
12282,122.82000000002593,0.9999817711419338
12283,122.83000000002593,0.9999817901951712
12284,122.84000000002594,0.9999818092335104
12285,122.85000000002594,0.9999818282569579
12286,122.86000000002595,0.9999818472655196
12287,122.87000000002595,0.9999818662592018
12288,122.88000000002596,0.9999818852380106
12289,122.89000000002596,0.9999819042019522
12290,122.90000000002597,0.9999819231510327
12291,122.91000000002597,0.9999819420852586
12292,122.92000000002598,0.9999819610046358
12293,122.93000000002598,0.9999819799091705
12294,122.94000000002599,0.999981998798869
12295,122.950000000026,0.9999820176737374
12296,122.960000000026,0.9999820365337819
12297,122.970000000026,0.9999820553790089
12298,122.98000000002601,0.9999820742094243
12299,122.99000000002601,0.9999820930250346
12300,123.00000000002602,0.9999821118258457
12301,123.01000000002603,0.999982130611864
12302,123.02000000002603,0.9999821493830957
12303,123.03000000002604,0.999982168139547
12304,123.04000000002604,0.9999821868812241
12305,123.05000000002605,0.9999822056081331
12306,123.06000000002605,0.9999822243202804
12307,123.07000000002606,0.9999822430176721
12308,123.08000000002606,0.9999822617003145
12309,123.09000000002607,0.9999822803682137
12310,123.10000000002607,0.999982299021376
12311,123.11000000002608,0.9999823176598077
12312,123.12000000002608,0.9999823362835151
12313,123.13000000002609,0.9999823548925041
12314,123.14000000002609,0.9999823734867811
12315,123.1500000000261,0.9999823920663525
12316,123.1600000000261,0.9999824106312243
12317,123.1700000000261,0.9999824291814029
12318,123.18000000002611,0.9999824477168945
12319,123.19000000002612,0.9999824662377053
12320,123.20000000002612,0.9999824847438414
12321,123.21000000002613,0.9999825032353094
12322,123.22000000002613,0.9999825217121153
12323,123.23000000002614,0.9999825401742655
12324,123.24000000002614,0.999982558621766
12325,123.25000000002615,0.9999825770546233
12326,123.26000000002615,0.9999825954728436
12327,123.27000000002616,0.9999826138764331
12328,123.28000000002616,0.9999826322653981
12329,123.29000000002617,0.9999826506397449
12330,123.30000000002617,0.9999826689994796
12331,123.31000000002618,0.9999826873446087
12332,123.32000000002618,0.9999827056751384
12333,123.33000000002619,0.9999827239910749
12334,123.3400000000262,0.9999827422924245
12335,123.3500000000262,0.9999827605791933
12336,123.3600000000262,0.999982778851388
12337,123.37000000002621,0.9999827971090145
12338,123.38000000002621,0.9999828153520792
12339,123.39000000002622,0.9999828335805885
12340,123.40000000002622,0.9999828517945485
12341,123.41000000002623,0.9999828699939656
12342,123.42000000002623,0.999982888178846
12343,123.43000000002624,0.999982906349196
12344,123.44000000002625,0.999982924505022
12345,123.45000000002625,0.9999829426463303
12346,123.46000000002626,0.999982960773127
12347,123.47000000002626,0.9999829788854185
12348,123.48000000002627,0.9999829969832112
12349,123.49000000002627,0.9999830150665113
12350,123.50000000002628,0.9999830331353251
12351,123.51000000002628,0.999983051189659
12352,123.52000000002629,0.9999830692295192
12353,123.53000000002629,0.999983087254912
12354,123.5400000000263,0.9999831052658439
12355,123.5500000000263,0.999983123262321
12356,123.5600000000263,0.9999831412443496
12357,123.57000000002631,0.9999831592119361
12358,123.58000000002632,0.9999831771650869
12359,123.59000000002632,0.9999831951038083
12360,123.60000000002633,0.9999832130281064
12361,123.61000000002633,0.9999832309379878
12362,123.62000000002634,0.9999832488334587
12363,123.63000000002634,0.9999832667145254
12364,123.64000000002635,0.9999832845811943
12365,123.65000000002635,0.9999833024334718
12366,123.66000000002636,0.999983320271364
12367,123.67000000002636,0.9999833380948774
12368,123.68000000002637,0.9999833559040183
12369,123.69000000002637,0.9999833736987932
12370,123.70000000002638,0.9999833914792081
12371,123.71000000002638,0.9999834092452696
12372,123.72000000002639,0.9999834269969841
12373,123.7300000000264,0.9999834447343576
12374,123.7400000000264,0.9999834624573969
12375,123.7500000000264,0.9999834801661079
12376,123.76000000002641,0.9999834978604973
12377,123.77000000002641,0.9999835155405714
12378,123.78000000002642,0.9999835332063364
12379,123.79000000002642,0.9999835508577988
12380,123.80000000002643,0.9999835684949648
12381,123.81000000002643,0.999983586117841
12382,123.82000000002644,0.9999836037264336
12383,123.83000000002644,0.9999836213207489
12384,123.84000000002645,0.9999836389007934
12385,123.85000000002645,0.9999836564665734
12386,123.86000000002646,0.9999836740180954
12387,123.87000000002647,0.9999836915553656
12388,123.88000000002647,0.9999837090783905
12389,123.89000000002648,0.9999837265871764
12390,123.90000000002648,0.9999837440817296
12391,123.91000000002649,0.9999837615620567
12392,123.92000000002649,0.9999837790281639
12393,123.9300000000265,0.9999837964800578
12394,123.9400000000265,0.9999838139177444
12395,123.9500000000265,0.9999838313412305
12396,123.96000000002651,0.9999838487505222
12397,123.97000000002652,0.999983866145626
12398,123.98000000002652,0.9999838835265483
12399,123.99000000002653,0.9999839008932955
12400,124.00000000002653,0.999983918245874
12401,124.01000000002654,0.99998393558429
12402,124.02000000002654,0.9999839529085502
12403,124.03000000002655,0.9999839702186609
12404,124.04000000002655,0.9999839875146285
12405,124.05000000002656,0.9999840047964593
12406,124.06000000002656,0.9999840220641598
12407,124.07000000002657,0.9999840393177364
12408,124.08000000002657,0.9999840565571956
12409,124.09000000002658,0.9999840737825436
12410,124.10000000002658,0.9999840909937869
12411,124.11000000002659,0.999984108190932
12412,124.1200000000266,0.9999841253739853
12413,124.1300000000266,0.9999841425429531
12414,124.1400000000266,0.9999841596978419
12415,124.15000000002661,0.9999841768386581
12416,124.16000000002661,0.9999841939654083
12417,124.17000000002662,0.9999842110780987
12418,124.18000000002662,0.9999842281767357
12419,124.19000000002663,0.9999842452613259
12420,124.20000000002663,0.9999842623318755
12421,124.21000000002664,0.9999842793883913
12422,124.22000000002664,0.9999842964308794
12423,124.23000000002665,0.9999843134593464
12424,124.24000000002665,0.9999843304737986
12425,124.25000000002666,0.9999843474742427
12426,124.26000000002666,0.9999843644606848
12427,124.27000000002667,0.9999843814331316
12428,124.28000000002667,0.9999843983915895
12429,124.29000000002668,0.9999844153360649
12430,124.30000000002669,0.9999844322665641
12431,124.31000000002669,0.9999844491830938
12432,124.3200000000267,0.9999844660856604
12433,124.3300000000267,0.9999844829742702
12434,124.3400000000267,0.9999844998489298
12435,124.35000000002671,0.9999845167096456
12436,124.36000000002672,0.999984533556424
12437,124.37000000002672,0.9999845503892717
12438,124.38000000002673,0.9999845672081948
12439,124.39000000002673,0.9999845840132001
12440,124.40000000002674,0.9999846008042939
12441,124.41000000002674,0.9999846175814825
12442,124.42000000002675,0.9999846343447727
12443,124.43000000002675,0.9999846510941708
12444,124.44000000002676,0.9999846678296832
12445,124.45000000002676,0.9999846845513166
12446,124.46000000002677,0.9999847012590772
12447,124.47000000002677,0.9999847179529717
12448,124.48000000002678,0.9999847346330064
12449,124.49000000002678,0.999984751299188
12450,124.50000000002679,0.9999847679515227
12451,124.51000000002679,0.9999847845900172
12452,124.5200000000268,0.9999848012146778
12453,124.5300000000268,0.9999848178255112
12454,124.54000000002681,0.9999848344225236
12455,124.55000000002681,0.9999848510057219
12456,124.56000000002682,0.9999848675751122
12457,124.57000000002682,0.9999848841307012
12458,124.58000000002683,0.9999849006724953
12459,124.59000000002683,0.9999849172005011
12460,124.60000000002684,0.999984933714725
12461,124.61000000002684,0.9999849502151735
12462,124.62000000002685,0.9999849667018532
12463,124.63000000002685,0.9999849831747705
12464,124.64000000002686,0.9999849996339318
12465,124.65000000002686,0.9999850160793439
12466,124.66000000002687,0.9999850325110131
12467,124.67000000002687,0.9999850489289459
12468,124.68000000002688,0.9999850653331489
12469,124.69000000002688,0.9999850817236285
12470,124.70000000002689,0.9999850981003913
12471,124.7100000000269,0.9999851144634438
12472,124.7200000000269,0.9999851308127925
12473,124.7300000000269,0.999985147148444
12474,124.74000000002691,0.9999851634704046
12475,124.75000000002692,0.9999851797786811
12476,124.76000000002692,0.9999851960732797
12477,124.77000000002693,0.9999852123542072
12478,124.78000000002693,0.9999852286214701
12479,124.79000000002694,0.9999852448750747
12480,124.80000000002694,0.9999852611150277
12481,124.81000000002695,0.9999852773413357
12482,124.82000000002695,0.9999852935540051
12483,124.83000000002696,0.9999853097530425
12484,124.84000000002696,0.9999853259384544
12485,124.85000000002697,0.9999853421102473
12486,124.86000000002697,0.9999853582684277
12487,124.87000000002698,0.9999853744130023
12488,124.88000000002698,0.9999853905439775
12489,124.89000000002699,0.9999854066613599
12490,124.90000000002699,0.999985422765156
12491,124.910000000027,0.9999854388553724
12492,124.920000000027,0.9999854549320156
12493,124.93000000002701,0.9999854709950923
12494,124.94000000002701,0.9999854870446088
12495,124.95000000002702,0.9999855030805718
12496,124.96000000002702,0.9999855191029877
12497,124.97000000002703,0.9999855351118633
12498,124.98000000002703,0.9999855511072049
12499,124.99000000002704,0.9999855670890192
12500,125.00000000002704,0.9999855830573128
12501,125.01000000002705,0.9999855990120922
12502,125.02000000002705,0.9999856149533638
12503,125.03000000002706,0.9999856308811345
12504,125.04000000002706,0.9999856467954105
12505,125.05000000002707,0.9999856626961986
12506,125.06000000002707,0.9999856785835053
12507,125.07000000002708,0.9999856944573372
12508,125.08000000002708,0.9999857103177008
12509,125.09000000002709,0.9999857261646027
12510,125.1000000000271,0.9999857419980496
12511,125.1100000000271,0.9999857578180478
12512,125.1200000000271,0.9999857736246041
12513,125.13000000002711,0.9999857894177249
12514,125.14000000002711,0.9999858051974169
12515,125.15000000002712,0.9999858209636867
12516,125.16000000002713,0.9999858367165407
12517,125.17000000002713,0.9999858524559858
12518,125.18000000002714,0.9999858681820283
12519,125.19000000002714,0.9999858838946749
12520,125.20000000002715,0.9999858995939321
12521,125.21000000002715,0.9999859152798066
12522,125.22000000002716,0.9999859309523049
12523,125.23000000002716,0.9999859466114337
12524,125.24000000002717,0.9999859622571995
12525,125.25000000002717,0.9999859778896089
12526,125.26000000002718,0.9999859935086685
12527,125.27000000002718,0.9999860091143847
12528,125.28000000002719,0.9999860247067646
12529,125.29000000002719,0.9999860402858143
12530,125.3000000000272,0.9999860558515405
12531,125.3100000000272,0.9999860714039501
12532,125.3200000000272,0.9999860869430494
12533,125.33000000002721,0.999986102468845
12534,125.34000000002722,0.9999861179813437
12535,125.35000000002722,0.999986133480552
12536,125.36000000002723,0.9999861489664764
12537,125.37000000002723,0.9999861644391237
12538,125.38000000002724,0.9999861798985005
12539,125.39000000002724,0.9999861953446132
12540,125.40000000002725,0.9999862107774685
12541,125.41000000002725,0.9999862261970732
12542,125.42000000002726,0.9999862416034336
12543,125.43000000002726,0.9999862569965566
12544,125.44000000002727,0.9999862723764488
12545,125.45000000002727,0.9999862877431166
12546,125.46000000002728,0.9999863030965667
12547,125.47000000002728,0.9999863184368059
12548,125.48000000002729,0.9999863337638405
12549,125.4900000000273,0.9999863490776774
12550,125.5000000000273,0.9999863643783231
12551,125.5100000000273,0.9999863796657843
12552,125.52000000002731,0.9999863949400676
12553,125.53000000002731,0.9999864102011795
12554,125.54000000002732,0.9999864254491269
12555,125.55000000002732,0.9999864406839162
12556,125.56000000002733,0.999986455905554
12557,125.57000000002733,0.9999864711140471
12558,125.58000000002734,0.9999864863094022
12559,125.59000000002735,0.9999865014916257
12560,125.60000000002735,0.9999865166607244
12561,125.61000000002736,0.9999865318167048
12562,125.62000000002736,0.9999865469595737
12563,125.63000000002737,0.9999865620893377
12564,125.64000000002737,0.9999865772060033
12565,125.65000000002738,0.9999865923095773
12566,125.66000000002738,0.9999866074000663
12567,125.67000000002739,0.9999866224774769
12568,125.68000000002739,0.9999866375418158
12569,125.6900000000274,0.9999866525930897
12570,125.7000000000274,0.9999866676313052
12571,125.7100000000274,0.9999866826564688
12572,125.72000000002741,0.9999866976685874
12573,125.73000000002742,0.9999867126676675
12574,125.74000000002742,0.9999867276537158
12575,125.75000000002743,0.9999867426267389
12576,125.76000000002743,0.9999867575867436
12577,125.77000000002744,0.9999867725337364
12578,125.78000000002744,0.9999867874677241
12579,125.79000000002745,0.9999868023887132
12580,125.80000000002745,0.9999868172967104
12581,125.81000000002746,0.9999868321917225
12582,125.82000000002746,0.999986847073756
12583,125.83000000002747,0.9999868619428177
12584,125.84000000002747,0.9999868767989142
12585,125.85000000002748,0.9999868916420521
12586,125.86000000002748,0.9999869064722382
12587,125.87000000002749,0.9999869212894791
12588,125.8800000000275,0.9999869360937814
12589,125.8900000000275,0.9999869508851519
12590,125.9000000000275,0.9999869656635972
12591,125.91000000002751,0.999986980429124
12592,125.92000000002751,0.9999869951817391
12593,125.93000000002752,0.9999870099214488
12594,125.94000000002752,0.9999870246482602
12595,125.95000000002753,0.9999870393621797
12596,125.96000000002753,0.9999870540632141
12597,125.97000000002754,0.9999870687513701
12598,125.98000000002754,0.9999870834266543
12599,125.99000000002755,0.9999870980890735
12600,126.00000000002755,0.9999871127386342
12601,126.01000000002756,0.9999871273753432
12602,126.02000000002757,0.9999871419992072
12603,126.03000000002757,0.9999871566102329
12604,126.04000000002758,0.999987171208427
12605,126.05000000002758,0.999987185793796
12606,126.06000000002759,0.9999872003663468
12607,126.07000000002759,0.999987214926086
12608,126.0800000000276,0.9999872294730203
12609,126.0900000000276,0.9999872440071564
12610,126.1000000000276,0.9999872585285011
12611,126.11000000002761,0.9999872730370609
12612,126.12000000002762,0.9999872875328427
12613,126.13000000002762,0.999987302015853
12614,126.14000000002763,0.9999873164860986
12615,126.15000000002763,0.9999873309435862
12616,126.16000000002764,0.9999873453883225
12617,126.17000000002764,0.9999873598203142
12618,126.18000000002765,0.999987374239568
12619,126.19000000002765,0.9999873886460905
12620,126.20000000002766,0.9999874030398886
12621,126.21000000002766,0.9999874174209689
12622,126.22000000002767,0.9999874317893381
12623,126.23000000002767,0.9999874461450029
12624,126.24000000002768,0.99998746048797
12625,126.25000000002768,0.9999874748182462
12626,126.26000000002769,0.9999874891358382
12627,126.2700000000277,0.9999875034407526
12628,126.2800000000277,0.9999875177329962
12629,126.2900000000277,0.9999875320125757
12630,126.30000000002771,0.9999875462794978
12631,126.31000000002771,0.9999875605337692
12632,126.32000000002772,0.9999875747753967
12633,126.33000000002772,0.9999875890043869
12634,126.34000000002773,0.9999876032207465
12635,126.35000000002773,0.9999876174244824
12636,126.36000000002774,0.9999876316156012
12637,126.37000000002774,0.9999876457941096
12638,126.38000000002775,0.9999876599600144
12639,126.39000000002775,0.9999876741133222
12640,126.40000000002776,0.9999876882540398
12641,126.41000000002776,0.999987702382174
12642,126.42000000002777,0.9999877164977314
12643,126.43000000002777,0.9999877306007189
12644,126.44000000002778,0.999987744691143
12645,126.45000000002779,0.9999877587690106
12646,126.46000000002779,0.9999877728343284
12647,126.4700000000278,0.999987786887103
12648,126.4800000000278,0.9999878009273413
12649,126.4900000000278,0.99998781495505
12650,126.50000000002781,0.9999878289702356
12651,126.51000000002782,0.9999878429729052
12652,126.52000000002782,0.9999878569630654
12653,126.53000000002783,0.9999878709407228
12654,126.54000000002783,0.9999878849058843
12655,126.55000000002784,0.9999878988585565
12656,126.56000000002784,0.9999879127987464
12657,126.57000000002785,0.9999879267264604
12658,126.58000000002785,0.9999879406417055
12659,126.59000000002786,0.9999879545444882
12660,126.60000000002786,0.9999879684348155
12661,126.61000000002787,0.9999879823126939
12662,126.62000000002787,0.9999879961781304
12663,126.63000000002788,0.9999880100311316
12664,126.64000000002788,0.9999880238717042
12665,126.65000000002789,0.999988037699855
12666,126.66000000002789,0.9999880515155908
12667,126.6700000000279,0.9999880653189183
12668,126.6800000000279,0.9999880791098442
12669,126.69000000002791,0.9999880928883753
12670,126.70000000002791,0.9999881066545184
12671,126.71000000002792,0.9999881204082801
12672,126.72000000002792,0.9999881341496674
12673,126.73000000002793,0.9999881478786868
12674,126.74000000002793,0.9999881615953452
12675,126.75000000002794,0.9999881752996493
12676,126.76000000002794,0.9999881889916059
12677,126.77000000002795,0.9999882026712217
12678,126.78000000002795,0.9999882163385035
12679,126.79000000002796,0.999988229993458
12680,126.80000000002796,0.9999882436360921
12681,126.81000000002797,0.9999882572664124
12682,126.82000000002797,0.9999882708844257
12683,126.83000000002798,0.9999882844901388
12684,126.84000000002798,0.9999882980835584
12685,126.85000000002799,0.9999883116646914
12686,126.860000000028,0.9999883252335444
12687,126.870000000028,0.9999883387901243
12688,126.880000000028,0.9999883523344377
12689,126.89000000002801,0.9999883658664914
12690,126.90000000002802,0.9999883793862924
12691,126.91000000002802,0.9999883928938472
12692,126.92000000002803,0.9999884063891628
12693,126.93000000002803,0.9999884198722456
12694,126.94000000002804,0.9999884333431028
12695,126.95000000002804,0.9999884468017409
12696,126.96000000002805,0.9999884602481668
12697,126.97000000002805,0.9999884736823871
12698,126.98000000002806,0.9999884871044088
12699,126.99000000002806,0.9999885005142385
12700,127.00000000002807,0.9999885139118829
12701,127.01000000002807,0.9999885272973491
12702,127.02000000002808,0.9999885406706437
12703,127.03000000002808,0.9999885540317733
12704,127.04000000002809,0.9999885673807449
12705,127.05000000002809,0.9999885807175652
12706,127.0600000000281,0.999988594042241
12707,127.0700000000281,0.9999886073547791
12708,127.08000000002811,0.9999886206551862
12709,127.09000000002811,0.9999886339434692
12710,127.10000000002812,0.9999886472196348
12711,127.11000000002812,0.9999886604836897
12712,127.12000000002813,0.9999886737356408
12713,127.13000000002813,0.9999886869754948
12714,127.14000000002814,0.9999887002032586
12715,127.15000000002814,0.9999887134189389
12716,127.16000000002815,0.9999887266225426
12717,127.17000000002815,0.9999887398140762
12718,127.18000000002816,0.9999887529935468
12719,127.19000000002816,0.999988766160961
12720,127.20000000002817,0.9999887793163257
12721,127.21000000002817,0.9999887924596476
12722,127.22000000002818,0.9999888055909335
12723,127.23000000002818,0.9999888187101902
12724,127.24000000002819,0.9999888318174245
12725,127.2500000000282,0.9999888449126433
12726,127.2600000000282,0.9999888579958531
12727,127.2700000000282,0.9999888710670609
12728,127.28000000002821,0.9999888841262736
12729,127.29000000002821,0.9999888971734977
12730,127.30000000002822,0.9999889102087403
12731,127.31000000002823,0.9999889232320079
12732,127.32000000002823,0.9999889362433075
12733,127.33000000002824,0.9999889492426458
12734,127.34000000002824,0.9999889622300296
12735,127.35000000002825,0.9999889752054658
12736,127.36000000002825,0.9999889881689611
12737,127.37000000002826,0.9999890011205222
12738,127.38000000002826,0.9999890140601561
12739,127.39000000002827,0.9999890269878695
12740,127.40000000002827,0.9999890399036692
12741,127.41000000002828,0.999989052807562
12742,127.42000000002828,0.9999890656995547
12743,127.43000000002829,0.999989078579654
12744,127.44000000002829,0.999989091447867
12745,127.4500000000283,0.9999891043042002
12746,127.4600000000283,0.9999891171486605
12747,127.4700000000283,0.9999891299812547
12748,127.48000000002831,0.9999891428019897
12749,127.49000000002832,0.9999891556108721
12750,127.50000000002832,0.9999891684079089
12751,127.51000000002833,0.9999891811931068
12752,127.52000000002833,0.9999891939664726
12753,127.53000000002834,0.9999892067280132
12754,127.54000000002834,0.9999892194777352
12755,127.55000000002835,0.9999892322156456
12756,127.56000000002835,0.9999892449417512
12757,127.57000000002836,0.9999892576560587
12758,127.58000000002836,0.999989270358575
12759,127.59000000002837,0.9999892830493069
12760,127.60000000002837,0.9999892957282611
12761,127.61000000002838,0.9999893083954446
12762,127.62000000002838,0.999989321050864
12763,127.63000000002839,0.9999893336945263
12764,127.6400000000284,0.9999893463264382
12765,127.6500000000284,0.9999893589466065
12766,127.6600000000284,0.999989371555038
12767,127.67000000002841,0.9999893841517395
12768,127.68000000002841,0.999989396736718
12769,127.69000000002842,0.9999894093099801
12770,127.70000000002842,0.9999894218715328
12771,127.71000000002843,0.9999894344213828
12772,127.72000000002843,0.9999894469595367
12773,127.73000000002844,0.9999894594860017
12774,127.74000000002845,0.9999894720007845
12775,127.75000000002845,0.9999894845038918
12776,127.76000000002846,0.9999894969953305
12777,127.77000000002846,0.9999895094751072
12778,127.78000000002847,0.9999895219432291
12779,127.79000000002847,0.9999895343997028
12780,127.80000000002848,0.9999895468445351
12781,127.81000000002848,0.9999895592777329
12782,127.82000000002849,0.9999895716993029
12783,127.83000000002849,0.9999895841092521
12784,127.8400000000285,0.9999895965075872
12785,127.8500000000285,0.999989608894315
12786,127.8600000000285,0.9999896212694424
12787,127.87000000002851,0.999989633632976
12788,127.88000000002852,0.9999896459849229
12789,127.89000000002852,0.9999896583252899
12790,127.90000000002853,0.9999896706540836
12791,127.91000000002853,0.999989682971311
12792,127.92000000002854,0.9999896952769788
12793,127.93000000002854,0.999989707571094
12794,127.94000000002855,0.9999897198536633
12795,127.95000000002855,0.9999897321246934
12796,127.96000000002856,0.9999897443841914
12797,127.97000000002856,0.9999897566321639
12798,127.98000000002857,0.9999897688686179
12799,127.99000000002857,0.9999897810935601
12800,128.00000000002856,0.9999897933069973
12801,128.01000000002855,0.9999898055089365
12802,128.02000000002855,0.9999898176993842
12803,128.03000000002854,0.9999898298783476
12804,128.04000000002853,0.9999898420458333
12805,128.05000000002852,0.999989854201848
12806,128.0600000000285,0.999989866346399
12807,128.0700000000285,0.9999898784794926
12808,128.0800000000285,0.999989890601136
12809,128.09000000002848,0.9999899027113358
12810,128.10000000002847,0.9999899148100989
12811,128.11000000002846,0.9999899268974322
12812,128.12000000002845,0.9999899389733423
12813,128.13000000002845,0.9999899510378363
12814,128.14000000002844,0.9999899630909209
12815,128.15000000002843,0.9999899751326029
12816,128.16000000002842,0.9999899871628892
12817,128.1700000000284,0.9999899991817865
12818,128.1800000000284,0.9999900111893019
12819,128.1900000000284,0.999990023185442
12820,128.20000000002838,0.9999900351702137
12821,128.21000000002837,0.9999900471436237
12822,128.22000000002836,0.999990059105679
12823,128.23000000002835,0.9999900710563864
12824,128.24000000002835,0.9999900829957526
12825,128.25000000002834,0.9999900949237845
12826,128.26000000002833,0.9999901068404892
12827,128.27000000002832,0.9999901187458731
12828,128.2800000000283,0.9999901306399432
12829,128.2900000000283,0.9999901425227065
12830,128.3000000000283,0.9999901543941695
12831,128.31000000002828,0.9999901662543392
12832,128.32000000002827,0.9999901781032225
12833,128.33000000002826,0.9999901899408263
12834,128.34000000002825,0.9999902017671571
12835,128.35000000002825,0.9999902135822222
12836,128.36000000002824,0.9999902253860279
12837,128.37000000002823,0.9999902371785814
12838,128.38000000002822,0.9999902489598894
12839,128.3900000000282,0.9999902607299588
12840,128.4000000000282,0.9999902724887965
12841,128.4100000000282,0.999990284236409
12842,128.42000000002818,0.9999902959728034
12843,128.43000000002817,0.9999903076979866
12844,128.44000000002816,0.9999903194119653
12845,128.45000000002815,0.9999903311147463
12846,128.46000000002815,0.9999903428063366
12847,128.47000000002814,0.9999903544867428
12848,128.48000000002813,0.9999903661559719
12849,128.49000000002812,0.9999903778140307
12850,128.5000000000281,0.999990389460926
12851,128.5100000000281,0.9999904010966647
12852,128.5200000000281,0.9999904127212536
12853,128.53000000002808,0.9999904243346994
12854,128.54000000002807,0.9999904359370091
12855,128.55000000002806,0.9999904475281896
12856,128.56000000002805,0.9999904591082475
12857,128.57000000002805,0.9999904706771898
12858,128.58000000002804,0.9999904822350233
12859,128.59000000002803,0.9999904937817548
12860,128.60000000002802,0.9999905053173912
12861,128.610000000028,0.9999905168419393
12862,128.620000000028,0.9999905283554058
12863,128.630000000028,0.9999905398577977
12864,128.64000000002798,0.999990551349122
12865,128.65000000002797,0.9999905628293851
12866,128.66000000002796,0.9999905742985942
12867,128.67000000002795,0.9999905857567558
12868,128.68000000002795,0.9999905972038772
12869,128.69000000002794,0.9999906086399648
12870,128.70000000002793,0.9999906200650256
12871,128.71000000002792,0.9999906314790664
12872,128.7200000000279,0.9999906428820942
12873,128.7300000000279,0.9999906542741156
12874,128.7400000000279,0.9999906656551376
12875,128.75000000002788,0.9999906770251669
12876,128.76000000002787,0.9999906883842105
12877,128.77000000002786,0.9999906997322751
12878,128.78000000002785,0.9999907110693674
12879,128.79000000002785,0.9999907223954947
12880,128.80000000002784,0.9999907337106634
12881,128.81000000002783,0.9999907450148804
12882,128.82000000002782,0.9999907563081527
12883,128.8300000000278,0.999990767590487
12884,128.8400000000278,0.9999907788618903
12885,128.8500000000278,0.9999907901223691
12886,128.86000000002778,0.9999908013719306
12887,128.87000000002777,0.9999908126105814
12888,128.88000000002776,0.9999908238383285
12889,128.89000000002775,0.9999908350551786
12890,128.90000000002775,0.9999908462611385
12891,128.91000000002774,0.9999908574562152
12892,128.92000000002773,0.9999908686404154
12893,128.93000000002772,0.999990879813746
12894,128.9400000000277,0.9999908909762139
12895,128.9500000000277,0.9999909021278257
12896,128.9600000000277,0.9999909132685885
12897,128.97000000002768,0.9999909243985089
12898,128.98000000002767,0.9999909355175939
12899,128.99000000002766,0.9999909466258502
12900,129.00000000002765,0.9999909577232848
12901,129.01000000002765,0.9999909688099045
12902,129.02000000002764,0.9999909798857158
12903,129.03000000002763,0.9999909909507261
12904,129.04000000002762,0.9999910020049418
12905,129.0500000000276,0.9999910130483699
12906,129.0600000000276,0.9999910240810171
12907,129.0700000000276,0.9999910351028904
12908,129.08000000002758,0.9999910461139967
12909,129.09000000002757,0.9999910571143426
12910,129.10000000002756,0.999991068103935
12911,129.11000000002755,0.9999910790827807
12912,129.12000000002755,0.9999910900508867
12913,129.13000000002754,0.9999911010082596
12914,129.14000000002753,0.9999911119549064
12915,129.15000000002752,0.9999911228908339
12916,129.1600000000275,0.9999911338160489
12917,129.1700000000275,0.9999911447305583
12918,129.1800000000275,0.9999911556343687
12919,129.19000000002748,0.9999911665274872
12920,129.20000000002747,0.9999911774099205
12921,129.21000000002746,0.9999911882816755
12922,129.22000000002745,0.999991199142759
12923,129.23000000002745,0.9999912099931777
12924,129.24000000002744,0.9999912208329387
12925,129.25000000002743,0.9999912316620485
12926,129.26000000002742,0.9999912424805142
12927,129.2700000000274,0.9999912532883425
12928,129.2800000000274,0.9999912640855403
12929,129.2900000000274,0.9999912748721143
12930,129.30000000002738,0.9999912856480714
12931,129.31000000002737,0.9999912964134184
12932,129.32000000002736,0.9999913071681623
12933,129.33000000002735,0.9999913179123097
12934,129.34000000002735,0.9999913286458675
12935,129.35000000002734,0.9999913393688425
12936,129.36000000002733,0.9999913500812417
12937,129.37000000002732,0.9999913607830717
12938,129.3800000000273,0.9999913714743394
12939,129.3900000000273,0.9999913821550517
12940,129.4000000000273,0.9999913928252153
12941,129.41000000002728,0.9999914034848371
12942,129.42000000002727,0.9999914141339239
12943,129.43000000002726,0.9999914247724825
12944,129.44000000002725,0.9999914354005198
12945,129.45000000002725,0.9999914460180426
12946,129.46000000002724,0.9999914566250576
12947,129.47000000002723,0.9999914672215718
12948,129.48000000002722,0.999991477807592
12949,129.4900000000272,0.9999914883831249
12950,129.5000000000272,0.9999914989481774
12951,129.5100000000272,0.9999915095027563
12952,129.52000000002718,0.9999915200468684
12953,129.53000000002717,0.9999915305805206
12954,129.54000000002716,0.9999915411037196
12955,129.55000000002715,0.9999915516164724
12956,129.56000000002715,0.9999915621187856
12957,129.57000000002714,0.9999915726106661
12958,129.58000000002713,0.9999915830921208
12959,129.59000000002712,0.9999915935631565
12960,129.6000000000271,0.99999160402378
12961,129.6100000000271,0.999991614473998
12962,129.6200000000271,0.9999916249138174
12963,129.63000000002708,0.9999916353432451
12964,129.64000000002707,0.9999916457622878
12965,129.65000000002706,0.9999916561709524
12966,129.66000000002705,0.9999916665692457
12967,129.67000000002704,0.9999916769571745
12968,129.68000000002704,0.9999916873347455
12969,129.69000000002703,0.9999916977019657
12970,129.70000000002702,0.9999917080588419
12971,129.710000000027,0.9999917184053807
12972,129.720000000027,0.9999917287415891
12973,129.730000000027,0.999991739067474
12974,129.74000000002698,0.9999917493830419
12975,129.75000000002697,0.9999917596882999
12976,129.76000000002696,0.9999917699832548
12977,129.77000000002695,0.9999917802679131
12978,129.78000000002694,0.999991790542282
12979,129.79000000002694,0.9999918008063681
12980,129.80000000002693,0.9999918110601782
12981,129.81000000002692,0.9999918213037192
12982,129.8200000000269,0.9999918315369979
12983,129.8300000000269,0.999991841760021
12984,129.8400000000269,0.9999918519727954
12985,129.85000000002688,0.999991862175328
12986,129.86000000002687,0.9999918723676253
12987,129.87000000002686,0.9999918825496944
12988,129.88000000002685,0.9999918927215421
12989,129.89000000002684,0.999991902883175
12990,129.90000000002684,0.9999919130346
12991,129.91000000002683,0.999991923175824
12992,129.92000000002682,0.9999919333068537
12993,129.9300000000268,0.9999919434276958
12994,129.9400000000268,0.9999919535383573
12995,129.9500000000268,0.999991963638845
12996,129.96000000002678,0.9999919737291657
12997,129.97000000002677,0.999991983809326
12998,129.98000000002676,0.9999919938793329
12999,129.99000000002675,0.9999920039391931
13000,130.00000000002674,0.9999920139889135
13001,130.01000000002674,0.9999920240285007
13002,130.02000000002673,0.9999920340579617
13003,130.03000000002672,0.9999920440773032
13004,130.0400000000267,0.9999920540865321
13005,130.0500000000267,0.9999920640856551
13006,130.0600000000267,0.999992074074679
13007,130.07000000002668,0.9999920840536106
13008,130.08000000002667,0.9999920940224567
13009,130.09000000002666,0.9999921039812242
13010,130.10000000002665,0.9999921139299197
13011,130.11000000002664,0.9999921238685502
13012,130.12000000002664,0.9999921337971223
13013,130.13000000002663,0.9999921437156428
13014,130.14000000002662,0.9999921536241188
13015,130.1500000000266,0.9999921635225566
13016,130.1600000000266,0.9999921734109634
13017,130.1700000000266,0.9999921832893458
13018,130.18000000002658,0.9999921931577106
13019,130.19000000002657,0.9999922030160646
13020,130.20000000002656,0.9999922128644146
13021,130.21000000002655,0.9999922227027676
13022,130.22000000002654,0.9999922325311299
13023,130.23000000002654,0.9999922423495087
13024,130.24000000002653,0.9999922521579107
13025,130.25000000002652,0.9999922619563425
13026,130.2600000000265,0.9999922717448111
13027,130.2700000000265,0.9999922815233232
13028,130.2800000000265,0.9999922912918855
13029,130.29000000002648,0.999992301050505
13030,130.30000000002647,0.9999923107991883
13031,130.31000000002646,0.9999923205379422
13032,130.32000000002645,0.9999923302667735
13033,130.33000000002644,0.9999923399856889
13034,130.34000000002644,0.9999923496946954
13035,130.35000000002643,0.9999923593937996
13036,130.36000000002642,0.9999923690830084
13037,130.3700000000264,0.9999923787623284
13038,130.3800000000264,0.9999923884317664
13039,130.3900000000264,0.9999923980913294
13040,130.40000000002638,0.9999924077410239
13041,130.41000000002637,0.999992417380857
13042,130.42000000002636,0.999992427010835
13043,130.43000000002635,0.9999924366309652
13044,130.44000000002634,0.9999924462412539
13045,130.45000000002634,0.9999924558417083
13046,130.46000000002633,0.9999924654323348
13047,130.47000000002632,0.9999924750131403
13048,130.4800000000263,0.9999924845841317
13049,130.4900000000263,0.9999924941453155
13050,130.5000000000263,0.9999925036966988
13051,130.51000000002628,0.9999925132382881
13052,130.52000000002627,0.9999925227700903
13053,130.53000000002626,0.9999925322921122
13054,130.54000000002625,0.9999925418043604
13055,130.55000000002624,0.9999925513068417
13056,130.56000000002624,0.999992560799563
13057,130.57000000002623,0.999992570282531
13058,130.58000000002622,0.9999925797557524
13059,130.5900000000262,0.999992589219234
13060,130.6000000000262,0.9999925986729825
13061,130.6100000000262,0.9999926081170049
13062,130.62000000002618,0.9999926175513076
13063,130.63000000002617,0.9999926269758975
13064,130.64000000002616,0.9999926363907815
13065,130.65000000002615,0.9999926457959663
13066,130.66000000002614,0.9999926551914585
13067,130.67000000002614,0.999992664577265
13068,130.68000000002613,0.9999926739533924
13069,130.69000000002612,0.9999926833198477
13070,130.7000000000261,0.9999926926766375
13071,130.7100000000261,0.9999927020237686
13072,130.7200000000261,0.9999927113612476
13073,130.73000000002608,0.9999927206890813
13074,130.74000000002607,0.9999927300072766
13075,130.75000000002606,0.9999927393158402
13076,130.76000000002605,0.9999927486147787
13077,130.77000000002604,0.999992757904099
13078,130.78000000002604,0.9999927671838079
13079,130.79000000002603,0.9999927764539119
13080,130.80000000002602,0.999992785714418
13081,130.810000000026,0.9999927949653327
13082,130.820000000026,0.9999928042066629
13083,130.830000000026,0.9999928134384153
13084,130.84000000002598,0.9999928226605966
13085,130.85000000002597,0.9999928318732136
13086,130.86000000002596,0.9999928410762732
13087,130.87000000002595,0.9999928502697818
13088,130.88000000002594,0.9999928594537463
13089,130.89000000002594,0.9999928686281734
13090,130.90000000002593,0.9999928777930699
13091,130.91000000002592,0.9999928869484425
13092,130.9200000000259,0.9999928960942979
13093,130.9300000000259,0.9999929052306429
13094,130.9400000000259,0.9999929143574842
13095,130.95000000002588,0.9999929234748284
13096,130.96000000002587,0.9999929325826825
13097,130.97000000002586,0.999992941681053
13098,130.98000000002585,0.9999929507699467
13099,130.99000000002584,0.9999929598493703
13100,131.00000000002584,0.9999929689193306
13101,131.01000000002583,0.9999929779798342
13102,131.02000000002582,0.999992987030888
13103,131.0300000000258,0.9999929960724986
13104,131.0400000000258,0.9999930051046727
13105,131.0500000000258,0.9999930141274171
13106,131.06000000002578,0.9999930231407385
13107,131.07000000002577,0.9999930321446435
13108,131.08000000002576,0.999993041139139
13109,131.09000000002575,0.9999930501242317
13110,131.10000000002574,0.9999930590999281
13111,131.11000000002574,0.9999930680662351
13112,131.12000000002573,0.9999930770231594
13113,131.13000000002572,0.9999930859707078
13114,131.1400000000257,0.9999930949088868
13115,131.1500000000257,0.9999931038377031
13116,131.1600000000257,0.9999931127571636
13117,131.17000000002568,0.9999931216672749
13118,131.18000000002567,0.9999931305680438
13119,131.19000000002566,0.999993139459477
13120,131.20000000002565,0.999993148341581
13121,131.21000000002564,0.9999931572143627
13122,131.22000000002564,0.9999931660778287
13123,131.23000000002563,0.9999931749319858
13124,131.24000000002562,0.9999931837768407
13125,131.2500000000256,0.9999931926124
13126,131.2600000000256,0.9999932014386704
13127,131.2700000000256,0.9999932102556588
13128,131.28000000002558,0.9999932190633716
13129,131.29000000002557,0.9999932278618157
13130,131.30000000002556,0.9999932366509977
13131,131.31000000002555,0.9999932454309244
13132,131.32000000002554,0.9999932542016023
13133,131.33000000002554,0.9999932629630384
13134,131.34000000002553,0.9999932717152391
13135,131.35000000002552,0.9999932804582111
13136,131.3600000000255,0.9999932891919613
13137,131.3700000000255,0.9999932979164963
13138,131.3800000000255,0.9999933066318226
13139,131.39000000002548,0.9999933153379472
13140,131.40000000002547,0.9999933240348765
13141,131.41000000002546,0.9999933327226174
13142,131.42000000002545,0.9999933414011765
13143,131.43000000002544,0.9999933500705603
13144,131.44000000002544,0.9999933587307758
13145,131.45000000002543,0.9999933673818294
13146,131.46000000002542,0.999993376023728
13147,131.4700000000254,0.9999933846564781
13148,131.4800000000254,0.9999933932800865
13149,131.4900000000254,0.9999934018945599
13150,131.50000000002538,0.9999934104999048
13151,131.51000000002537,0.9999934190961279
13152,131.52000000002536,0.9999934276832361
13153,131.53000000002535,0.9999934362612357
13154,131.54000000002534,0.9999934448301337
13155,131.55000000002534,0.9999934533899367
13156,131.56000000002533,0.9999934619406512
13157,131.57000000002532,0.999993470482284
13158,131.5800000000253,0.9999934790148417
13159,131.5900000000253,0.9999934875383311
13160,131.6000000000253,0.9999934960527587
13161,131.61000000002528,0.9999935045581312
13162,131.62000000002527,0.9999935130544553
13163,131.63000000002526,0.9999935215417375
13164,131.64000000002525,0.9999935300199847
13165,131.65000000002524,0.9999935384892034
13166,131.66000000002524,0.9999935469494003
13167,131.67000000002523,0.9999935554005821
13168,131.68000000002522,0.9999935638427553
13169,131.6900000000252,0.9999935722759268
13170,131.7000000000252,0.9999935807001029
13171,131.7100000000252,0.9999935891152906
13172,131.72000000002518,0.9999935975214963
13173,131.73000000002517,0.9999936059187267
13174,131.74000000002516,0.9999936143069885
13175,131.75000000002515,0.9999936226862883
13176,131.76000000002514,0.9999936310566329
13177,131.77000000002514,0.9999936394180287
13178,131.78000000002513,0.9999936477704824
13179,131.79000000002512,0.9999936561140007
13180,131.8000000000251,0.9999936644485903
13181,131.8100000000251,0.9999936727742575
13182,131.8200000000251,0.9999936810910094
13183,131.83000000002508,0.9999936893988524
13184,131.84000000002507,0.9999936976977931
13185,131.85000000002506,0.9999937059878381
13186,131.86000000002505,0.9999937142689942
13187,131.87000000002504,0.999993722541268
13188,131.88000000002503,0.9999937308046658
13189,131.89000000002503,0.9999937390591946
13190,131.90000000002502,0.999993747304861
13191,131.910000000025,0.9999937555416715
13192,131.920000000025,0.9999937637696326
13193,131.930000000025,0.9999937719887512
13194,131.94000000002498,0.9999937801990336
13195,131.95000000002497,0.9999937884004868
13196,131.96000000002496,0.9999937965931172
13197,131.97000000002495,0.9999938047769312
13198,131.98000000002494,0.9999938129519359
13199,131.99000000002493,0.9999938211181375
13200,132.00000000002493,0.9999938292755428
13201,132.01000000002492,0.9999938374241584
13202,132.0200000000249,0.9999938455639908
13203,132.0300000000249,0.9999938536950467
13204,132.0400000000249,0.9999938618173327
13205,132.05000000002488,0.9999938699308554
13206,132.06000000002487,0.9999938780356213
13207,132.07000000002486,0.9999938861316373
13208,132.08000000002485,0.9999938942189096
13209,132.09000000002484,0.999993902297445
13210,132.10000000002483,0.9999939103672502
13211,132.11000000002483,0.9999939184283316
13212,132.12000000002482,0.9999939264806958
13213,132.1300000000248,0.9999939345243496
13214,132.1400000000248,0.9999939425592994
13215,132.1500000000248,0.9999939505855518
13216,132.16000000002478,0.9999939586031135
13217,132.17000000002477,0.9999939666119909
13218,132.18000000002476,0.9999939746121909
13219,132.19000000002475,0.9999939826037197
13220,132.20000000002474,0.9999939905865841
13221,132.21000000002473,0.9999939985607907
13222,132.22000000002473,0.9999940065263461
13223,132.23000000002472,0.9999940144832566
13224,132.2400000000247,0.9999940224315291
13225,132.2500000000247,0.9999940303711701
13226,132.2600000000247,0.999994038302186
13227,132.27000000002468,0.9999940462245837
13228,132.28000000002467,0.9999940541383694
13229,132.29000000002466,0.9999940620435499
13230,132.30000000002465,0.9999940699401317
13231,132.31000000002464,0.9999940778281214
13232,132.32000000002463,0.9999940857075256
13233,132.33000000002463,0.9999940935783508
13234,132.34000000002462,0.9999941014406034
13235,132.3500000000246,0.9999941092942902
13236,132.3600000000246,0.9999941171394178
13237,132.3700000000246,0.9999941249759926
13238,132.38000000002458,0.9999941328040212
13239,132.39000000002457,0.9999941406235101
13240,132.40000000002456,0.9999941484344659
13241,132.41000000002455,0.9999941562368951
13242,132.42000000002454,0.9999941640308045
13243,132.43000000002453,0.9999941718162003
13244,132.44000000002453,0.9999941795930893
13245,132.45000000002452,0.9999941873614779
13246,132.4600000000245,0.9999941951213728
13247,132.4700000000245,0.9999942028727803
13248,132.4800000000245,0.9999942106157071
13249,132.49000000002448,0.9999942183501598
13250,132.50000000002447,0.9999942260761447
13251,132.51000000002446,0.9999942337936686
13252,132.52000000002445,0.999994241502738
13253,132.53000000002444,0.9999942492033592
13254,132.54000000002443,0.999994256895539
13255,132.55000000002443,0.9999942645792838
13256,132.56000000002442,0.9999942722546001
13257,132.5700000000244,0.9999942799214945
13258,132.5800000000244,0.9999942875799736
13259,132.5900000000244,0.9999942952300437
13260,132.60000000002438,0.9999943028717115
13261,132.61000000002437,0.9999943105049834
13262,132.62000000002436,0.999994318129866
13263,132.63000000002435,0.9999943257463659
13264,132.64000000002434,0.9999943333544895
13265,132.65000000002433,0.9999943409542433
13266,132.66000000002433,0.999994348545634
13267,132.67000000002432,0.9999943561286677
13268,132.6800000000243,0.9999943637033514
13269,132.6900000000243,0.9999943712696913
13270,132.7000000000243,0.9999943788276939
13271,132.71000000002428,0.9999943863773658
13272,132.72000000002427,0.9999943939187136
13273,132.73000000002426,0.9999944014517437
13274,132.74000000002425,0.9999944089764624
13275,132.75000000002424,0.9999944164928766
13276,132.76000000002423,0.9999944240009925
13277,132.77000000002423,0.9999944315008167
13278,132.78000000002422,0.9999944389923557
13279,132.7900000000242,0.999994446475616
13280,132.8000000000242,0.9999944539506039
13281,132.8100000000242,0.9999944614173263
13282,132.82000000002418,0.9999944688757892
13283,132.83000000002417,0.9999944763259995
13284,132.84000000002416,0.9999944837679634
13285,132.85000000002415,0.9999944912016875
13286,132.86000000002414,0.9999944986271783
13287,132.87000000002413,0.9999945060444422
13288,132.88000000002413,0.9999945134534858
13289,132.89000000002412,0.9999945208543154
13290,132.9000000000241,0.9999945282469377
13291,132.9100000000241,0.9999945356313589
13292,132.9200000000241,0.9999945430075857
13293,132.93000000002408,0.9999945503756245
13294,132.94000000002407,0.9999945577354817
13295,132.95000000002406,0.9999945650871638
13296,132.96000000002405,0.9999945724306774
13297,132.97000000002404,0.9999945797660287
13298,132.98000000002403,0.9999945870932243
13299,132.99000000002403,0.9999945944122707
13300,133.00000000002402,0.9999946017231743
13301,133.010000000024,0.9999946090259416
13302,133.020000000024,0.9999946163205791
13303,133.030000000024,0.999994623607093
13304,133.04000000002398,0.99999463088549
13305,133.05000000002397,0.9999946381557765
13306,133.06000000002396,0.9999946454179589
13307,133.07000000002395,0.9999946526720437
13308,133.08000000002394,0.9999946599180373
13309,133.09000000002393,0.9999946671559461
13310,133.10000000002393,0.9999946743857766
13311,133.11000000002392,0.9999946816075352
13312,133.1200000000239,0.9999946888212283
13313,133.1300000000239,0.9999946960268625
13314,133.1400000000239,0.9999947032244442
13315,133.15000000002388,0.9999947104139796
13316,133.16000000002387,0.9999947175954754
13317,133.17000000002386,0.9999947247689378
13318,133.18000000002385,0.9999947319343734
13319,133.19000000002384,0.9999947390917886
13320,133.20000000002383,0.9999947462411897
13321,133.21000000002383,0.9999947533825833
13322,133.22000000002382,0.9999947605159756
13323,133.2300000000238,0.9999947676413732
13324,133.2400000000238,0.9999947747587825
13325,133.2500000000238,0.9999947818682098
13326,133.26000000002378,0.9999947889696615
13327,133.27000000002377,0.9999947960631442
13328,133.28000000002376,0.9999948031486642
13329,133.29000000002375,0.9999948102262278
13330,133.30000000002374,0.9999948172958416
13331,133.31000000002373,0.9999948243575119
13332,133.32000000002373,0.999994831411245
13333,133.33000000002372,0.9999948384570475
13334,133.3400000000237,0.9999948454949256
13335,133.3500000000237,0.9999948525248858
13336,133.3600000000237,0.9999948595469346
13337,133.37000000002368,0.9999948665610782
13338,133.38000000002367,0.999994873567323
13339,133.39000000002366,0.9999948805656755
13340,133.40000000002365,0.9999948875561421
13341,133.41000000002364,0.999994894538729
13342,133.42000000002363,0.9999949015134428
13343,133.43000000002363,0.9999949084802897
13344,133.44000000002362,0.9999949154392762
13345,133.4500000000236,0.9999949223904087
13346,133.4600000000236,0.9999949293336934
13347,133.4700000000236,0.9999949362691368
13348,133.48000000002358,0.9999949431967453
13349,133.49000000002357,0.9999949501165252
13350,133.50000000002356,0.9999949570284828
13351,133.51000000002355,0.9999949639326247
13352,133.52000000002354,0.9999949708289569
13353,133.53000000002353,0.9999949777174861
13354,133.54000000002353,0.9999949845982186
13355,133.55000000002352,0.9999949914711606
13356,133.5600000000235,0.9999949983363186
13357,133.5700000000235,0.9999950051936988
13358,133.5800000000235,0.9999950120433078
13359,133.59000000002348,0.9999950188851516
13360,133.60000000002347,0.9999950257192368
13361,133.61000000002346,0.9999950325455698
13362,133.62000000002345,0.9999950393641568
13363,133.63000000002344,0.9999950461750041
13364,133.64000000002343,0.9999950529781182
13365,133.65000000002343,0.9999950597735052
13366,133.66000000002342,0.9999950665611718
13367,133.6700000000234,0.999995073341124
13368,133.6800000000234,0.9999950801133682
13369,133.6900000000234,0.9999950868779109
13370,133.70000000002338,0.9999950936347582
13371,133.71000000002337,0.9999951003839167
13372,133.72000000002336,0.9999951071253925
13373,133.73000000002335,0.9999951138591919
13374,133.74000000002334,0.9999951205853214
13375,133.75000000002333,0.9999951273037871
13376,133.76000000002333,0.9999951340145956
13377,133.77000000002332,0.999995140717753
13378,133.7800000000233,0.9999951474132657
13379,133.7900000000233,0.9999951541011399
13380,133.8000000000233,0.999995160781382
13381,133.81000000002328,0.9999951674539983
13382,133.82000000002327,0.9999951741189951
13383,133.83000000002326,0.9999951807763787
13384,133.84000000002325,0.9999951874261553
13385,133.85000000002324,0.9999951940683315
13386,133.86000000002323,0.9999952007029133
13387,133.87000000002323,0.999995207329907
13388,133.88000000002322,0.999995213949319
13389,133.8900000000232,0.9999952205611556
13390,133.9000000000232,0.9999952271654231
13391,133.9100000000232,0.9999952337621277
13392,133.92000000002318,0.9999952403512758
13393,133.93000000002317,0.9999952469328736
13394,133.94000000002316,0.9999952535069273
13395,133.95000000002315,0.9999952600734433
13396,133.96000000002314,0.9999952666324279
13397,133.97000000002313,0.9999952731838873
13398,133.98000000002313,0.9999952797278278
13399,133.99000000002312,0.9999952862642556
13400,134.0000000000231,0.999995292793177
13401,134.0100000000231,0.9999952993145984
13402,134.0200000000231,0.9999953058285259
13403,134.03000000002308,0.9999953123349659
13404,134.04000000002307,0.9999953188339245
13405,134.05000000002306,0.999995325325408
13406,134.06000000002305,0.9999953318094228
13407,134.07000000002304,0.999995338285975
13408,134.08000000002303,0.9999953447550708
13409,134.09000000002302,0.9999953512167167
13410,134.10000000002302,0.9999953576709187
13411,134.110000000023,0.9999953641176832
13412,134.120000000023,0.9999953705570164
13413,134.130000000023,0.9999953769889244
13414,134.14000000002298,0.9999953834134137
13415,134.15000000002297,0.9999953898304903
13416,134.16000000002296,0.9999953962401605
13417,134.17000000002295,0.9999954026424307
13418,134.18000000002294,0.999995409037307
13419,134.19000000002293,0.9999954154247955
13420,134.20000000002292,0.9999954218049026
13421,134.21000000002292,0.9999954281776345
13422,134.2200000000229,0.9999954345429974
13423,134.2300000000229,0.9999954409009976
13424,134.2400000000229,0.999995447251641
13425,134.25000000002288,0.9999954535949342
13426,134.26000000002287,0.9999954599308833
13427,134.27000000002286,0.9999954662594944
13428,134.28000000002285,0.9999954725807738
13429,134.29000000002284,0.9999954788947277
13430,134.30000000002283,0.9999954852013623
13431,134.31000000002282,0.9999954915006838
13432,134.32000000002282,0.9999954977926985
13433,134.3300000000228,0.9999955040774123
13434,134.3400000000228,0.9999955103548317
13435,134.3500000000228,0.9999955166249628
13436,134.36000000002278,0.9999955228878117
13437,134.37000000002277,0.9999955291433847
13438,134.38000000002276,0.9999955353916881
13439,134.39000000002275,0.9999955416327277
13440,134.40000000002274,0.9999955478665101
13441,134.41000000002273,0.9999955540930413
13442,134.42000000002272,0.9999955603123274
13443,134.43000000002272,0.9999955665243747
13444,134.4400000000227,0.9999955727291894
13445,134.4500000000227,0.9999955789267775
13446,134.4600000000227,0.9999955851171454
13447,134.47000000002268,0.999995591300299
13448,134.48000000002267,0.9999955974762448
13449,134.49000000002266,0.9999956036449886
13450,134.50000000002265,0.9999956098065368
13451,134.51000000002264,0.9999956159608956
13452,134.52000000002263,0.9999956221080709
13453,134.53000000002262,0.9999956282480691
13454,134.54000000002262,0.9999956343808962
13455,134.5500000000226,0.9999956405065584
13456,134.5600000000226,0.9999956466250619
13457,134.5700000000226,0.9999956527364129
13458,134.58000000002258,0.9999956588406173
13459,134.59000000002257,0.9999956649376814
13460,134.60000000002256,0.9999956710276114
13461,134.61000000002255,0.9999956771104134
13462,134.62000000002254,0.9999956831860933
13463,134.63000000002253,0.9999956892546576
13464,134.64000000002252,0.9999956953161123
13465,134.65000000002252,0.9999957013704635
13466,134.6600000000225,0.9999957074177172
13467,134.6700000000225,0.9999957134578796
13468,134.6800000000225,0.999995719490957
13469,134.69000000002248,0.9999957255169553
13470,134.70000000002247,0.9999957315358807
13471,134.71000000002246,0.9999957375477393
13472,134.72000000002245,0.9999957435525373
13473,134.73000000002244,0.9999957495502806
13474,134.74000000002243,0.9999957555409755
13475,134.75000000002242,0.9999957615246281
13476,134.76000000002242,0.9999957675012444
13477,134.7700000000224,0.9999957734708306
13478,134.7800000000224,0.9999957794333927
13479,134.7900000000224,0.9999957853889369
13480,134.80000000002238,0.9999957913374691
13481,134.81000000002237,0.9999957972789956
13482,134.82000000002236,0.9999958032135224
13483,134.83000000002235,0.9999958091410556
13484,134.84000000002234,0.9999958150616013
13485,134.85000000002233,0.9999958209751656
13486,134.86000000002232,0.9999958268817545
13487,134.87000000002232,0.9999958327813742
13488,134.8800000000223,0.9999958386740306
13489,134.8900000000223,0.99999584455973
13490,134.9000000000223,0.9999958504384783
13491,134.91000000002228,0.9999958563102815
13492,134.92000000002227,0.9999958621751459
13493,134.93000000002226,0.9999958680330774
13494,134.94000000002225,0.9999958738840822
13495,134.95000000002224,0.9999958797281661
13496,134.96000000002223,0.9999958855653354
13497,134.97000000002222,0.9999958913955961
13498,134.98000000002222,0.9999958972189542
13499,134.9900000000222,0.9999959030354157
13500,135.0000000000222,0.9999959088449868
13501,135.0100000000222,0.9999959146476735
13502,135.02000000002218,0.9999959204434817
13503,135.03000000002217,0.9999959262324177
13504,135.04000000002216,0.9999959320144873
13505,135.05000000002215,0.9999959377896966
13506,135.06000000002214,0.9999959435580517
13507,135.07000000002213,0.9999959493195586
13508,135.08000000002212,0.9999959550742232
13509,135.09000000002212,0.9999959608220518
13510,135.1000000000221,0.9999959665630501
13511,135.1100000000221,0.9999959722972245
13512,135.1200000000221,0.9999959780245806
13513,135.13000000002208,0.9999959837451248
13514,135.14000000002207,0.9999959894588628
13515,135.15000000002206,0.9999959951658007
13516,135.16000000002205,0.9999960008659446
13517,135.17000000002204,0.9999960065593005
13518,135.18000000002203,0.9999960122458744
13519,135.19000000002202,0.9999960179256723
13520,135.20000000002202,0.9999960235987
13521,135.210000000022,0.9999960292649638
13522,135.220000000022,0.9999960349244695
13523,135.230000000022,0.9999960405772231
13524,135.24000000002198,0.9999960462232308
13525,135.25000000002197,0.9999960518624983
13526,135.26000000002196,0.9999960574950317
13527,135.27000000002195,0.9999960631208371
13528,135.28000000002194,0.9999960687399203
13529,135.29000000002193,0.9999960743522874
13530,135.30000000002192,0.9999960799579443
13531,135.31000000002192,0.999996085556897
13532,135.3200000000219,0.9999960911491514
13533,135.3300000000219,0.9999960967347137
13534,135.3400000000219,0.9999961023135896
13535,135.35000000002188,0.9999961078857852
13536,135.36000000002187,0.9999961134513065
13537,135.37000000002186,0.9999961190101593
13538,135.38000000002185,0.9999961245623495
13539,135.39000000002184,0.9999961301078835
13540,135.40000000002183,0.9999961356467667
13541,135.41000000002182,0.9999961411790054
13542,135.42000000002182,0.9999961467046055
13543,135.4300000000218,0.9999961522235727
13544,135.4400000000218,0.9999961577359133
13545,135.4500000000218,0.999996163241633
13546,135.46000000002178,0.9999961687407378
13547,135.47000000002177,0.9999961742332336
13548,135.48000000002176,0.9999961797191265
13549,135.49000000002175,0.9999961851984221
13550,135.50000000002174,0.9999961906711267
13551,135.51000000002173,0.9999961961372459
13552,135.52000000002172,0.9999962015967858
13553,135.53000000002172,0.9999962070497523
13554,135.5400000000217,0.9999962124961513
13555,135.5500000000217,0.9999962179359887
13556,135.5600000000217,0.9999962233692704
13557,135.57000000002168,0.9999962287960024
13558,135.58000000002167,0.9999962342161904
13559,135.59000000002166,0.9999962396298406
13560,135.60000000002165,0.9999962450369587
13561,135.61000000002164,0.9999962504375506
13562,135.62000000002163,0.9999962558316222
13563,135.63000000002162,0.9999962612191795
13564,135.64000000002162,0.9999962666002283
13565,135.6500000000216,0.9999962719747745
13566,135.6600000000216,0.999996277342824
13567,135.6700000000216,0.9999962827043827
13568,135.68000000002158,0.9999962880594564
13569,135.69000000002157,0.9999962934080511
13570,135.70000000002156,0.9999962987501726
13571,135.71000000002155,0.9999963040858267
13572,135.72000000002154,0.9999963094150195
13573,135.73000000002153,0.9999963147377566
13574,135.74000000002152,0.999996320054044
13575,135.75000000002152,0.9999963253638876
13576,135.7600000000215,0.9999963306672932
13577,135.7700000000215,0.9999963359642667
13578,135.7800000000215,0.999996341254814
13579,135.79000000002148,0.9999963465389407
13580,135.80000000002147,0.9999963518166529
13581,135.81000000002146,0.9999963570879564
13582,135.82000000002145,0.9999963623528569
13583,135.83000000002144,0.9999963676113606
13584,135.84000000002143,0.9999963728634729
13585,135.85000000002142,0.9999963781092
13586,135.86000000002142,0.9999963833485475
13587,135.8700000000214,0.9999963885815212
13588,135.8800000000214,0.9999963938081271
13589,135.8900000000214,0.999996399028371
13590,135.90000000002138,0.9999964042422587
13591,135.91000000002137,0.999996409449796
13592,135.92000000002136,0.9999964146509888
13593,135.93000000002135,0.9999964198458426
13594,135.94000000002134,0.9999964250343637
13595,135.95000000002133,0.9999964302165576
13596,135.96000000002132,0.9999964353924302
13597,135.97000000002132,0.9999964405619872
13598,135.9800000000213,0.9999964457252346
13599,135.9900000000213,0.999996450882178
13600,136.0000000000213,0.9999964560328234
13601,136.01000000002128,0.9999964611771763
13602,136.02000000002127,0.9999964663152429
13603,136.03000000002126,0.9999964714470286
13604,136.04000000002125,0.9999964765725394
13605,136.05000000002124,0.9999964816917811
13606,136.06000000002123,0.9999964868047594
13607,136.07000000002122,0.9999964919114801
13608,136.08000000002122,0.9999964970119489
13609,136.0900000000212,0.9999965021061717
13610,136.1000000000212,0.9999965071941543
13611,136.1100000000212,0.9999965122759024
13612,136.12000000002118,0.9999965173514217
13613,136.13000000002117,0.9999965224207181
13614,136.14000000002116,0.9999965274837972
13615,136.15000000002115,0.9999965325406649
13616,136.16000000002114,0.9999965375913269
13617,136.17000000002113,0.999996542635789
13618,136.18000000002112,0.9999965476740568
13619,136.19000000002112,0.9999965527061362
13620,136.2000000000211,0.999996557732033
13621,136.2100000000211,0.9999965627517527
13622,136.2200000000211,0.9999965677653013
13623,136.23000000002108,0.9999965727726844
13624,136.24000000002107,0.9999965777739077
13625,136.25000000002106,0.9999965827689771
13626,136.26000000002105,0.9999965877578981
13627,136.27000000002104,0.9999965927406766
13628,136.28000000002103,0.9999965977173183
13629,136.29000000002102,0.9999966026878289
13630,136.30000000002102,0.999996607652214
13631,136.310000000021,0.9999966126104796
13632,136.320000000021,0.9999966175626311
13633,136.330000000021,0.9999966225086744
13634,136.34000000002098,0.9999966274486152
13635,136.35000000002097,0.9999966323824591
13636,136.36000000002096,0.9999966373102119
13637,136.37000000002095,0.9999966422318793
13638,136.38000000002094,0.9999966471474669
13639,136.39000000002093,0.9999966520569805
13640,136.40000000002092,0.9999966569604258
13641,136.41000000002091,0.9999966618578084
13642,136.4200000000209,0.999996666749134
13643,136.4300000000209,0.9999966716344084
13644,136.4400000000209,0.9999966765136371
13645,136.45000000002088,0.999996681386826
13646,136.46000000002087,0.9999966862539805
13647,136.47000000002086,0.9999966911151065
13648,136.48000000002085,0.9999966959702096
13649,136.49000000002084,0.9999967008192954
13650,136.50000000002083,0.9999967056623696
13651,136.51000000002082,0.999996710499438
13652,136.52000000002081,0.999996715330506
13653,136.5300000000208,0.9999967201555796
13654,136.5400000000208,0.9999967249746641
13655,136.5500000000208,0.9999967297877653
13656,136.56000000002078,0.999996734594889
13657,136.57000000002077,0.9999967393960406
13658,136.58000000002076,0.9999967441912259
13659,136.59000000002075,0.9999967489804504
13660,136.60000000002074,0.9999967537637199
13661,136.61000000002073,0.9999967585410399
13662,136.62000000002072,0.999996763312416
13663,136.63000000002071,0.9999967680778541
13664,136.6400000000207,0.9999967728373595
13665,136.6500000000207,0.9999967775909381
13666,136.6600000000207,0.9999967823385953
13667,136.67000000002068,0.9999967870803368
13668,136.68000000002067,0.9999967918161683
13669,136.69000000002066,0.9999967965460953
13670,136.70000000002065,0.9999968012701234
13671,136.71000000002064,0.9999968059882582
13672,136.72000000002063,0.9999968107005055
13673,136.73000000002062,0.9999968154068707
13674,136.74000000002061,0.9999968201073594
13675,136.7500000000206,0.9999968248019773
13676,136.7600000000206,0.99999682949073
13677,136.7700000000206,0.999996834173623
13678,136.78000000002058,0.9999968388506618
13679,136.79000000002057,0.9999968435218523
13680,136.80000000002056,0.9999968481871997
13681,136.81000000002055,0.9999968528467098
13682,136.82000000002054,0.9999968575003882
13683,136.83000000002053,0.9999968621482405
13684,136.84000000002052,0.9999968667902721
13685,136.85000000002051,0.9999968714264886
13686,136.8600000000205,0.9999968760568958
13687,136.8700000000205,0.999996880681499
13688,136.8800000000205,0.9999968853003037
13689,136.89000000002048,0.9999968899133158
13690,136.90000000002047,0.9999968945205405
13691,136.91000000002046,0.9999968991219836
13692,136.92000000002045,0.9999969037176506
13693,136.93000000002044,0.999996908307547
13694,136.94000000002043,0.9999969128916782
13695,136.95000000002042,0.99999691747005
13696,136.96000000002041,0.9999969220426678
13697,136.9700000000204,0.9999969266095371
13698,136.9800000000204,0.9999969311706636
13699,136.9900000000204,0.9999969357260526
13700,137.00000000002038,0.9999969402757098
13701,137.01000000002037,0.9999969448196406
13702,137.02000000002036,0.9999969493578507
13703,137.03000000002035,0.9999969538903454
13704,137.04000000002034,0.9999969584171303
13705,137.05000000002033,0.999996962938211
13706,137.06000000002032,0.999996967453593
13707,137.07000000002031,0.9999969719632816
13708,137.0800000000203,0.9999969764672826
13709,137.0900000000203,0.9999969809656012
13710,137.1000000000203,0.9999969854582431
13711,137.11000000002028,0.9999969899452137
13712,137.12000000002027,0.9999969944265186
13713,137.13000000002026,0.9999969989021632
13714,137.14000000002025,0.9999970033721529
13715,137.15000000002024,0.9999970078364935
13716,137.16000000002023,0.9999970122951901
13717,137.17000000002022,0.9999970167482484
13718,137.18000000002021,0.9999970211956738
13719,137.1900000000202,0.9999970256374718
13720,137.2000000000202,0.9999970300736478
13721,137.2100000000202,0.9999970345042074
13722,137.22000000002018,0.999997038929156
13723,137.23000000002017,0.999997043348499
13724,137.24000000002016,0.999997047762242
13725,137.25000000002015,0.9999970521703904
13726,137.26000000002014,0.9999970565729495
13727,137.27000000002013,0.9999970609699248
13728,137.28000000002012,0.9999970653613219
13729,137.29000000002011,0.9999970697471462
13730,137.3000000000201,0.999997074127403
13731,137.3100000000201,0.9999970785020978
13732,137.3200000000201,0.9999970828712362
13733,137.33000000002008,0.9999970872348234
13734,137.34000000002007,0.999997091592865
13735,137.35000000002006,0.9999970959453662
13736,137.36000000002005,0.9999971002923327
13737,137.37000000002004,0.9999971046337698
13738,137.38000000002003,0.9999971089696829
13739,137.39000000002002,0.9999971133000773
13740,137.40000000002001,0.9999971176249587
13741,137.41000000002,0.9999971219443322
13742,137.42000000002,0.9999971262582035
13743,137.43000000002,0.9999971305665778
13744,137.44000000001998,0.9999971348694605
13745,137.45000000001997,0.9999971391668571
13746,137.46000000001996,0.9999971434587729
13747,137.47000000001995,0.9999971477452133
13748,137.48000000001994,0.9999971520261838
13749,137.49000000001993,0.9999971563016896
13750,137.50000000001992,0.9999971605717363
13751,137.51000000001991,0.999997164836329
13752,137.5200000000199,0.9999971690954734
13753,137.5300000000199,0.9999971733491747
13754,137.5400000000199,0.9999971775974383
13755,137.55000000001988,0.9999971818402695
13756,137.56000000001987,0.9999971860776737
13757,137.57000000001986,0.9999971903096564
13758,137.58000000001985,0.9999971945362227
13759,137.59000000001984,0.9999971987573782
13760,137.60000000001983,0.9999972029731281
13761,137.61000000001982,0.9999972071834778
13762,137.62000000001981,0.9999972113884327
13763,137.6300000000198,0.9999972155879979
13764,137.6400000000198,0.9999972197821791
13765,137.6500000000198,0.9999972239709815
13766,137.66000000001978,0.9999972281544103
13767,137.67000000001977,0.999997232332471
13768,137.68000000001976,0.9999972365051688
13769,137.69000000001975,0.9999972406725091
13770,137.70000000001974,0.9999972448344973
13771,137.71000000001973,0.9999972489911385
13772,137.72000000001972,0.9999972531424383
13773,137.73000000001971,0.9999972572884017
13774,137.7400000000197,0.9999972614290343
13775,137.7500000000197,0.9999972655643412
13776,137.7600000000197,0.9999972696943279
13777,137.77000000001968,0.9999972738189995
13778,137.78000000001967,0.9999972779383615
13779,137.79000000001966,0.999997282052419
13780,137.80000000001965,0.9999972861611774
13781,137.81000000001964,0.999997290264642
13782,137.82000000001963,0.999997294362818
13783,137.83000000001962,0.9999972984557108
13784,137.84000000001961,0.9999973025433258
13785,137.8500000000196,0.9999973066256679
13786,137.8600000000196,0.9999973107027427
13787,137.8700000000196,0.9999973147745552
13788,137.88000000001958,0.999997318841111
13789,137.89000000001957,0.999997322902415
13790,137.90000000001956,0.9999973269584729
13791,137.91000000001955,0.9999973310092896
13792,137.92000000001954,0.9999973350548704
13793,137.93000000001953,0.9999973390952208
13794,137.94000000001952,0.9999973431303458
13795,137.95000000001951,0.9999973471602508
13796,137.9600000000195,0.9999973511849409
13797,137.9700000000195,0.9999973552044215
13798,137.9800000000195,0.9999973592186977
13799,137.99000000001948,0.9999973632277748
13800,138.00000000001947,0.9999973672316581
13801,138.01000000001946,0.9999973712303527
13802,138.02000000001945,0.9999973752238639
13803,138.03000000001944,0.999997379212197
13804,138.04000000001943,0.9999973831953571
13805,138.05000000001942,0.9999973871733495
13806,138.06000000001941,0.9999973911461794
13807,138.0700000000194,0.9999973951138519
13808,138.0800000000194,0.9999973990763723
13809,138.0900000000194,0.9999974030337458
13810,138.10000000001938,0.9999974069859777
13811,138.11000000001937,0.9999974109330731
13812,138.12000000001936,0.9999974148750372
13813,138.13000000001935,0.9999974188118752
13814,138.14000000001934,0.9999974227435923
13815,138.15000000001933,0.9999974266701938
13816,138.16000000001932,0.9999974305916846
13817,138.17000000001931,0.9999974345080701
13818,138.1800000000193,0.9999974384193555
13819,138.1900000000193,0.9999974423255459
13820,138.2000000000193,0.9999974462266465
13821,138.21000000001928,0.9999974501226624
13822,138.22000000001927,0.999997454013599
13823,138.23000000001926,0.999997457899461
13824,138.24000000001925,0.9999974617802542
13825,138.25000000001924,0.9999974656559831
13826,138.26000000001923,0.9999974695266534
13827,138.27000000001922,0.99999747339227
13828,138.28000000001921,0.9999974772528379
13829,138.2900000000192,0.9999974811083626
13830,138.3000000000192,0.999997484958849
13831,138.3100000000192,0.9999974888043023
13832,138.32000000001918,0.9999974926447276
13833,138.33000000001917,0.9999974964801301
13834,138.34000000001916,0.9999975003105149
13835,138.35000000001915,0.9999975041358873
13836,138.36000000001914,0.9999975079562521
13837,138.37000000001913,0.9999975117716146
13838,138.38000000001912,0.9999975155819799
13839,138.3900000000191,0.9999975193873532
13840,138.4000000000191,0.9999975231877395
13841,138.4100000000191,0.9999975269831439
13842,138.4200000000191,0.9999975307735716
13843,138.43000000001908,0.9999975345590276
13844,138.44000000001907,0.9999975383395171
13845,138.45000000001906,0.9999975421150451
13846,138.46000000001905,0.9999975458856168
13847,138.47000000001904,0.9999975496512372
13848,138.48000000001903,0.9999975534119115
13849,138.49000000001902,0.9999975571676447
13850,138.500000000019,0.9999975609184418
13851,138.510000000019,0.9999975646643081
13852,138.520000000019,0.9999975684052486
13853,138.530000000019,0.9999975721412682
13854,138.54000000001898,0.9999975758723721
13855,138.55000000001897,0.9999975795985654
13856,138.56000000001896,0.9999975833198532
13857,138.57000000001895,0.9999975870362404
13858,138.58000000001894,0.9999975907477322
13859,138.59000000001893,0.9999975944543336
13860,138.60000000001892,0.9999975981560496
13861,138.6100000000189,0.9999976018528853
13862,138.6200000000189,0.9999976055448458
13863,138.6300000000189,0.9999976092319361
13864,138.6400000000189,0.9999976129141612
13865,138.65000000001888,0.9999976165915263
13866,138.66000000001887,0.9999976202640362
13867,138.67000000001886,0.999997623931696
13868,138.68000000001885,0.9999976275945108
13869,138.69000000001884,0.9999976312524856
13870,138.70000000001883,0.9999976349056254
13871,138.71000000001882,0.9999976385539352
13872,138.7200000000188,0.9999976421974202
13873,138.7300000000188,0.999997645836085
13874,138.7400000000188,0.999997649469935
13875,138.7500000000188,0.999997653098975
13876,138.76000000001878,0.9999976567232102
13877,138.77000000001877,0.9999976603426454
13878,138.78000000001876,0.9999976639572856
13879,138.79000000001875,0.9999976675671359
13880,138.80000000001874,0.9999976711722013
13881,138.81000000001873,0.9999976747724867
13882,138.82000000001872,0.9999976783679971
13883,138.8300000000187,0.9999976819587375
13884,138.8400000000187,0.9999976855447129
13885,138.8500000000187,0.9999976891259283
13886,138.8600000000187,0.9999976927023886
13887,138.87000000001868,0.9999976962740987
13888,138.88000000001867,0.9999976998410638
13889,138.89000000001866,0.9999977034032888
13890,138.90000000001865,0.9999977069607784
13891,138.91000000001864,0.9999977105135377
13892,138.92000000001863,0.9999977140615718
13893,138.93000000001862,0.9999977176048855
13894,138.9400000000186,0.9999977211434838
13895,138.9500000000186,0.9999977246773717
13896,138.9600000000186,0.9999977282065541
13897,138.9700000000186,0.9999977317310358
13898,138.98000000001858,0.9999977352508218
13899,138.99000000001857,0.9999977387659172
13900,139.00000000001856,0.9999977422763268
13901,139.01000000001855,0.9999977457820555
13902,139.02000000001854,0.9999977492831081
13903,139.03000000001853,0.9999977527794899
13904,139.04000000001852,0.9999977562712055
13905,139.0500000000185,0.9999977597582599
13906,139.0600000000185,0.9999977632406579
13907,139.0700000000185,0.9999977667184047
13908,139.0800000000185,0.9999977701915049
13909,139.09000000001848,0.9999977736599636
13910,139.10000000001847,0.9999977771237856
13911,139.11000000001846,0.9999977805829757
13912,139.12000000001845,0.9999977840375389
13913,139.13000000001844,0.9999977874874802
13914,139.14000000001843,0.9999977909328044
13915,139.15000000001842,0.9999977943735162
13916,139.1600000000184,0.9999977978096207
13917,139.1700000000184,0.9999978012411228
13918,139.1800000000184,0.9999978046680271
13919,139.1900000000184,0.9999978080903388
13920,139.20000000001838,0.9999978115080626
13921,139.21000000001837,0.9999978149212033
13922,139.22000000001836,0.9999978183297659
13923,139.23000000001835,0.9999978217337551
13924,139.24000000001834,0.9999978251331759
13925,139.25000000001833,0.9999978285280331
13926,139.26000000001832,0.9999978319183315
13927,139.2700000000183,0.999997835304076
13928,139.2800000000183,0.9999978386852715
13929,139.2900000000183,0.9999978420619227
13930,139.3000000000183,0.9999978454340345
13931,139.31000000001828,0.9999978488016117
13932,139.32000000001827,0.9999978521646591
13933,139.33000000001826,0.9999978555231817
13934,139.34000000001825,0.9999978588771842
13935,139.35000000001824,0.9999978622266713
13936,139.36000000001823,0.999997865571648
13937,139.37000000001822,0.9999978689121191
13938,139.3800000000182,0.9999978722480892
13939,139.3900000000182,0.9999978755795634
13940,139.4000000000182,0.9999978789065463
13941,139.4100000000182,0.9999978822290428
13942,139.42000000001818,0.9999978855470577
13943,139.43000000001817,0.9999978888605957
13944,139.44000000001816,0.9999978921696617
13945,139.45000000001815,0.9999978954742604
13946,139.46000000001814,0.9999978987743966
13947,139.47000000001813,0.9999979020700751
13948,139.48000000001812,0.9999979053613007
13949,139.4900000000181,0.9999979086480781
13950,139.5000000000181,0.9999979119304122
13951,139.5100000000181,0.9999979152083076
13952,139.5200000000181,0.9999979184817692
13953,139.53000000001808,0.9999979217508017
13954,139.54000000001807,0.9999979250154098
13955,139.55000000001806,0.9999979282755984
13956,139.56000000001805,0.9999979315313722
13957,139.57000000001804,0.9999979347827359
13958,139.58000000001803,0.9999979380296943
13959,139.59000000001802,0.9999979412722521
13960,139.600000000018,0.999997944510414
13961,139.610000000018,0.9999979477441848
13962,139.620000000018,0.9999979509735694
13963,139.630000000018,0.9999979541985722
13964,139.64000000001798,0.9999979574191981
13965,139.65000000001797,0.9999979606354518
13966,139.66000000001796,0.999997963847338
13967,139.67000000001795,0.9999979670548615
13968,139.68000000001794,0.999997970258027
13969,139.69000000001793,0.999997973456839
13970,139.70000000001792,0.9999979766513025
13971,139.7100000000179,0.9999979798414221
13972,139.7200000000179,0.9999979830272024
13973,139.7300000000179,0.9999979862086483
13974,139.7400000000179,0.9999979893857643
13975,139.75000000001788,0.9999979925585553
13976,139.76000000001787,0.9999979957270257
13977,139.77000000001786,0.9999979988911804
13978,139.78000000001785,0.999998002051024
13979,139.79000000001784,0.9999980052065612
13980,139.80000000001783,0.9999980083577967
13981,139.81000000001782,0.9999980115047352
13982,139.8200000000178,0.9999980146473813
13983,139.8300000000178,0.9999980177857396
13984,139.8400000000178,0.9999980209198149
13985,139.8500000000178,0.9999980240496119
13986,139.86000000001778,0.9999980271751351
13987,139.87000000001777,0.9999980302963892
13988,139.88000000001776,0.999998033413379
13989,139.89000000001775,0.999998036526109
13990,139.90000000001774,0.9999980396345838
13991,139.91000000001773,0.999998042738808
13992,139.92000000001772,0.9999980458387865
13993,139.9300000000177,0.9999980489345237
13994,139.9400000000177,0.9999980520260244
13995,139.9500000000177,0.9999980551132931
13996,139.9600000000177,0.9999980581963345
13997,139.97000000001768,0.9999980612751531
13998,139.98000000001767,0.9999980643497537
13999,139.99000000001766,0.9999980674201407
14000,140.00000000001765,0.999998070486319
14001,140.01000000001764,0.9999980735482928
14002,140.02000000001763,0.9999980766060672
14003,140.03000000001762,0.9999980796596464
14004,140.0400000000176,0.9999980827090352
14005,140.0500000000176,0.9999980857542382
14006,140.0600000000176,0.9999980887952599
14007,140.0700000000176,0.9999980918321049
14008,140.08000000001758,0.9999980948647779
14009,140.09000000001757,0.9999980978932833
14010,140.10000000001756,0.9999981009176259
14011,140.11000000001755,0.99999810393781
14012,140.12000000001754,0.9999981069538404
14013,140.13000000001753,0.9999981099657216
14014,140.14000000001752,0.9999981129734582
14015,140.1500000000175,0.9999981159770548
14016,140.1600000000175,0.9999981189765158
14017,140.1700000000175,0.9999981219718459
14018,140.1800000000175,0.9999981249630495
14019,140.19000000001748,0.9999981279501314
14020,140.20000000001747,0.999998130933096
14021,140.21000000001746,0.9999981339119478
14022,140.22000000001745,0.9999981368866914
14023,140.23000000001744,0.9999981398573313
14024,140.24000000001743,0.9999981428238722
14025,140.25000000001742,0.9999981457863184
14026,140.2600000000174,0.9999981487446745
14027,140.2700000000174,0.9999981516989452
14028,140.2800000000174,0.9999981546491348
14029,140.2900000000174,0.9999981575952479
14030,140.30000000001738,0.9999981605372891
14031,140.31000000001737,0.9999981634752627
14032,140.32000000001736,0.9999981664091734
14033,140.33000000001735,0.9999981693390256
14034,140.34000000001734,0.9999981722648239
14035,140.35000000001733,0.9999981751865727
14036,140.36000000001732,0.9999981781042766
14037,140.3700000000173,0.99999818101794
14038,140.3800000000173,0.9999981839275676
14039,140.3900000000173,0.9999981868331635
14040,140.4000000000173,0.9999981897347325
14041,140.41000000001728,0.999998192632279
14042,140.42000000001727,0.9999981955258075
14043,140.43000000001726,0.9999981984153223
14044,140.44000000001725,0.9999982013008282
14045,140.45000000001724,0.9999982041823293
14046,140.46000000001723,0.9999982070598303
14047,140.47000000001722,0.9999982099333357
14048,140.4800000000172,0.9999982128028497
14049,140.4900000000172,0.9999982156683771
14050,140.5000000000172,0.999998218529922
14051,140.5100000000172,0.9999982213874892
14052,140.52000000001718,0.9999982242410828
14053,140.53000000001717,0.9999982270907075
14054,140.54000000001716,0.9999982299363676
14055,140.55000000001715,0.9999982327780675
14056,140.56000000001714,0.9999982356158119
14057,140.57000000001713,0.999998238449605
14058,140.58000000001712,0.9999982412794512
14059,140.5900000000171,0.9999982441053551
14060,140.6000000000171,0.999998246927321
14061,140.6100000000171,0.9999982497453532
14062,140.6200000000171,0.9999982525594564
14063,140.63000000001708,0.9999982553696347
14064,140.64000000001707,0.9999982581758928
14065,140.65000000001706,0.999998260978235
14066,140.66000000001705,0.9999982637766656
14067,140.67000000001704,0.9999982665711891
14068,140.68000000001703,0.9999982693618097
14069,140.69000000001702,0.9999982721485321
14070,140.700000000017,0.9999982749313605
14071,140.710000000017,0.9999982777102994
14072,140.720000000017,0.999998280485353
14073,140.730000000017,0.9999982832565258
14074,140.74000000001698,0.9999982860238222
14075,140.75000000001697,0.9999982887872466
14076,140.76000000001696,0.9999982915468032
14077,140.77000000001695,0.9999982943024965
14078,140.78000000001694,0.9999982970543309
14079,140.79000000001693,0.9999982998023106
14080,140.80000000001692,0.99999830254644
14081,140.8100000000169,0.9999983052867235
14082,140.8200000000169,0.9999983080231656
14083,140.8300000000169,0.9999983107557703
14084,140.8400000000169,0.9999983134845423
14085,140.85000000001688,0.9999983162094856
14086,140.86000000001687,0.9999983189306048
14087,140.87000000001686,0.9999983216479041
14088,140.88000000001685,0.9999983243613879
14089,140.89000000001684,0.9999983270710605
14090,140.90000000001683,0.9999983297769263
14091,140.91000000001682,0.9999983324789894
14092,140.9200000000168,0.9999983351772543
14093,140.9300000000168,0.9999983378717253
14094,140.9400000000168,0.9999983405624068
14095,140.9500000000168,0.9999983432493028
14096,140.96000000001678,0.9999983459324179
14097,140.97000000001677,0.9999983486117563
14098,140.98000000001676,0.9999983512873222
14099,140.99000000001675,0.9999983539591201
14100,141.00000000001674,0.9999983566271541
14101,141.01000000001673,0.9999983592914286
14102,141.02000000001672,0.9999983619519478
14103,141.0300000000167,0.999998364608716
14104,141.0400000000167,0.9999983672617377
14105,141.0500000000167,0.9999983699110169
14106,141.0600000000167,0.9999983725565579
14107,141.07000000001668,0.9999983751983651
14108,141.08000000001667,0.9999983778364426
14109,141.09000000001666,0.9999983804707948
14110,141.10000000001665,0.999998383101426
14111,141.11000000001664,0.9999983857283403
14112,141.12000000001663,0.999998388351542
14113,141.13000000001662,0.9999983909710354
14114,141.1400000000166,0.9999983935868247
14115,141.1500000000166,0.9999983961989142
14116,141.1600000000166,0.9999983988073081
14117,141.17000000001659,0.9999984014120106
14118,141.18000000001658,0.999998404013026
14119,141.19000000001657,0.9999984066103585
14120,141.20000000001656,0.9999984092040123
14121,141.21000000001655,0.9999984117939917
14122,141.22000000001654,0.9999984143803008
14123,141.23000000001653,0.999998416962944
14124,141.24000000001652,0.9999984195419253
14125,141.2500000000165,0.9999984221172491
14126,141.2600000000165,0.9999984246889194
14127,141.2700000000165,0.9999984272569407
14128,141.28000000001649,0.9999984298213168
14129,141.29000000001648,0.9999984323820523
14130,141.30000000001647,0.9999984349391512
14131,141.31000000001646,0.9999984374926176
14132,141.32000000001645,0.9999984400424559
14133,141.33000000001644,0.9999984425886701
14134,141.34000000001643,0.9999984451312646
14135,141.35000000001642,0.9999984476702434
14136,141.3600000000164,0.9999984502056106
14137,141.3700000000164,0.9999984527373705
14138,141.3800000000164,0.9999984552655274
14139,141.39000000001639,0.9999984577900852
14140,141.40000000001638,0.9999984603110483
14141,141.41000000001637,0.9999984628284208
14142,141.42000000001636,0.9999984653422066
14143,141.43000000001635,0.9999984678524101
14144,141.44000000001634,0.9999984703590354
14145,141.45000000001633,0.9999984728620868
14146,141.46000000001632,0.9999984753615682
14147,141.4700000000163,0.9999984778574837
14148,141.4800000000163,0.9999984803498378
14149,141.4900000000163,0.9999984828386342
14150,141.50000000001629,0.9999984853238775
14151,141.51000000001628,0.9999984878055713
14152,141.52000000001627,0.9999984902837201
14153,141.53000000001626,0.9999984927583279
14154,141.54000000001625,0.9999984952293988
14155,141.55000000001624,0.9999984976969369
14156,141.56000000001623,0.9999985001609464
14157,141.57000000001622,0.9999985026214313
14158,141.5800000000162,0.9999985050783958
14159,141.5900000000162,0.9999985075318439
14160,141.6000000000162,0.9999985099817799
14161,141.61000000001619,0.9999985124282076
14162,141.62000000001618,0.9999985148711313
14163,141.63000000001617,0.999998517310555
14164,141.64000000001616,0.9999985197464829
14165,141.65000000001615,0.9999985221789189
14166,141.66000000001614,0.9999985246078672
14167,141.67000000001613,0.9999985270333319
14168,141.68000000001612,0.999998529455317
14169,141.6900000000161,0.9999985318738266
14170,141.7000000000161,0.9999985342888648
14171,141.7100000000161,0.9999985367004355
14172,141.72000000001609,0.999998539108543
14173,141.73000000001608,0.9999985415131911
14174,141.74000000001607,0.9999985439143841
14175,141.75000000001606,0.9999985463121259
14176,141.76000000001605,0.9999985487064207
14177,141.77000000001604,0.9999985510972723
14178,141.78000000001603,0.9999985534846848
14179,141.79000000001602,0.9999985558686625
14180,141.800000000016,0.9999985582492091
14181,141.810000000016,0.9999985606263287
14182,141.820000000016,0.9999985630000255
14183,141.83000000001599,0.9999985653703035
14184,141.84000000001598,0.9999985677371666
14185,141.85000000001597,0.9999985701006188
14186,141.86000000001596,0.9999985724606641
14187,141.87000000001595,0.9999985748173067
14188,141.88000000001594,0.9999985771705505
14189,141.89000000001593,0.9999985795203995
14190,141.90000000001592,0.9999985818668576
14191,141.9100000000159,0.9999985842099289
14192,141.9200000000159,0.9999985865496175
14193,141.9300000000159,0.9999985888859272
14194,141.94000000001589,0.999998591218862
14195,141.95000000001588,0.9999985935484261
14196,141.96000000001587,0.9999985958746233
14197,141.97000000001586,0.9999985981974575
14198,141.98000000001585,0.9999986005169329
14199,141.99000000001584,0.9999986028330534
14200,142.00000000001583,0.9999986051458228
14201,142.01000000001582,0.9999986074552454
14202,142.0200000000158,0.9999986097613248
14203,142.0300000000158,0.9999986120640652
14204,142.0400000000158,0.9999986143634704
14205,142.05000000001579,0.9999986166595444
14206,142.06000000001578,0.9999986189522913
14207,142.07000000001577,0.9999986212417148
14208,142.08000000001576,0.9999986235278191
14209,142.09000000001575,0.9999986258106079
14210,142.10000000001574,0.9999986280900853
14211,142.11000000001573,0.9999986303662552
14212,142.12000000001572,0.9999986326391215
14213,142.1300000000157,0.9999986349086881
14214,142.1400000000157,0.9999986371749591
14215,142.1500000000157,0.9999986394379381
14216,142.16000000001569,0.9999986416976293
14217,142.17000000001568,0.9999986439540365
14218,142.18000000001567,0.9999986462071636
14219,142.19000000001566,0.9999986484570146
14220,142.20000000001565,0.9999986507035933
14221,142.21000000001564,0.9999986529469036
14222,142.22000000001563,0.9999986551869495
14223,142.23000000001562,0.9999986574237348
14224,142.2400000000156,0.9999986596572635
14225,142.2500000000156,0.9999986618875394
14226,142.2600000000156,0.9999986641145664
14227,142.27000000001559,0.9999986663383484
14228,142.28000000001558,0.9999986685588892
14229,142.29000000001557,0.9999986707761929
14230,142.30000000001556,0.999998672990263
14231,142.31000000001555,0.9999986752011037
14232,142.32000000001554,0.9999986774087187
14233,142.33000000001553,0.999998679613112
14234,142.34000000001552,0.9999986818142873
14235,142.3500000000155,0.9999986840122486
14236,142.3600000000155,0.9999986862069996
14237,142.3700000000155,0.9999986883985443
14238,142.38000000001549,0.9999986905868865
14239,142.39000000001548,0.99999869277203
14240,142.40000000001547,0.9999986949539786
14241,142.41000000001546,0.9999986971327364
14242,142.42000000001545,0.9999986993083069
14243,142.43000000001544,0.999998701480694
14244,142.44000000001543,0.9999987036499017
14245,142.45000000001542,0.9999987058159338
14246,142.4600000000154,0.999998707978794
14247,142.4700000000154,0.9999987101384861
14248,142.4800000000154,0.999998712295014
14249,142.49000000001539,0.9999987144483815
14250,142.50000000001538,0.9999987165985924
14251,142.51000000001537,0.9999987187456505
14252,142.52000000001536,0.9999987208895597
14253,142.53000000001535,0.9999987230303237
14254,142.54000000001534,0.9999987251679462
14255,142.55000000001533,0.9999987273024311
14256,142.56000000001532,0.9999987294337823
14257,142.5700000000153,0.9999987315620034
14258,142.5800000000153,0.9999987336870982
14259,142.5900000000153,0.9999987358090707
14260,142.60000000001529,0.9999987379279245
14261,142.61000000001528,0.9999987400436633
14262,142.62000000001527,0.9999987421562909
14263,142.63000000001526,0.9999987442658113
14264,142.64000000001525,0.9999987463722281
14265,142.65000000001524,0.9999987484755449
14266,142.66000000001523,0.9999987505757657
14267,142.67000000001522,0.9999987526728942
14268,142.6800000000152,0.999998754766934
14269,142.6900000000152,0.9999987568578891
14270,142.7000000000152,0.9999987589457631
14271,142.71000000001519,0.9999987610305596
14272,142.72000000001518,0.9999987631122826
14273,142.73000000001517,0.9999987651909358
14274,142.74000000001516,0.9999987672665228
14275,142.75000000001515,0.9999987693390474
14276,142.76000000001514,0.9999987714085133
14277,142.77000000001513,0.9999987734749243
14278,142.78000000001512,0.9999987755382841
14279,142.7900000000151,0.9999987775985962
14280,142.8000000000151,0.9999987796558646
14281,142.8100000000151,0.9999987817100929
14282,142.82000000001509,0.9999987837612848
14283,142.83000000001508,0.999998785809444
14284,142.84000000001507,0.9999987878545743
14285,142.85000000001506,0.9999987898966792
14286,142.86000000001505,0.9999987919357626
14287,142.87000000001504,0.999998793971828
14288,142.88000000001503,0.9999987960048793
14289,142.89000000001502,0.99999879803492
14290,142.900000000015,0.9999988000619537
14291,142.910000000015,0.9999988020859845
14292,142.920000000015,0.9999988041070157
14293,142.93000000001499,0.999998806125051
14294,142.94000000001498,0.9999988081400942
14295,142.95000000001497,0.999998810152149
14296,142.96000000001496,0.9999988121612189
14297,142.97000000001495,0.9999988141673075
14298,142.98000000001494,0.9999988161704187
14299,142.99000000001493,0.9999988181705561
14300,143.00000000001492,0.9999988201677233
14301,143.0100000000149,0.9999988221619239
14302,143.0200000000149,0.9999988241531617
14303,143.0300000000149,0.99999882614144
14304,143.04000000001489,0.9999988281267628
14305,143.05000000001488,0.9999988301091336
14306,143.06000000001487,0.999998832088556
14307,143.07000000001486,0.9999988340650336
14308,143.08000000001485,0.9999988360385702
14309,143.09000000001484,0.9999988380091692
14310,143.10000000001483,0.9999988399768344
14311,143.11000000001482,0.9999988419415693
14312,143.1200000000148,0.9999988439033776
14313,143.1300000000148,0.9999988458622627
14314,143.1400000000148,0.9999988478182285
14315,143.15000000001478,0.9999988497712784
14316,143.16000000001478,0.9999988517214161
14317,143.17000000001477,0.9999988536686452
14318,143.18000000001476,0.9999988556129692
14319,143.19000000001475,0.9999988575543918
14320,143.20000000001474,0.9999988594929164
14321,143.21000000001473,0.9999988614285469
14322,143.22000000001472,0.9999988633612865
14323,143.2300000000147,0.9999988652911391
14324,143.2400000000147,0.9999988672181082
14325,143.2500000000147,0.9999988691421972
14326,143.26000000001468,0.9999988710634098
14327,143.27000000001468,0.9999988729817496
14328,143.28000000001467,0.9999988748972201
14329,143.29000000001466,0.9999988768098248
14330,143.30000000001465,0.9999988787195674
14331,143.31000000001464,0.9999988806264514
14332,143.32000000001463,0.9999988825304803
14333,143.33000000001462,0.9999988844316576
14334,143.3400000000146,0.999998886329987
14335,143.3500000000146,0.999998888225472
14336,143.3600000000146,0.999998890118116
14337,143.37000000001458,0.9999988920079227
14338,143.38000000001458,0.9999988938948955
14339,143.39000000001457,0.999998895779038
14340,143.40000000001456,0.9999988976603537
14341,143.41000000001455,0.9999988995388461
14342,143.42000000001454,0.9999989014145189
14343,143.43000000001453,0.9999989032873753
14344,143.44000000001452,0.999998905157419
14345,143.4500000000145,0.9999989070246535
14346,143.4600000000145,0.9999989088890823
14347,143.4700000000145,0.9999989107507089
14348,143.48000000001448,0.9999989126095368
14349,143.49000000001448,0.9999989144655694
14350,143.50000000001447,0.9999989163188103
14351,143.51000000001446,0.999998918169263
14352,143.52000000001445,0.9999989200169309
14353,143.53000000001444,0.9999989218618176
14354,143.54000000001443,0.9999989237039265
14355,143.55000000001442,0.9999989255432611
14356,143.5600000000144,0.9999989273798249
14357,143.5700000000144,0.9999989292136212
14358,143.5800000000144,0.9999989310446538
14359,143.59000000001438,0.9999989328729258
14360,143.60000000001438,0.9999989346984409
14361,143.61000000001437,0.9999989365212025
14362,143.62000000001436,0.999998938341214
14363,143.63000000001435,0.9999989401584789
14364,143.64000000001434,0.9999989419730007
14365,143.65000000001433,0.9999989437847827
14366,143.66000000001432,0.9999989455938285
14367,143.6700000000143,0.9999989474001415
14368,143.6800000000143,0.9999989492037251
14369,143.6900000000143,0.9999989510045827
14370,143.70000000001428,0.9999989528027178
14371,143.71000000001428,0.9999989545981338
14372,143.72000000001427,0.9999989563908341
14373,143.73000000001426,0.9999989581808222
14374,143.74000000001425,0.9999989599681014
14375,143.75000000001424,0.9999989617526752
14376,143.76000000001423,0.999998963534547
14377,143.77000000001422,0.9999989653137202
14378,143.7800000000142,0.9999989670901982
14379,143.7900000000142,0.9999989688639844
14380,143.8000000000142,0.9999989706350821
14381,143.81000000001418,0.999998972403495
14382,143.82000000001418,0.9999989741692262
14383,143.83000000001417,0.9999989759322792
14384,143.84000000001416,0.9999989776926573
14385,143.85000000001415,0.9999989794503641
14386,143.86000000001414,0.9999989812054028
14387,143.87000000001413,0.9999989829577767
14388,143.88000000001412,0.9999989847074893
14389,143.8900000000141,0.999998986454544
14390,143.9000000000141,0.9999989881989442
14391,143.9100000000141,0.999998989940693
14392,143.92000000001408,0.9999989916797941
14393,143.93000000001408,0.9999989934162508
14394,143.94000000001407,0.9999989951500662
14395,143.95000000001406,0.9999989968812439
14396,143.96000000001405,0.9999989986097871
14397,143.97000000001404,0.9999990003356993
14398,143.98000000001403,0.9999990020589837
14399,143.99000000001402,0.9999990037796438
14400,144.000000000014,0.9999990054976827
14401,144.010000000014,0.999999007213104
14402,144.020000000014,0.9999990089259109
14403,144.03000000001398,0.9999990106361066
14404,144.04000000001398,0.9999990123436947
14405,144.05000000001397,0.9999990140486783
14406,144.06000000001396,0.9999990157510608
14407,144.07000000001395,0.9999990174508455
14408,144.08000000001394,0.9999990191480358
14409,144.09000000001393,0.9999990208426349
14410,144.10000000001392,0.9999990225346461
14411,144.1100000000139,0.9999990242240728
14412,144.1200000000139,0.9999990259109183
14413,144.1300000000139,0.9999990275951858
14414,144.14000000001388,0.9999990292768786
14415,144.15000000001388,0.999999030956
14416,144.16000000001387,0.9999990326325533
14417,144.17000000001386,0.9999990343065419
14418,144.18000000001385,0.9999990359779689
14419,144.19000000001384,0.9999990376468377
14420,144.20000000001383,0.9999990393131516
14421,144.21000000001382,0.9999990409769137
14422,144.2200000000138,0.9999990426381274
14423,144.2300000000138,0.9999990442967961
14424,144.2400000000138,0.9999990459529228
14425,144.25000000001378,0.9999990476065108
14426,144.26000000001378,0.9999990492575636
14427,144.27000000001377,0.9999990509060841
14428,144.28000000001376,0.9999990525520759
14429,144.29000000001375,0.999999054195542
14430,144.30000000001374,0.9999990558364857
14431,144.31000000001373,0.9999990574749104
14432,144.32000000001372,0.999999059110819
14433,144.3300000000137,0.9999990607442151
14434,144.3400000000137,0.9999990623751017
14435,144.3500000000137,0.9999990640034822
14436,144.36000000001368,0.9999990656293597
14437,144.37000000001368,0.9999990672527375
14438,144.38000000001367,0.9999990688736187
14439,144.39000000001366,0.9999990704920066
14440,144.40000000001365,0.9999990721079044
14441,144.41000000001364,0.9999990737213155
14442,144.42000000001363,0.9999990753322427
14443,144.43000000001362,0.9999990769406896
14444,144.4400000000136,0.9999990785466591
14445,144.4500000000136,0.9999990801501547
14446,144.4600000000136,0.9999990817511794
14447,144.47000000001358,0.9999990833497363
14448,144.48000000001358,0.9999990849458289
14449,144.49000000001357,0.9999990865394601
14450,144.50000000001356,0.9999990881306332
14451,144.51000000001355,0.9999990897193515
14452,144.52000000001354,0.9999990913056179
14453,144.53000000001353,0.9999990928894358
14454,144.54000000001352,0.9999990944708083
14455,144.5500000000135,0.9999990960497385
14456,144.5600000000135,0.9999990976262297
14457,144.5700000000135,0.999999099200285
14458,144.58000000001348,0.9999991007719076
14459,144.59000000001348,0.9999991023411005
14460,144.60000000001347,0.9999991039078671
14461,144.61000000001346,0.9999991054722103
14462,144.62000000001345,0.9999991070341334
14463,144.63000000001344,0.9999991085936396
14464,144.64000000001343,0.9999991101507318
14465,144.65000000001342,0.9999991117054134
14466,144.6600000000134,0.9999991132576875
14467,144.6700000000134,0.9999991148075571
14468,144.6800000000134,0.9999991163550254
14469,144.69000000001338,0.9999991179000955
14470,144.70000000001338,0.9999991194427705
14471,144.71000000001337,0.9999991209830537
14472,144.72000000001336,0.999999122520948
14473,144.73000000001335,0.9999991240564566
14474,144.74000000001334,0.9999991255895826
14475,144.75000000001333,0.9999991271203291
14476,144.76000000001332,0.9999991286486993
14477,144.7700000000133,0.9999991301746962
14478,144.7800000000133,0.999999131698323
14479,144.7900000000133,0.9999991332195827
14480,144.80000000001328,0.9999991347384783
14481,144.81000000001328,0.9999991362550131
14482,144.82000000001327,0.99999913776919
14483,144.83000000001326,0.9999991392810124
14484,144.84000000001325,0.9999991407904829
14485,144.85000000001324,0.999999142297605
14486,144.86000000001323,0.9999991438023816
14487,144.87000000001322,0.9999991453048158
14488,144.8800000000132,0.9999991468049106
14489,144.8900000000132,0.9999991483026692
14490,144.9000000000132,0.9999991497980947
14491,144.91000000001318,0.9999991512911899
14492,144.92000000001318,0.9999991527819581
14493,144.93000000001317,0.9999991542704021
14494,144.94000000001316,0.9999991557565252
14495,144.95000000001315,0.9999991572403305
14496,144.96000000001314,0.9999991587218208
14497,144.97000000001313,0.9999991602009992
14498,144.98000000001312,0.999999161677869
14499,144.9900000000131,0.9999991631524329
14500,145.0000000000131,0.999999164624694
14501,145.0100000000131,0.9999991660946554
14502,145.02000000001308,0.9999991675623203
14503,145.03000000001308,0.9999991690276915
14504,145.04000000001307,0.9999991704907719
14505,145.05000000001306,0.9999991719515648
14506,145.06000000001305,0.9999991734100733
14507,145.07000000001304,0.9999991748663
14508,145.08000000001303,0.9999991763202483
14509,145.09000000001302,0.9999991777719208
14510,145.100000000013,0.999999179221321
14511,145.110000000013,0.9999991806684515
14512,145.120000000013,0.9999991821133155
14513,145.13000000001298,0.9999991835559159
14514,145.14000000001298,0.9999991849962557
14515,145.15000000001297,0.999999186434338
14516,145.16000000001296,0.9999991878701657
14517,145.17000000001295,0.9999991893037419
14518,145.18000000001294,0.9999991907350693
14519,145.19000000001293,0.9999991921641511
14520,145.20000000001292,0.9999991935909903
14521,145.2100000000129,0.9999991950155898
14522,145.2200000000129,0.9999991964379524
14523,145.2300000000129,0.9999991978580814
14524,145.24000000001288,0.9999991992759796
14525,145.25000000001288,0.9999992006916499
14526,145.26000000001287,0.9999992021050953
14527,145.27000000001286,0.9999992035163189
14528,145.28000000001285,0.9999992049253233
14529,145.29000000001284,0.9999992063321119
14530,145.30000000001283,0.9999992077366873
14531,145.31000000001282,0.9999992091390526
14532,145.3200000000128,0.9999992105392106
14533,145.3300000000128,0.9999992119371645
14534,145.3400000000128,0.9999992133329169
14535,145.35000000001278,0.9999992147264709
14536,145.36000000001277,0.9999992161178295
14537,145.37000000001277,0.9999992175069956
14538,145.38000000001276,0.999999218893972
14539,145.39000000001275,0.9999992202787618
14540,145.40000000001274,0.9999992216613677
14541,145.41000000001273,0.9999992230417927
14542,145.42000000001272,0.9999992244200397
14543,145.4300000000127,0.9999992257961118
14544,145.4400000000127,0.9999992271700116
14545,145.4500000000127,0.9999992285417422
14546,145.46000000001268,0.9999992299113064
14547,145.47000000001267,0.9999992312787073
14548,145.48000000001267,0.9999992326439474
14549,145.49000000001266,0.99999923400703
14550,145.50000000001265,0.9999992353679577
14551,145.51000000001264,0.9999992367267335
14552,145.52000000001263,0.9999992380833603
14553,145.53000000001262,0.999999239437841
14554,145.5400000000126,0.9999992407901784
14555,145.5500000000126,0.9999992421403754
14556,145.5600000000126,0.9999992434884348
14557,145.57000000001258,0.9999992448343596
14558,145.58000000001257,0.9999992461781526
14559,145.59000000001257,0.9999992475198167
14560,145.60000000001256,0.9999992488593547
14561,145.61000000001255,0.9999992501967694
14562,145.62000000001254,0.9999992515320637
14563,145.63000000001253,0.9999992528652406
14564,145.64000000001252,0.9999992541963028
14565,145.6500000000125,0.999999255525253
14566,145.6600000000125,0.9999992568520945
14567,145.6700000000125,0.9999992581768296
14568,145.68000000001248,0.9999992594994614
14569,145.69000000001247,0.9999992608199928
14570,145.70000000001247,0.9999992621384265
14571,145.71000000001246,0.9999992634547653
14572,145.72000000001245,0.9999992647690122
14573,145.73000000001244,0.9999992660811698
14574,145.74000000001243,0.9999992673912411
14575,145.75000000001242,0.9999992686992288
14576,145.7600000000124,0.9999992700051358
14577,145.7700000000124,0.9999992713089648
14578,145.7800000000124,0.9999992726107187
14579,145.79000000001238,0.9999992739104003
14580,145.80000000001237,0.9999992752080124
14581,145.81000000001237,0.9999992765035577
14582,145.82000000001236,0.999999277797039
14583,145.83000000001235,0.9999992790884592
14584,145.84000000001234,0.999999280377821
14585,145.85000000001233,0.9999992816651273
14586,145.86000000001232,0.9999992829503808
14587,145.8700000000123,0.9999992842335843
14588,145.8800000000123,0.9999992855147405
14589,145.8900000000123,0.9999992867938523
14590,145.90000000001228,0.9999992880709224
14591,145.91000000001227,0.9999992893459536
14592,145.92000000001227,0.9999992906189487
14593,145.93000000001226,0.9999992918899102
14594,145.94000000001225,0.9999992931588413
14595,145.95000000001224,0.9999992944257444
14596,145.96000000001223,0.9999992956906224
14597,145.97000000001222,0.9999992969534781
14598,145.9800000000122,0.9999992982143141
14599,145.9900000000122,0.9999992994731333
14600,146.0000000000122,0.9999993007299383
14601,146.01000000001218,0.999999301984732
14602,146.02000000001217,0.999999303237517
14603,146.03000000001217,0.999999304488296
14604,146.04000000001216,0.9999993057370719
14605,146.05000000001215,0.9999993069838473
14606,146.06000000001214,0.999999308228625
14607,146.07000000001213,0.9999993094714077
14608,146.08000000001212,0.9999993107121982
14609,146.0900000000121,0.999999311950999
14610,146.1000000000121,0.999999313187813
14611,146.1100000000121,0.9999993144226428
14612,146.12000000001208,0.9999993156554912
14613,146.13000000001207,0.9999993168863609
14614,146.14000000001207,0.9999993181152546
14615,146.15000000001206,0.9999993193421749
14616,146.16000000001205,0.9999993205671246
14617,146.17000000001204,0.9999993217901064
14618,146.18000000001203,0.9999993230111229
14619,146.19000000001202,0.9999993242301769
14620,146.200000000012,0.999999325447271
14621,146.210000000012,0.999999326662408
14622,146.220000000012,0.9999993278755904
14623,146.23000000001198,0.9999993290868211
14624,146.24000000001197,0.9999993302961026
14625,146.25000000001197,0.9999993315034376
14626,146.26000000001196,0.9999993327088288
14627,146.27000000001195,0.9999993339122788
14628,146.28000000001194,0.9999993351137905
14629,146.29000000001193,0.9999993363133662
14630,146.30000000001192,0.9999993375110088
14631,146.3100000000119,0.999999338706721
14632,146.3200000000119,0.9999993399005053
14633,146.3300000000119,0.9999993410923643
14634,146.34000000001188,0.9999993422823009
14635,146.35000000001187,0.9999993434703175
14636,146.36000000001187,0.9999993446564169
14637,146.37000000001186,0.9999993458406017
14638,146.38000000001185,0.9999993470228745
14639,146.39000000001184,0.9999993482032379
14640,146.40000000001183,0.9999993493816945
14641,146.41000000001182,0.9999993505582472
14642,146.4200000000118,0.9999993517328983
14643,146.4300000000118,0.9999993529056506
14644,146.4400000000118,0.9999993540765066
14645,146.45000000001178,0.9999993552454691
14646,146.46000000001177,0.9999993564125406
14647,146.47000000001177,0.9999993575777236
14648,146.48000000001176,0.9999993587410209
14649,146.49000000001175,0.9999993599024349
14650,146.50000000001174,0.9999993610619685
14651,146.51000000001173,0.999999362219624
14652,146.52000000001172,0.9999993633754043
14653,146.5300000000117,0.9999993645293117
14654,146.5400000000117,0.999999365681349
14655,146.5500000000117,0.9999993668315186
14656,146.56000000001168,0.9999993679798231
14657,146.57000000001167,0.9999993691262653
14658,146.58000000001167,0.9999993702708476
14659,146.59000000001166,0.9999993714135728
14660,146.60000000001165,0.999999372554443
14661,146.61000000001164,0.9999993736934614
14662,146.62000000001163,0.99999937483063
14663,146.63000000001162,0.9999993759659517
14664,146.6400000000116,0.999999377099429
14665,146.6500000000116,0.9999993782310644
14666,146.6600000000116,0.9999993793608605
14667,146.67000000001158,0.9999993804888199
14668,146.68000000001157,0.9999993816149451
14669,146.69000000001157,0.9999993827392385
14670,146.70000000001156,0.999999383861703
14671,146.71000000001155,0.9999993849823409
14672,146.72000000001154,0.9999993861011547
14673,146.73000000001153,0.9999993872181471
14674,146.74000000001152,0.9999993883333206
14675,146.7500000000115,0.9999993894466777
14676,146.7600000000115,0.9999993905582208
14677,146.7700000000115,0.9999993916679527
14678,146.78000000001148,0.9999993927758757
14679,146.79000000001147,0.9999993938819924
14680,146.80000000001147,0.9999993949863054
14681,146.81000000001146,0.9999993960888172
14682,146.82000000001145,0.9999993971895301
14683,146.83000000001144,0.999999398288447
14684,146.84000000001143,0.9999993993855699
14685,146.85000000001142,0.9999994004809019
14686,146.8600000000114,0.9999994015744449
14687,146.8700000000114,0.9999994026662018
14688,146.8800000000114,0.999999403756175
14689,146.89000000001138,0.9999994048443671
14690,146.90000000001137,0.9999994059307804
14691,146.91000000001137,0.9999994070154175
14692,146.92000000001136,0.9999994080982807
14693,146.93000000001135,0.9999994091793728
14694,146.94000000001134,0.9999994102586961
14695,146.95000000001133,0.9999994113362531
14696,146.96000000001132,0.9999994124120463
14697,146.9700000000113,0.9999994134860781
14698,146.9800000000113,0.9999994145583512
14699,146.9900000000113,0.9999994156288677
14700,147.00000000001128,0.9999994166976304
14701,147.01000000001127,0.9999994177646415
14702,147.02000000001127,0.9999994188299037
14703,147.03000000001126,0.9999994198934193
14704,147.04000000001125,0.9999994209551908
14705,147.05000000001124,0.9999994220152206
14706,147.06000000001123,0.9999994230735113
14707,147.07000000001122,0.9999994241300653
14708,147.0800000000112,0.9999994251848849
14709,147.0900000000112,0.9999994262379727
14710,147.1000000000112,0.999999427289331
14711,147.11000000001118,0.9999994283389624
14712,147.12000000001117,0.9999994293868691
14713,147.13000000001117,0.9999994304330538
14714,147.14000000001116,0.9999994314775188
14715,147.15000000001115,0.9999994325202666
14716,147.16000000001114,0.9999994335612995
14717,147.17000000001113,0.9999994346006199
14718,147.18000000001112,0.9999994356382305
14719,147.1900000000111,0.9999994366741333
14720,147.2000000000111,0.999999437708331
14721,147.2100000000111,0.999999438740826
14722,147.22000000001108,0.9999994397716205
14723,147.23000000001107,0.9999994408007171
14724,147.24000000001107,0.9999994418281183
14725,147.25000000001106,0.9999994428538261
14726,147.26000000001105,0.9999994438778433
14727,147.27000000001104,0.9999994449001721
14728,147.28000000001103,0.999999445920815
14729,147.29000000001102,0.9999994469397743
14730,147.300000000011,0.9999994479570523
14731,147.310000000011,0.9999994489726516
14732,147.320000000011,0.9999994499865744
14733,147.33000000001098,0.9999994509988231
14734,147.34000000001097,0.9999994520094002
14735,147.35000000001097,0.9999994530183081
14736,147.36000000001096,0.9999994540255489
14737,147.37000000001095,0.9999994550311252
14738,147.38000000001094,0.9999994560350393
14739,147.39000000001093,0.9999994570372935
14740,147.40000000001092,0.9999994580378904
14741,147.4100000000109,0.999999459036832
14742,147.4200000000109,0.9999994600341209
14743,147.4300000000109,0.9999994610297593
14744,147.44000000001088,0.9999994620237497
14745,147.45000000001087,0.9999994630160944
14746,147.46000000001087,0.9999994640067957
14747,147.47000000001086,0.999999464995856
14748,147.48000000001085,0.9999994659832776
14749,147.49000000001084,0.9999994669690627
14750,147.50000000001083,0.9999994679532139
14751,147.51000000001082,0.9999994689357334
14752,147.5200000000108,0.9999994699166236
14753,147.5300000000108,0.9999994708958867
14754,147.5400000000108,0.999999471873525
14755,147.55000000001078,0.999999472849541
14756,147.56000000001077,0.999999473823937
14757,147.57000000001077,0.999999474796715
14758,147.58000000001076,0.9999994757678777
14759,147.59000000001075,0.9999994767374273
14760,147.60000000001074,0.999999477705366
14761,147.61000000001073,0.9999994786716961
14762,147.62000000001072,0.9999994796364201
14763,147.6300000000107,0.9999994805995401
14764,147.6400000000107,0.9999994815610586
14765,147.6500000000107,0.9999994825209776
14766,147.66000000001068,0.9999994834792996
14767,147.67000000001067,0.9999994844360268
14768,147.68000000001066,0.9999994853911617
14769,147.69000000001066,0.9999994863447063
14770,147.70000000001065,0.999999487296663
14771,147.71000000001064,0.9999994882470341
14772,147.72000000001063,0.9999994891958218
14773,147.73000000001062,0.9999994901430285
14774,147.7400000000106,0.9999994910886564
14775,147.7500000000106,0.9999994920327077
14776,147.7600000000106,0.9999994929751848
14777,147.77000000001058,0.9999994939160899
14778,147.78000000001057,0.9999994948554252
14779,147.79000000001056,0.999999495793193
14780,147.80000000001056,0.9999994967293957
14781,147.81000000001055,0.9999994976640353
14782,147.82000000001054,0.9999994985971142
14783,147.83000000001053,0.9999994995286348
14784,147.84000000001052,0.999999500458599
14785,147.8500000000105,0.9999995013870092
14786,147.8600000000105,0.9999995023138677
14787,147.8700000000105,0.9999995032391767
14788,147.88000000001048,0.9999995041629384
14789,147.89000000001047,0.9999995050851551
14790,147.90000000001046,0.999999506005829
14791,147.91000000001046,0.9999995069249623
14792,147.92000000001045,0.9999995078425572
14793,147.93000000001044,0.9999995087586161
14794,147.94000000001043,0.999999509673141
14795,147.95000000001042,0.9999995105861342
14796,147.9600000000104,0.9999995114975979
14797,147.9700000000104,0.9999995124075344
14798,147.9800000000104,0.9999995133159458
14799,147.99000000001038,0.9999995142228344
14800,148.00000000001037,0.9999995151282023
14801,148.01000000001036,0.9999995160320518
14802,148.02000000001036,0.999999516934385
14803,148.03000000001035,0.9999995178352042
14804,148.04000000001034,0.9999995187345116
14805,148.05000000001033,0.9999995196323093
14806,148.06000000001032,0.9999995205285995
14807,148.0700000000103,0.9999995214233846
14808,148.0800000000103,0.9999995223166664
14809,148.0900000000103,0.9999995232084473
14810,148.10000000001028,0.9999995240987296
14811,148.11000000001027,0.9999995249875152
14812,148.12000000001026,0.9999995258748066
14813,148.13000000001026,0.9999995267606057
14814,148.14000000001025,0.9999995276449147
14815,148.15000000001024,0.9999995285277359
14816,148.16000000001023,0.9999995294090713
14817,148.17000000001022,0.9999995302889233
14818,148.1800000000102,0.9999995311672939
14819,148.1900000000102,0.9999995320441852
14820,148.2000000000102,0.9999995329195995
14821,148.21000000001018,0.9999995337935388
14822,148.22000000001017,0.9999995346660054
14823,148.23000000001016,0.9999995355370014
14824,148.24000000001016,0.9999995364065288
14825,148.25000000001015,0.99999953727459
14826,148.26000000001014,0.999999538141187
14827,148.27000000001013,0.9999995390063219
14828,148.28000000001012,0.9999995398699969
14829,148.2900000000101,0.9999995407322141
14830,148.3000000000101,0.9999995415929757
14831,148.3100000000101,0.9999995424522836
14832,148.32000000001008,0.9999995433101403
14833,148.33000000001007,0.9999995441665476
14834,148.34000000001006,0.9999995450215078
14835,148.35000000001006,0.9999995458750229
14836,148.36000000001005,0.9999995467270951
14837,148.37000000001004,0.9999995475777265
14838,148.38000000001003,0.9999995484269192
14839,148.39000000001002,0.9999995492746752
14840,148.40000000001,0.9999995501209967
14841,148.41000000001,0.999999550965886
14842,148.42000000001,0.9999995518093449
14843,148.43000000000998,0.9999995526513755
14844,148.44000000000997,0.9999995534919802
14845,148.45000000000996,0.9999995543311608
14846,148.46000000000996,0.9999995551689195
14847,148.47000000000995,0.9999995560052584
14848,148.48000000000994,0.9999995568401795
14849,148.49000000000993,0.999999557673685
14850,148.50000000000992,0.9999995585057768
14851,148.5100000000099,0.9999995593364572
14852,148.5200000000099,0.9999995601657282
14853,148.5300000000099,0.9999995609935919
14854,148.54000000000988,0.9999995618200502
14855,148.55000000000987,0.9999995626451055
14856,148.56000000000986,0.9999995634687594
14857,148.57000000000986,0.9999995642910143
14858,148.58000000000985,0.9999995651118723
14859,148.59000000000984,0.9999995659313353
14860,148.60000000000983,0.9999995667494054
14861,148.61000000000982,0.9999995675660845
14862,148.6200000000098,0.9999995683813749
14863,148.6300000000098,0.9999995691952787
14864,148.6400000000098,0.9999995700077976
14865,148.65000000000978,0.999999570818934
14866,148.66000000000977,0.9999995716286897
14867,148.67000000000976,0.9999995724370668
14868,148.68000000000976,0.9999995732440674
14869,148.69000000000975,0.9999995740496935
14870,148.70000000000974,0.9999995748539472
14871,148.71000000000973,0.9999995756568304
14872,148.72000000000972,0.9999995764583453
14873,148.7300000000097,0.9999995772584936
14874,148.7400000000097,0.9999995780572777
14875,148.7500000000097,0.9999995788546994
14876,148.76000000000968,0.9999995796507608
14877,148.77000000000967,0.9999995804454639
14878,148.78000000000966,0.9999995812388106
14879,148.79000000000966,0.9999995820308031
14880,148.80000000000965,0.9999995828214433
14881,148.81000000000964,0.9999995836107333
14882,148.82000000000963,0.999999584398675
14883,148.83000000000962,0.9999995851852703
14884,148.8400000000096,0.9999995859705215
14885,148.8500000000096,0.9999995867544305
14886,148.8600000000096,0.999999587536999
14887,148.87000000000958,0.9999995883182293
14888,148.88000000000957,0.9999995890981234
14889,148.89000000000956,0.999999589876683
14890,148.90000000000956,0.9999995906539104
14891,148.91000000000955,0.9999995914298075
14892,148.92000000000954,0.9999995922043762
14893,148.93000000000953,0.9999995929776185
14894,148.94000000000952,0.9999995937495364
14895,148.9500000000095,0.9999995945201319
14896,148.9600000000095,0.9999995952894069
14897,148.9700000000095,0.9999995960573634
14898,148.98000000000948,0.9999995968240034
14899,148.99000000000947,0.9999995975893288
14900,149.00000000000946,0.9999995983533415
14901,149.01000000000946,0.9999995991160437
14902,149.02000000000945,0.9999995998774371
14903,149.03000000000944,0.9999996006375239
14904,149.04000000000943,0.9999996013963058
14905,149.05000000000942,0.9999996021537849
14906,149.0600000000094,0.9999996029099631
14907,149.0700000000094,0.9999996036648423
14908,149.0800000000094,0.9999996044184246
14909,149.09000000000938,0.9999996051707118
14910,149.10000000000937,0.9999996059217059
14911,149.11000000000936,0.9999996066714087
14912,149.12000000000936,0.9999996074198223
14913,149.13000000000935,0.9999996081669487
14914,149.14000000000934,0.9999996089127895
14915,149.15000000000933,0.9999996096573469
14916,149.16000000000932,0.9999996104006228
14917,149.1700000000093,0.999999611142619
14918,149.1800000000093,0.9999996118833375
14919,149.1900000000093,0.9999996126227803
14920,149.20000000000928,0.9999996133609491
14921,149.21000000000927,0.999999614097846
14922,149.22000000000926,0.9999996148334728
14923,149.23000000000926,0.9999996155678315
14924,149.24000000000925,0.9999996163009239
14925,149.25000000000924,0.999999617032752
14926,149.26000000000923,0.9999996177633176
14927,149.27000000000922,0.9999996184926228
14928,149.2800000000092,0.9999996192206692
14929,149.2900000000092,0.9999996199474589
14930,149.3000000000092,0.9999996206729937
14931,149.31000000000918,0.9999996213972756
14932,149.32000000000917,0.9999996221203064
14933,149.33000000000916,0.9999996228420879
14934,149.34000000000916,0.9999996235626222
14935,149.35000000000915,0.9999996242819109
14936,149.36000000000914,0.9999996249999562
14937,149.37000000000913,0.9999996257167597
14938,149.38000000000912,0.9999996264323234
14939,149.3900000000091,0.9999996271466493
14940,149.4000000000091,0.999999627859739
14941,149.4100000000091,0.9999996285715944
14942,149.42000000000908,0.9999996292822175
14943,149.43000000000907,0.9999996299916102
14944,149.44000000000906,0.9999996306997743
14945,149.45000000000906,0.9999996314067116
14946,149.46000000000905,0.9999996321124238
14947,149.47000000000904,0.9999996328169132
14948,149.48000000000903,0.9999996335201812
14949,149.49000000000902,0.9999996342222299
14950,149.500000000009,0.9999996349230611
14951,149.510000000009,0.9999996356226766
14952,149.520000000009,0.9999996363210782
14953,149.53000000000898,0.9999996370182679
14954,149.54000000000897,0.9999996377142474
14955,149.55000000000896,0.9999996384090186
14956,149.56000000000896,0.9999996391025833
14957,149.57000000000895,0.9999996397949433
14958,149.58000000000894,0.9999996404861005
14959,149.59000000000893,0.9999996411760567
14960,149.60000000000892,0.9999996418648136
14961,149.6100000000089,0.9999996425523733
14962,149.6200000000089,0.9999996432387374
14963,149.6300000000089,0.9999996439239076
14964,149.64000000000888,0.999999644607886
14965,149.65000000000887,0.9999996452906743
14966,149.66000000000886,0.9999996459722743
14967,149.67000000000886,0.9999996466526878
14968,149.68000000000885,0.9999996473319167
14969,149.69000000000884,0.9999996480099627
14970,149.70000000000883,0.9999996486868274
14971,149.71000000000882,0.9999996493625131
14972,149.7200000000088,0.9999996500370212
14973,149.7300000000088,0.9999996507103536
14974,149.7400000000088,0.999999651382512
14975,149.75000000000878,0.9999996520534984
14976,149.76000000000877,0.9999996527233145
14977,149.77000000000876,0.9999996533919621
14978,149.78000000000876,0.9999996540594428
14979,149.79000000000875,0.9999996547257586
14980,149.80000000000874,0.9999996553909112
14981,149.81000000000873,0.9999996560549023
14982,149.82000000000872,0.9999996567177338
14983,149.8300000000087,0.9999996573794074
14984,149.8400000000087,0.999999658039925
14985,149.8500000000087,0.9999996586992882
14986,149.86000000000868,0.9999996593574988
14987,149.87000000000867,0.9999996600145585
14988,149.88000000000866,0.9999996606704693
14989,149.89000000000865,0.9999996613252328
14990,149.90000000000865,0.9999996619788507
14991,149.91000000000864,0.9999996626313249
14992,149.92000000000863,0.999999663282657
14993,149.93000000000862,0.9999996639328488
14994,149.9400000000086,0.9999996645819021
14995,149.9500000000086,0.9999996652298186
14996,149.9600000000086,0.9999996658766002
14997,149.97000000000858,0.9999996665222484
14998,149.98000000000857,0.9999996671667649
14999,149.99000000000856,0.9999996678101517
15000,150.00000000000855,0.9999996684524104
15001,150.01000000000855,0.9999996690935428
15002,150.02000000000854,0.9999996697335505
15003,150.03000000000853,0.9999996703724353
15004,150.04000000000852,0.9999996710101989
15005,150.0500000000085,0.9999996716468431
15006,150.0600000000085,0.9999996722823695
15007,150.0700000000085,0.99999967291678
15008,150.08000000000848,0.9999996735500761
15009,150.09000000000847,0.9999996741822598
15010,150.10000000000846,0.9999996748133324
15011,150.11000000000845,0.999999675443296
15012,150.12000000000845,0.9999996760721521
15013,150.13000000000844,0.9999996766999025
15014,150.14000000000843,0.9999996773265488
15015,150.15000000000842,0.9999996779520929
15016,150.1600000000084,0.9999996785765363
15017,150.1700000000084,0.9999996791998806
15018,150.1800000000084,0.9999996798221279
15019,150.19000000000838,0.9999996804432796
15020,150.20000000000837,0.9999996810633374
15021,150.21000000000836,0.999999681682303
15022,150.22000000000835,0.9999996823001781
15023,150.23000000000835,0.9999996829169645
15024,150.24000000000834,0.9999996835326638
15025,150.25000000000833,0.9999996841472776
15026,150.26000000000832,0.9999996847608077
15027,150.2700000000083,0.9999996853732557
15028,150.2800000000083,0.9999996859846233
15029,150.2900000000083,0.9999996865949122
15030,150.30000000000828,0.9999996872041241
15031,150.31000000000827,0.9999996878122606
15032,150.32000000000826,0.9999996884193233
15033,150.33000000000825,0.9999996890253139
15034,150.34000000000825,0.9999996896302342
15035,150.35000000000824,0.9999996902340857
15036,150.36000000000823,0.9999996908368702
15037,150.37000000000822,0.9999996914385892
15038,150.3800000000082,0.9999996920392445
15039,150.3900000000082,0.9999996926388377
15040,150.4000000000082,0.9999996932373704
15041,150.41000000000818,0.9999996938348442
15042,150.42000000000817,0.9999996944312609
15043,150.43000000000816,0.999999695026622
15044,150.44000000000815,0.9999996956209293
15045,150.45000000000815,0.9999996962141843
15046,150.46000000000814,0.9999996968063886
15047,150.47000000000813,0.999999697397544
15048,150.48000000000812,0.999999697987652
15049,150.4900000000081,0.9999996985767143
15050,150.5000000000081,0.9999996991647325
15051,150.5100000000081,0.9999996997517083
15052,150.52000000000808,0.9999997003376432
15053,150.53000000000807,0.9999997009225389
15054,150.54000000000806,0.9999997015063969
15055,150.55000000000805,0.9999997020892191
15056,150.56000000000805,0.9999997026710068
15057,150.57000000000804,0.9999997032517618
15058,150.58000000000803,0.9999997038314856
15059,150.59000000000802,0.9999997044101799
15060,150.600000000008,0.9999997049878463
15061,150.610000000008,0.9999997055644863
15062,150.620000000008,0.9999997061401016
15063,150.63000000000798,0.9999997067146938
15064,150.64000000000797,0.9999997072882645
15065,150.65000000000796,0.9999997078608153
15066,150.66000000000795,0.9999997084323478
15067,150.67000000000795,0.9999997090028635
15068,150.68000000000794,0.9999997095723641
15069,150.69000000000793,0.9999997101408511
15070,150.70000000000792,0.999999710708326
15071,150.7100000000079,0.9999997112747908
15072,150.7200000000079,0.9999997118402466
15073,150.7300000000079,0.9999997124046953
15074,150.74000000000788,0.9999997129681383
15075,150.75000000000787,0.9999997135305773
15076,150.76000000000786,0.9999997140920137
15077,150.77000000000785,0.9999997146524493
15078,150.78000000000785,0.9999997152118855
15079,150.79000000000784,0.999999715770324
15080,150.80000000000783,0.9999997163277662
15081,150.81000000000782,0.9999997168842137
15082,150.8200000000078,0.9999997174396682
15083,150.8300000000078,0.9999997179941312
15084,150.8400000000078,0.9999997185476042
15085,150.85000000000778,0.9999997191000888
15086,150.86000000000777,0.9999997196515865
15087,150.87000000000776,0.999999720202099
15088,150.88000000000775,0.9999997207516277
15089,150.89000000000775,0.9999997213001742
15090,150.90000000000774,0.99999972184774
15091,150.91000000000773,0.9999997223943268
15092,150.92000000000772,0.9999997229399359
15093,150.9300000000077,0.999999723484569
15094,150.9400000000077,0.9999997240282277
15095,150.9500000000077,0.9999997245709134
15096,150.96000000000768,0.9999997251126276
15097,150.97000000000767,0.999999725653372
15098,150.98000000000766,0.999999726193148
15099,150.99000000000765,0.9999997267319571
15100,151.00000000000765,0.999999727269801
15101,151.01000000000764,0.9999997278066811
15102,151.02000000000763,0.999999728342599
15103,151.03000000000762,0.9999997288775561
15104,151.0400000000076,0.999999729411554
15105,151.0500000000076,0.9999997299445942
15106,151.0600000000076,0.9999997304766782
15107,151.07000000000758,0.9999997310078075
15108,151.08000000000757,0.9999997315379837
15109,151.09000000000756,0.9999997320672082
15110,151.10000000000755,0.9999997325954825
15111,151.11000000000755,0.9999997331228082
15112,151.12000000000754,0.9999997336491868
15113,151.13000000000753,0.9999997341746197
15114,151.14000000000752,0.9999997346991085
15115,151.1500000000075,0.9999997352226546
15116,151.1600000000075,0.9999997357452596
15117,151.1700000000075,0.9999997362669248
15118,151.18000000000748,0.9999997367876521
15119,151.19000000000747,0.9999997373074425
15120,151.20000000000746,0.9999997378262978
15121,151.21000000000745,0.9999997383442193
15122,151.22000000000745,0.9999997388612086
15123,151.23000000000744,0.9999997393772673
15124,151.24000000000743,0.9999997398923965
15125,151.25000000000742,0.9999997404065981
15126,151.2600000000074,0.9999997409198733
15127,151.2700000000074,0.9999997414322237
15128,151.2800000000074,0.9999997419436507
15129,151.29000000000738,0.9999997424541558
15130,151.30000000000737,0.9999997429637404
15131,151.31000000000736,0.9999997434724062
15132,151.32000000000735,0.9999997439801543
15133,151.33000000000735,0.9999997444869865
15134,151.34000000000734,0.999999744992904
15135,151.35000000000733,0.9999997454979085
15136,151.36000000000732,0.9999997460020013
15137,151.3700000000073,0.9999997465051838
15138,151.3800000000073,0.9999997470074575
15139,151.3900000000073,0.999999747508824
15140,151.40000000000728,0.9999997480092846
15141,151.41000000000727,0.9999997485088408
15142,151.42000000000726,0.999999749007494
15143,151.43000000000725,0.9999997495052457
15144,151.44000000000725,0.9999997500020973
15145,151.45000000000724,0.9999997504980501
15146,151.46000000000723,0.9999997509931059
15147,151.47000000000722,0.9999997514872657
15148,151.4800000000072,0.9999997519805313
15149,151.4900000000072,0.999999752472904
15150,151.5000000000072,0.999999752964385
15151,151.51000000000718,0.9999997534549762
15152,151.52000000000717,0.9999997539446785
15153,151.53000000000716,0.9999997544334938
15154,151.54000000000715,0.9999997549214232
15155,151.55000000000715,0.9999997554084683
15156,151.56000000000714,0.9999997558946303
15157,151.57000000000713,0.9999997563799109
15158,151.58000000000712,0.9999997568643113
15159,151.5900000000071,0.999999757347833
15160,151.6000000000071,0.9999997578304773
15161,151.6100000000071,0.9999997583122459
15162,151.62000000000708,0.9999997587931397
15163,151.63000000000707,0.9999997592731606
15164,151.64000000000706,0.9999997597523099
15165,151.65000000000705,0.9999997602305888
15166,151.66000000000705,0.9999997607079988
15167,151.67000000000704,0.9999997611845414
15168,151.68000000000703,0.9999997616602178
15169,151.69000000000702,0.9999997621350295
15170,151.700000000007,0.9999997626089779
15171,151.710000000007,0.9999997630820644
15172,151.720000000007,0.9999997635542903
15173,151.73000000000698,0.9999997640256572
15174,151.74000000000697,0.9999997644961662
15175,151.75000000000696,0.9999997649658189
15176,151.76000000000695,0.9999997654346165
15177,151.77000000000695,0.9999997659025606
15178,151.78000000000694,0.9999997663696523
15179,151.79000000000693,0.9999997668358932
15180,151.80000000000692,0.9999997673012846
15181,151.8100000000069,0.9999997677658279
15182,151.8200000000069,0.9999997682295243
15183,151.8300000000069,0.9999997686923754
15184,151.84000000000688,0.9999997691543825
15185,151.85000000000687,0.9999997696155469
15186,151.86000000000686,0.9999997700758699
15187,151.87000000000685,0.999999770535353
15188,151.88000000000685,0.9999997709939976
15189,151.89000000000684,0.999999771451805
15190,151.90000000000683,0.9999997719087764
15191,151.91000000000682,0.9999997723649133
15192,151.9200000000068,0.999999772820217
15193,151.9300000000068,0.9999997732746889
15194,151.9400000000068,0.9999997737283304
15195,151.95000000000678,0.9999997741811426
15196,151.96000000000677,0.9999997746331272
15197,151.97000000000676,0.9999997750842852
15198,151.98000000000675,0.999999775534618
15199,151.99000000000675,0.9999997759841273
15200,152.00000000000674,0.999999776432814
15201,152.01000000000673,0.9999997768806795
15202,152.02000000000672,0.9999997773277254
15203,152.0300000000067,0.9999997777739528
15204,152.0400000000067,0.999999778219363
15205,152.0500000000067,0.9999997786639576
15206,152.06000000000668,0.9999997791077376
15207,152.07000000000667,0.9999997795507045
15208,152.08000000000666,0.9999997799928596
15209,152.09000000000665,0.9999997804342042
15210,152.10000000000664,0.9999997808747396
15211,152.11000000000664,0.9999997813144671
15212,152.12000000000663,0.9999997817533881
15213,152.13000000000662,0.9999997821915039
15214,152.1400000000066,0.9999997826288157
15215,152.1500000000066,0.999999783065325
15216,152.1600000000066,0.9999997835010329
15217,152.17000000000658,0.9999997839359408
15218,152.18000000000657,0.99999978437005
15219,152.19000000000656,0.9999997848033618
15220,152.20000000000655,0.9999997852358775
15221,152.21000000000654,0.9999997856675984
15222,152.22000000000654,0.9999997860985258
15223,152.23000000000653,0.9999997865286611
15224,152.24000000000652,0.9999997869580053
15225,152.2500000000065,0.99999978738656
15226,152.2600000000065,0.9999997878143263
15227,152.2700000000065,0.9999997882413055
15228,152.28000000000648,0.9999997886674991
15229,152.29000000000647,0.9999997890929081
15230,152.30000000000646,0.999999789517534
15231,152.31000000000645,0.999999789941378
15232,152.32000000000644,0.9999997903644412
15233,152.33000000000644,0.9999997907867252
15234,152.34000000000643,0.999999791208231
15235,152.35000000000642,0.99999979162896
15236,152.3600000000064,0.9999997920489135
15237,152.3700000000064,0.9999997924680928
15238,152.3800000000064,0.999999792886499
15239,152.39000000000638,0.9999997933041335
15240,152.40000000000637,0.9999997937209976
15241,152.41000000000636,0.9999997941370924
15242,152.42000000000635,0.9999997945524192
15243,152.43000000000634,0.9999997949669794
15244,152.44000000000634,0.9999997953807742
15245,152.45000000000633,0.9999997957938048
15246,152.46000000000632,0.9999997962060725
15247,152.4700000000063,0.9999997966175784
15248,152.4800000000063,0.9999997970283241
15249,152.4900000000063,0.9999997974383105
15250,152.50000000000628,0.999999797847539
15251,152.51000000000627,0.9999997982560109
15252,152.52000000000626,0.9999997986637273
15253,152.53000000000625,0.9999997990706896
15254,152.54000000000624,0.9999997994768989
15255,152.55000000000624,0.9999997998823564
15256,152.56000000000623,0.9999998002870636
15257,152.57000000000622,0.9999998006910215
15258,152.5800000000062,0.9999998010942314
15259,152.5900000000062,0.9999998014966945
15260,152.6000000000062,0.9999998018984121
15261,152.61000000000618,0.9999998022993853
15262,152.62000000000617,0.9999998026996156
15263,152.63000000000616,0.999999803099104
15264,152.64000000000615,0.9999998034978517
15265,152.65000000000614,0.99999980389586
15266,152.66000000000614,0.9999998042931301
15267,152.67000000000613,0.9999998046896632
15268,152.68000000000612,0.9999998050854606
15269,152.6900000000061,0.9999998054805235
15270,152.7000000000061,0.9999998058748529
15271,152.7100000000061,0.9999998062684503
15272,152.72000000000608,0.9999998066613168
15273,152.73000000000607,0.9999998070534537
15274,152.74000000000606,0.9999998074448619
15275,152.75000000000605,0.999999807835543
15276,152.76000000000604,0.9999998082254979
15277,152.77000000000604,0.999999808614728
15278,152.78000000000603,0.9999998090032344
15279,152.79000000000602,0.9999998093910183
15280,152.800000000006,0.9999998097780809
15281,152.810000000006,0.9999998101644234
15282,152.820000000006,0.999999810550047
15283,152.83000000000598,0.9999998109349529
15284,152.84000000000597,0.9999998113191423
15285,152.85000000000596,0.9999998117026163
15286,152.86000000000595,0.9999998120853762
15287,152.87000000000594,0.9999998124674232
15288,152.88000000000594,0.9999998128487584
15289,152.89000000000593,0.999999813229383
15290,152.90000000000592,0.9999998136092981
15291,152.9100000000059,0.9999998139885051
15292,152.9200000000059,0.999999814367005
15293,152.9300000000059,0.999999814744799
15294,152.94000000000588,0.9999998151218883
15295,152.95000000000587,0.999999815498274
15296,152.96000000000586,0.9999998158739574
15297,152.97000000000585,0.9999998162489395
15298,152.98000000000584,0.9999998166232217
15299,152.99000000000584,0.999999816996805
15300,153.00000000000583,0.9999998173696906
15301,153.01000000000582,0.9999998177418795
15302,153.0200000000058,0.9999998181133731
15303,153.0300000000058,0.9999998184841726
15304,153.0400000000058,0.9999998188542789
15305,153.05000000000578,0.9999998192236933
15306,153.06000000000577,0.999999819592417
15307,153.07000000000576,0.9999998199604511
15308,153.08000000000575,0.9999998203277967
15309,153.09000000000574,0.9999998206944549
15310,153.10000000000574,0.9999998210604271
15311,153.11000000000573,0.9999998214257141
15312,153.12000000000572,0.9999998217903173
15313,153.1300000000057,0.9999998221542379
15314,153.1400000000057,0.9999998225174768
15315,153.1500000000057,0.9999998228800352
15316,153.16000000000568,0.9999998232419143
15317,153.17000000000567,0.9999998236031152
15318,153.18000000000566,0.9999998239636392
15319,153.19000000000565,0.9999998243234872
15320,153.20000000000564,0.9999998246826604
15321,153.21000000000564,0.9999998250411599
15322,153.22000000000563,0.999999825398987
15323,153.23000000000562,0.9999998257561427
15324,153.2400000000056,0.9999998261126279
15325,153.2500000000056,0.9999998264684442
15326,153.2600000000056,0.9999998268235923
15327,153.27000000000558,0.9999998271780737
15328,153.28000000000557,0.9999998275318891
15329,153.29000000000556,0.9999998278850399
15330,153.30000000000555,0.9999998282375272
15331,153.31000000000554,0.999999828589352
15332,153.32000000000554,0.9999998289405154
15333,153.33000000000553,0.9999998292910187
15334,153.34000000000552,0.9999998296408628
15335,153.3500000000055,0.9999998299900489
15336,153.3600000000055,0.9999998303385781
15337,153.3700000000055,0.9999998306864515
15338,153.38000000000548,0.9999998310336702
15339,153.39000000000547,0.9999998313802353
15340,153.40000000000546,0.9999998317261479
15341,153.41000000000545,0.9999998320714091
15342,153.42000000000544,0.99999983241602
15343,153.43000000000544,0.9999998327599817
15344,153.44000000000543,0.9999998331032953
15345,153.45000000000542,0.9999998334459618
15346,153.4600000000054,0.9999998337879824
15347,153.4700000000054,0.9999998341293582
15348,153.4800000000054,0.9999998344700902
15349,153.49000000000538,0.9999998348101795
15350,153.50000000000537,0.9999998351496272
15351,153.51000000000536,0.9999998354884344
15352,153.52000000000535,0.9999998358266022
15353,153.53000000000534,0.9999998361641317
15354,153.54000000000534,0.9999998365010239
15355,153.55000000000533,0.9999998368372798
15356,153.56000000000532,0.9999998371729006
15357,153.5700000000053,0.9999998375078875
15358,153.5800000000053,0.9999998378422412
15359,153.5900000000053,0.999999838175963
15360,153.60000000000528,0.9999998385090542
15361,153.61000000000527,0.9999998388415154
15362,153.62000000000526,0.999999839173348
15363,153.63000000000525,0.9999998395045528
15364,153.64000000000524,0.9999998398351312
15365,153.65000000000524,0.999999840165084
15366,153.66000000000523,0.9999998404944124
15367,153.67000000000522,0.9999998408231172
15368,153.6800000000052,0.9999998411511998
15369,153.6900000000052,0.9999998414786611
15370,153.7000000000052,0.999999841805502
15371,153.71000000000518,0.9999998421317239
15372,153.72000000000517,0.9999998424573275
15373,153.73000000000516,0.9999998427823141
15374,153.74000000000515,0.9999998431066847
15375,153.75000000000514,0.9999998434304402
15376,153.76000000000514,0.9999998437535818
15377,153.77000000000513,0.9999998440761104
15378,153.78000000000512,0.9999998443980271
15379,153.7900000000051,0.999999844719333
15380,153.8000000000051,0.9999998450400291
15381,153.8100000000051,0.9999998453601165
15382,153.82000000000508,0.9999998456795961
15383,153.83000000000507,0.999999845998469
15384,153.84000000000506,0.9999998463167363
15385,153.85000000000505,0.9999998466343989
15386,153.86000000000504,0.9999998469514579
15387,153.87000000000504,0.9999998472679144
15388,153.88000000000503,0.9999998475837691
15389,153.89000000000502,0.9999998478990235
15390,153.900000000005,0.9999998482136784
15391,153.910000000005,0.9999998485277347
15392,153.920000000005,0.9999998488411935
15393,153.93000000000498,0.9999998491540559
15394,153.94000000000497,0.9999998494663229
15395,153.95000000000496,0.9999998497779955
15396,153.96000000000495,0.9999998500890747
15397,153.97000000000494,0.9999998503995614
15398,153.98000000000494,0.9999998507094569
15399,153.99000000000493,0.9999998510187619
15400,154.00000000000492,0.9999998513274775
15401,154.0100000000049,0.9999998516356048
15402,154.0200000000049,0.9999998519431448
15403,154.0300000000049,0.9999998522500984
15404,154.04000000000488,0.9999998525564666
15405,154.05000000000487,0.9999998528622505
15406,154.06000000000486,0.999999853167451
15407,154.07000000000485,0.9999998534720692
15408,154.08000000000484,0.9999998537761061
15409,154.09000000000484,0.9999998540795626
15410,154.10000000000483,0.9999998543824397
15411,154.11000000000482,0.9999998546847384
15412,154.1200000000048,0.9999998549864598
15413,154.1300000000048,0.9999998552876048
15414,154.1400000000048,0.9999998555881744
15415,154.15000000000478,0.9999998558881695
15416,154.16000000000477,0.9999998561875912
15417,154.17000000000476,0.9999998564864404
15418,154.18000000000475,0.9999998567847183
15419,154.19000000000474,0.9999998570824256
15420,154.20000000000474,0.9999998573795633
15421,154.21000000000473,0.9999998576761325
15422,154.22000000000472,0.9999998579721342
15423,154.2300000000047,0.9999998582675693
15424,154.2400000000047,0.9999998585624388
15425,154.2500000000047,0.9999998588567437
15426,154.26000000000468,0.9999998591504848
15427,154.27000000000467,0.9999998594436633
15428,154.28000000000466,0.99999985973628
15429,154.29000000000465,0.9999998600283361
15430,154.30000000000464,0.9999998603198322
15431,154.31000000000464,0.9999998606107695
15432,154.32000000000463,0.999999860901149
15433,154.33000000000462,0.9999998611909715
15434,154.3400000000046,0.9999998614802381
15435,154.3500000000046,0.9999998617689496
15436,154.3600000000046,0.9999998620571071
15437,154.37000000000458,0.9999998623447116
15438,154.38000000000457,0.9999998626317639
15439,154.39000000000456,0.9999998629182649
15440,154.40000000000455,0.9999998632042159
15441,154.41000000000454,0.9999998634896174
15442,154.42000000000453,0.9999998637744707
15443,154.43000000000453,0.9999998640587765
15444,154.44000000000452,0.9999998643425358
15445,154.4500000000045,0.9999998646257497
15446,154.4600000000045,0.9999998649084191
15447,154.4700000000045,0.9999998651905447
15448,154.48000000000448,0.9999998654721278
15449,154.49000000000447,0.999999865753169
15450,154.50000000000446,0.9999998660336695
15451,154.51000000000445,0.9999998663136301
15452,154.52000000000444,0.9999998665930517
15453,154.53000000000443,0.9999998668719353
15454,154.54000000000443,0.9999998671502819
15455,154.55000000000442,0.9999998674280923
15456,154.5600000000044,0.9999998677053675
15457,154.5700000000044,0.9999998679821084
15458,154.5800000000044,0.9999998682583159
15459,154.59000000000438,0.9999998685339909
15460,154.60000000000437,0.9999998688091345
15461,154.61000000000436,0.9999998690837474
15462,154.62000000000435,0.9999998693578307
15463,154.63000000000434,0.9999998696313852
15464,154.64000000000433,0.9999998699044118
15465,154.65000000000433,0.9999998701769115
15466,154.66000000000432,0.9999998704488853
15467,154.6700000000043,0.9999998707203338
15468,154.6800000000043,0.9999998709912582
15469,154.6900000000043,0.9999998712616593
15470,154.70000000000428,0.9999998715315381
15471,154.71000000000427,0.9999998718008954
15472,154.72000000000426,0.9999998720697322
15473,154.73000000000425,0.9999998723380492
15474,154.74000000000424,0.9999998726058476
15475,154.75000000000423,0.999999872873128
15476,154.76000000000423,0.9999998731398915
15477,154.77000000000422,0.9999998734061389
15478,154.7800000000042,0.9999998736718713
15479,154.7900000000042,0.9999998739370893
15480,154.8000000000042,0.999999874201794
15481,154.81000000000418,0.9999998744659863
15482,154.82000000000417,0.999999874729667
15483,154.83000000000416,0.9999998749928369
15484,154.84000000000415,0.9999998752554972
15485,154.85000000000414,0.9999998755176485
15486,154.86000000000413,0.9999998757792917
15487,154.87000000000413,0.9999998760404278
15488,154.88000000000412,0.9999998763010578
15489,154.8900000000041,0.9999998765611823
15490,154.9000000000041,0.9999998768208024
15491,154.9100000000041,0.9999998770799189
15492,154.92000000000408,0.9999998773385326
15493,154.93000000000407,0.9999998775966445
15494,154.94000000000406,0.9999998778542555
15495,154.95000000000405,0.9999998781113663
15496,154.96000000000404,0.999999878367978
15497,154.97000000000403,0.9999998786240912
15498,154.98000000000403,0.9999998788797071
15499,154.99000000000402,0.9999998791348262
15500,155.000000000004,0.9999998793894498
15501,155.010000000004,0.9999998796435784
15502,155.020000000004,0.9999998798972131
15503,155.03000000000398,0.9999998801503546
15504,155.04000000000397,0.9999998804030038
15505,155.05000000000396,0.9999998806551617
15506,155.06000000000395,0.9999998809068289
15507,155.07000000000394,0.9999998811580064
15508,155.08000000000393,0.9999998814086952
15509,155.09000000000393,0.999999881658896
15510,155.10000000000392,0.9999998819086097
15511,155.1100000000039,0.9999998821578371
15512,155.1200000000039,0.9999998824065791
15513,155.1300000000039,0.9999998826548365
15514,155.14000000000388,0.9999998829026103
15515,155.15000000000387,0.9999998831499012
15516,155.16000000000386,0.9999998833967101
15517,155.17000000000385,0.9999998836430378
15518,155.18000000000384,0.9999998838888853
15519,155.19000000000383,0.9999998841342531
15520,155.20000000000383,0.9999998843791424
15521,155.21000000000382,0.9999998846235539
15522,155.2200000000038,0.9999998848674886
15523,155.2300000000038,0.9999998851109471
15524,155.2400000000038,0.9999998853539303
15525,155.25000000000378,0.9999998855964389
15526,155.26000000000377,0.9999998858384741
15527,155.27000000000376,0.9999998860800365
15528,155.28000000000375,0.999999886321127
15529,155.29000000000374,0.9999998865617464
15530,155.30000000000373,0.9999998868018954
15531,155.31000000000373,0.9999998870415752
15532,155.32000000000372,0.9999998872807861
15533,155.3300000000037,0.9999998875195294
15534,155.3400000000037,0.9999998877578057
15535,155.3500000000037,0.9999998879956159
15536,155.36000000000368,0.9999998882329607
15537,155.37000000000367,0.9999998884698411
15538,155.38000000000366,0.9999998887062578
15539,155.39000000000365,0.9999998889422116
15540,155.40000000000364,0.9999998891777033
15541,155.41000000000363,0.9999998894127339
15542,155.42000000000363,0.9999998896473041
15543,155.43000000000362,0.9999998898814146
15544,155.4400000000036,0.9999998901150664
15545,155.4500000000036,0.9999998903482602
15546,155.4600000000036,0.9999998905809969
15547,155.47000000000358,0.9999998908132772
15548,155.48000000000357,0.999999891045102
15549,155.49000000000356,0.999999891276472
15550,155.50000000000355,0.9999998915073881
15551,155.51000000000354,0.9999998917378511
15552,155.52000000000353,0.9999998919678618
15553,155.53000000000353,0.9999998921974208
15554,155.54000000000352,0.9999998924265292
15555,155.5500000000035,0.9999998926551877
15556,155.5600000000035,0.9999998928833971
15557,155.5700000000035,0.9999998931111581
15558,155.58000000000348,0.9999998933384716
15559,155.59000000000347,0.9999998935653384
15560,155.60000000000346,0.9999998937917591
15561,155.61000000000345,0.9999998940177348
15562,155.62000000000344,0.9999998942432661
15563,155.63000000000343,0.9999998944683538
15564,155.64000000000343,0.9999998946929988
15565,155.65000000000342,0.9999998949172016
15566,155.6600000000034,0.9999998951409634
15567,155.6700000000034,0.9999998953642847
15568,155.6800000000034,0.9999998955871663
15569,155.69000000000338,0.9999998958096091
15570,155.70000000000337,0.9999998960316138
15571,155.71000000000336,0.9999998962531811
15572,155.72000000000335,0.999999896474312
15573,155.73000000000334,0.9999998966950071
15574,155.74000000000333,0.9999998969152673
15575,155.75000000000333,0.9999998971350932
15576,155.76000000000332,0.9999998973544857
15577,155.7700000000033,0.9999998975734455
15578,155.7800000000033,0.9999998977919735
15579,155.7900000000033,0.9999998980100703
15580,155.80000000000328,0.9999998982277368
15581,155.81000000000327,0.9999998984449737
15582,155.82000000000326,0.9999998986617818
15583,155.83000000000325,0.999999898878162
15584,155.84000000000324,0.9999998990941148
15585,155.85000000000323,0.9999998993096411
15586,155.86000000000323,0.9999998995247416
15587,155.87000000000322,0.9999998997394172
15588,155.8800000000032,0.9999998999536684
15589,155.8900000000032,0.9999999001674963
15590,155.9000000000032,0.9999999003809014
15591,155.91000000000318,0.9999999005938844
15592,155.92000000000317,0.9999999008064464
15593,155.93000000000316,0.9999999010185879
15594,155.94000000000315,0.9999999012303097
15595,155.95000000000314,0.9999999014416124
15596,155.96000000000313,0.9999999016524971
15597,155.97000000000313,0.9999999018629642
15598,155.98000000000312,0.9999999020730146
15599,155.9900000000031,0.9999999022826491
15600,156.0000000000031,0.9999999024918683
15601,156.0100000000031,0.9999999027006732
15602,156.02000000000308,0.9999999029090643
15603,156.03000000000307,0.9999999031170423
15604,156.04000000000306,0.9999999033246081
15605,156.05000000000305,0.9999999035317624
15606,156.06000000000304,0.999999903738506
15607,156.07000000000303,0.9999999039448395
15608,156.08000000000303,0.9999999041507637
15609,156.09000000000302,0.9999999043562794
15610,156.100000000003,0.9999999045613872
15611,156.110000000003,0.9999999047660879
15612,156.120000000003,0.9999999049703823
15613,156.13000000000298,0.9999999051742711
15614,156.14000000000297,0.9999999053777548
15615,156.15000000000296,0.9999999055808345
15616,156.16000000000295,0.9999999057835107
15617,156.17000000000294,0.9999999059857843
15618,156.18000000000293,0.9999999061876557
15619,156.19000000000293,0.999999906389126
15620,156.20000000000292,0.9999999065901956
15621,156.2100000000029,0.9999999067908654
15622,156.2200000000029,0.9999999069911361
15623,156.2300000000029,0.9999999071910084
15624,156.24000000000288,0.9999999073904831
15625,156.25000000000287,0.9999999075895607
15626,156.26000000000286,0.9999999077882421
15627,156.27000000000285,0.999999907986528
15628,156.28000000000284,0.9999999081844192
15629,156.29000000000283,0.9999999083819161
15630,156.30000000000283,0.9999999085790198
15631,156.31000000000282,0.9999999087757306
15632,156.3200000000028,0.9999999089720496
15633,156.3300000000028,0.9999999091679772
15634,156.3400000000028,0.9999999093635143
15635,156.35000000000278,0.9999999095586616
15636,156.36000000000277,0.9999999097534197
15637,156.37000000000276,0.9999999099477893
15638,156.38000000000275,0.9999999101417713
15639,156.39000000000274,0.9999999103353661
15640,156.40000000000273,0.9999999105285746
15641,156.41000000000273,0.9999999107213975
15642,156.42000000000272,0.9999999109138354
15643,156.4300000000027,0.9999999111058891
15644,156.4400000000027,0.9999999112975593
15645,156.4500000000027,0.9999999114888465
15646,156.46000000000268,0.9999999116797516
15647,156.47000000000267,0.9999999118702751
15648,156.48000000000266,0.999999912060418
15649,156.49000000000265,0.9999999122501807
15650,156.50000000000264,0.9999999124395641
15651,156.51000000000263,0.9999999126285687
15652,156.52000000000263,0.9999999128171952
15653,156.53000000000262,0.9999999130054444
15654,156.5400000000026,0.999999913193317
15655,156.5500000000026,0.9999999133808136
15656,156.5600000000026,0.9999999135679349
15657,156.57000000000258,0.9999999137546817
15658,156.58000000000257,0.9999999139410544
15659,156.59000000000256,0.9999999141270539
15660,156.60000000000255,0.9999999143126808
15661,156.61000000000254,0.9999999144979358
15662,156.62000000000253,0.9999999146828197
15663,156.63000000000252,0.9999999148673329
15664,156.64000000000252,0.9999999150514762
15665,156.6500000000025,0.9999999152352504
15666,156.6600000000025,0.9999999154186561
15667,156.6700000000025,0.9999999156016939
15668,156.68000000000248,0.9999999157843644
15669,156.69000000000247,0.9999999159666685
15670,156.70000000000246,0.9999999161486067
15671,156.71000000000245,0.9999999163301797
15672,156.72000000000244,0.9999999165113882
15673,156.73000000000243,0.9999999166922329
15674,156.74000000000242,0.9999999168727143
15675,156.75000000000242,0.9999999170528332
15676,156.7600000000024,0.9999999172325903
15677,156.7700000000024,0.9999999174119861
15678,156.7800000000024,0.9999999175910214
15679,156.79000000000238,0.9999999177696968
15680,156.80000000000237,0.9999999179480129
15681,156.81000000000236,0.9999999181259704
15682,156.82000000000235,0.99999991830357
15683,156.83000000000234,0.9999999184808124
15684,156.84000000000233,0.9999999186576981
15685,156.85000000000232,0.9999999188342279
15686,156.86000000000232,0.9999999190104023
15687,156.8700000000023,0.9999999191862221
15688,156.8800000000023,0.9999999193616879
15689,156.8900000000023,0.9999999195368002
15690,156.90000000000228,0.9999999197115599
15691,156.91000000000227,0.9999999198859674
15692,156.92000000000226,0.9999999200600235
15693,156.93000000000225,0.9999999202337289
15694,156.94000000000224,0.999999920407084
15695,156.95000000000223,0.9999999205800897
15696,156.96000000000222,0.9999999207527465
15697,156.97000000000222,0.999999920925055
15698,156.9800000000022,0.999999921097016
15699,156.9900000000022,0.9999999212686299
15700,157.0000000000022,0.9999999214398976
15701,157.01000000000218,0.9999999216108196
15702,157.02000000000217,0.9999999217813965
15703,157.03000000000216,0.999999921951629
15704,157.04000000000215,0.9999999221215178
15705,157.05000000000214,0.9999999222910634
15706,157.06000000000213,0.9999999224602664
15707,157.07000000000212,0.9999999226291275
15708,157.08000000000212,0.9999999227976474
15709,157.0900000000021,0.9999999229658266
15710,157.1000000000021,0.9999999231336659
15711,157.1100000000021,0.9999999233011657
15712,157.12000000000208,0.9999999234683268
15713,157.13000000000207,0.9999999236351497
15714,157.14000000000206,0.999999923801635
15715,157.15000000000205,0.9999999239677836
15716,157.16000000000204,0.9999999241335957
15717,157.17000000000203,0.9999999242990723
15718,157.18000000000202,0.9999999244642138
15719,157.19000000000202,0.9999999246290209
15720,157.200000000002,0.9999999247934941
15721,157.210000000002,0.9999999249576341
15722,157.220000000002,0.9999999251214416
15723,157.23000000000198,0.9999999252849171
15724,157.24000000000197,0.9999999254480613
15725,157.25000000000196,0.9999999256108747
15726,157.26000000000195,0.999999925773358
15727,157.27000000000194,0.9999999259355117
15728,157.28000000000193,0.9999999260973365
15729,157.29000000000192,0.9999999262588329
15730,157.30000000000192,0.9999999264200017
15731,157.3100000000019,0.9999999265808434
15732,157.3200000000019,0.9999999267413586
15733,157.3300000000019,0.9999999269015478
15734,157.34000000000188,0.9999999270614118
15735,157.35000000000187,0.9999999272209511
15736,157.36000000000186,0.9999999273801663
15737,157.37000000000185,0.9999999275390581
15738,157.38000000000184,0.9999999276976269
15739,157.39000000000183,0.9999999278558733
15740,157.40000000000182,0.9999999280137982
15741,157.41000000000182,0.9999999281714019
15742,157.4200000000018,0.9999999283286851
15743,157.4300000000018,0.9999999284856483
15744,157.4400000000018,0.9999999286422923
15745,157.45000000000178,0.9999999287986175
15746,157.46000000000177,0.9999999289546245
15747,157.47000000000176,0.9999999291103141
15748,157.48000000000175,0.9999999292656866
15749,157.49000000000174,0.9999999294207428
15750,157.50000000000173,0.9999999295754831
15751,157.51000000000172,0.9999999297299083
15752,157.52000000000172,0.9999999298840188
15753,157.5300000000017,0.9999999300378153
15754,157.5400000000017,0.9999999301912983
15755,157.5500000000017,0.9999999303444685
15756,157.56000000000168,0.9999999304973264
15757,157.57000000000167,0.9999999306498726
15758,157.58000000000166,0.9999999308021076
15759,157.59000000000165,0.9999999309540321
15760,157.60000000000164,0.9999999311056466
15761,157.61000000000163,0.9999999312569516
15762,157.62000000000162,0.9999999314079479
15763,157.63000000000162,0.9999999315586359
15764,157.6400000000016,0.9999999317090161
15765,157.6500000000016,0.9999999318590893
15766,157.6600000000016,0.9999999320088561
15767,157.67000000000158,0.9999999321583167
15768,157.68000000000157,0.9999999323074721
15769,157.69000000000156,0.9999999324563226
15770,157.70000000000155,0.9999999326048687
15771,157.71000000000154,0.9999999327531113
15772,157.72000000000153,0.9999999329010507
15773,157.73000000000152,0.9999999330486875
15774,157.74000000000152,0.9999999331960223
15775,157.7500000000015,0.9999999333430557
15776,157.7600000000015,0.9999999334897882
15777,157.7700000000015,0.9999999336362204
15778,157.78000000000148,0.999999933782353
15779,157.79000000000147,0.9999999339281862
15780,157.80000000000146,0.9999999340737208
15781,157.81000000000145,0.9999999342189574
15782,157.82000000000144,0.9999999343638964
15783,157.83000000000143,0.9999999345085385
15784,157.84000000000142,0.9999999346528842
15785,157.85000000000142,0.9999999347969339
15786,157.8600000000014,0.9999999349406884
15787,157.8700000000014,0.9999999350841482
15788,157.8800000000014,0.9999999352273137
15789,157.89000000000138,0.9999999353701856
15790,157.90000000000137,0.9999999355127644
15791,157.91000000000136,0.9999999356550506
15792,157.92000000000135,0.9999999357970449
15793,157.93000000000134,0.9999999359387477
15794,157.94000000000133,0.9999999360801596
15795,157.95000000000132,0.999999936221281
15796,157.96000000000132,0.9999999363621127
15797,157.9700000000013,0.9999999365026552
15798,157.9800000000013,0.9999999366429088
15799,157.9900000000013,0.9999999367828742
15800,158.00000000000128,0.9999999369225521
15801,158.01000000000127,0.9999999370619427
15802,158.02000000000126,0.9999999372010469
15803,158.03000000000125,0.9999999373398649
15804,158.04000000000124,0.9999999374783974
15805,158.05000000000123,0.9999999376166451
15806,158.06000000000122,0.9999999377546082
15807,158.07000000000122,0.9999999378922875
15808,158.0800000000012,0.9999999380296833
15809,158.0900000000012,0.9999999381667964
15810,158.1000000000012,0.9999999383036271
15811,158.11000000000118,0.9999999384401761
15812,158.12000000000117,0.9999999385764439
15813,158.13000000000116,0.9999999387124309
15814,158.14000000000115,0.9999999388481378
15815,158.15000000000114,0.9999999389835649
15816,158.16000000000113,0.9999999391187129
15817,158.17000000000112,0.9999999392535823
15818,158.18000000000112,0.9999999393881737
15819,158.1900000000011,0.9999999395224874
15820,158.2000000000011,0.9999999396565242
15821,158.2100000000011,0.9999999397902845
15822,158.22000000000108,0.9999999399237687
15823,158.23000000000107,0.9999999400569775
15824,158.24000000000106,0.9999999401899113
15825,158.25000000000105,0.9999999403225707
15826,158.26000000000104,0.9999999404549561
15827,158.27000000000103,0.9999999405870682
15828,158.28000000000102,0.9999999407189073
15829,158.29000000000102,0.9999999408504742
15830,158.300000000001,0.999999940981769
15831,158.310000000001,0.9999999411127927
15832,158.320000000001,0.9999999412435454
15833,158.33000000000098,0.9999999413740278
15834,158.34000000000097,0.9999999415042404
15835,158.35000000000096,0.9999999416341838
15836,158.36000000000095,0.9999999417638583
15837,158.37000000000094,0.9999999418932646
15838,158.38000000000093,0.999999942022403
15839,158.39000000000092,0.9999999421512742
15840,158.40000000000092,0.9999999422798787
15841,158.4100000000009,0.9999999424082168
15842,158.4200000000009,0.9999999425362892
15843,158.4300000000009,0.9999999426640963
15844,158.44000000000088,0.9999999427916387
15845,158.45000000000087,0.9999999429189169
15846,158.46000000000086,0.9999999430459313
15847,158.47000000000085,0.9999999431726825
15848,158.48000000000084,0.9999999432991709
15849,158.49000000000083,0.999999943425397
15850,158.50000000000082,0.9999999435513613
15851,158.51000000000082,0.9999999436770645
15852,158.5200000000008,0.9999999438025069
15853,158.5300000000008,0.999999943927689
15854,158.5400000000008,0.9999999440526113
15855,158.55000000000078,0.9999999441772743
15856,158.56000000000077,0.9999999443016785
15857,158.57000000000076,0.9999999444258245
15858,158.58000000000075,0.9999999445497126
15859,158.59000000000074,0.9999999446733434
15860,158.60000000000073,0.9999999447967174
15861,158.61000000000072,0.999999944919835
15862,158.62000000000072,0.9999999450426967
15863,158.6300000000007,0.9999999451653031
15864,158.6400000000007,0.9999999452876547
15865,158.6500000000007,0.9999999454097518
15866,158.66000000000068,0.999999945531595
15867,158.67000000000067,0.9999999456531847
15868,158.68000000000066,0.9999999457745216
15869,158.69000000000065,0.9999999458956058
15870,158.70000000000064,0.9999999460164382
15871,158.71000000000063,0.999999946137019
15872,158.72000000000062,0.9999999462573489
15873,158.73000000000062,0.9999999463774281
15874,158.7400000000006,0.9999999464972573
15875,158.7500000000006,0.9999999466168369
15876,158.7600000000006,0.9999999467361673
15877,158.77000000000058,0.9999999468552491
15878,158.78000000000057,0.9999999469740828
15879,158.79000000000056,0.9999999470926687
15880,158.80000000000055,0.9999999472110074
15881,158.81000000000054,0.9999999473290994
15882,158.82000000000053,0.999999947446945
15883,158.83000000000052,0.9999999475645448
15884,158.84000000000052,0.9999999476818994
15885,158.8500000000005,0.999999947799009
15886,158.8600000000005,0.9999999479158742
15887,158.8700000000005,0.9999999480324955
15888,158.88000000000048,0.9999999481488733
15889,158.89000000000047,0.999999948265008
15890,158.90000000000046,0.9999999483809002
15891,158.91000000000045,0.9999999484965504
15892,158.92000000000044,0.999999948611959
15893,158.93000000000043,0.9999999487271264
15894,158.94000000000042,0.999999948842053
15895,158.95000000000041,0.9999999489567395
15896,158.9600000000004,0.9999999490711862
15897,158.9700000000004,0.9999999491853935
15898,158.9800000000004,0.999999949299362
15899,158.99000000000038,0.9999999494130921
15900,159.00000000000037,0.9999999495265842
15901,159.01000000000036,0.9999999496398388
15902,159.02000000000035,0.9999999497528566
15903,159.03000000000034,0.9999999498656376
15904,159.04000000000033,0.9999999499781824
15905,159.05000000000032,0.9999999500904917
15906,159.06000000000031,0.9999999502025657
15907,159.0700000000003,0.999999950314405
15908,159.0800000000003,0.99999995042601
15909,159.0900000000003,0.999999950537381
15910,159.10000000000028,0.9999999506485187
15911,159.11000000000027,0.9999999507594234
15912,159.12000000000026,0.9999999508700955
15913,159.13000000000025,0.9999999509805356
15914,159.14000000000024,0.9999999510907441
15915,159.15000000000023,0.9999999512007214
15916,159.16000000000022,0.9999999513104679
15917,159.17000000000021,0.9999999514199841
15918,159.1800000000002,0.9999999515292705
15919,159.1900000000002,0.9999999516383274
15920,159.2000000000002,0.9999999517471555
15921,159.21000000000018,0.999999951855755
15922,159.22000000000017,0.9999999519641263
15923,159.23000000000016,0.99999995207227
15924,159.24000000000015,0.9999999521801866
15925,159.25000000000014,0.9999999522878763
15926,159.26000000000013,0.9999999523953397
15927,159.27000000000012,0.9999999525025771
15928,159.28000000000011,0.9999999526095892
15929,159.2900000000001,0.9999999527163762
15930,159.3000000000001,0.9999999528229386
15931,159.3100000000001,0.9999999529292768
15932,159.32000000000008,0.9999999530353914
15933,159.33000000000007,0.9999999531412825
15934,159.34000000000006,0.9999999532469508
15935,159.35000000000005,0.9999999533523967
15936,159.36000000000004,0.9999999534576206
15937,159.37000000000003,0.9999999535626228
15938,159.38000000000002,0.999999953667404
15939,159.39000000000001,0.9999999537719645
15940,159.4,0.9999999538763046
15941,159.41,0.9999999539804248
15942,159.42,0.9999999540843256
15943,159.42999999999998,0.9999999541880074
15944,159.43999999999997,0.9999999542914705
15945,159.44999999999996,0.9999999543947155
15946,159.45999999999995,0.9999999544977427
15947,159.46999999999994,0.9999999546005526
15948,159.47999999999993,0.9999999547031456
15949,159.48999999999992,0.9999999548055221
15950,159.49999999999991,0.9999999549076825
15951,159.5099999999999,0.9999999550096272
15952,159.5199999999999,0.9999999551113568
15953,159.5299999999999,0.9999999552128714
15954,159.53999999999988,0.9999999553141717
15955,159.54999999999987,0.999999955415258
15956,159.55999999999986,0.9999999555161307
15957,159.56999999999985,0.9999999556167903
15958,159.57999999999984,0.9999999557172371
15959,159.58999999999983,0.9999999558174716
15960,159.59999999999982,0.9999999559174941
15961,159.60999999999981,0.9999999560173052
15962,159.6199999999998,0.9999999561169051
15963,159.6299999999998,0.9999999562162943
15964,159.6399999999998,0.9999999563154733
15965,159.64999999999978,0.9999999564144424
15966,159.65999999999977,0.9999999565132021
15967,159.66999999999976,0.9999999566117526
15968,159.67999999999975,0.9999999567100945
15969,159.68999999999974,0.9999999568082282
15970,159.69999999999973,0.999999956906154
15971,159.70999999999972,0.9999999570038723
15972,159.71999999999971,0.9999999571013838
15973,159.7299999999997,0.9999999571986885
15974,159.7399999999997,0.999999957295787
15975,159.7499999999997,0.9999999573926797
15976,159.75999999999968,0.9999999574893669
15977,159.76999999999967,0.999999957585849
15978,159.77999999999966,0.9999999576821267
15979,159.78999999999965,0.9999999577781999
15980,159.79999999999964,0.9999999578740695
15981,159.80999999999963,0.9999999579697356
15982,159.81999999999962,0.9999999580651987
15983,159.82999999999961,0.9999999581604591
15984,159.8399999999996,0.9999999582555172
15985,159.8499999999996,0.9999999583503736
15986,159.8599999999996,0.9999999584450284
15987,159.86999999999958,0.9999999585394822
15988,159.87999999999957,0.9999999586337353
15989,159.88999999999956,0.9999999587277881
15990,159.89999999999955,0.999999958821641
15991,159.90999999999954,0.9999999589152946
15992,159.91999999999953,0.9999999590087488
15993,159.92999999999952,0.9999999591020045
15994,159.93999999999951,0.9999999591950618
15995,159.9499999999995,0.9999999592879211
15996,159.9599999999995,0.9999999593805828
15997,159.9699999999995,0.9999999594730475
15998,159.97999999999948,0.9999999595653153
15999,159.98999999999947,0.9999999596573867
16000,159.99999999999946,0.9999999597492621
16001,160.00999999999945,0.9999999598409419
16002,160.01999999999944,0.9999999599324265
16003,160.02999999999943,0.9999999600237162
16004,160.03999999999942,0.9999999601148113
16005,160.04999999999941,0.9999999602057124
16006,160.0599999999994,0.9999999602964197
16007,160.0699999999994,0.9999999603869337
16008,160.0799999999994,0.9999999604772547
16009,160.08999999999938,0.9999999605673832
16010,160.09999999999937,0.9999999606573194
16011,160.10999999999936,0.9999999607470639
16012,160.11999999999935,0.9999999608366168
16013,160.12999999999934,0.9999999609259786
16014,160.13999999999933,0.9999999610151498
16015,160.14999999999932,0.9999999611041306
16016,160.15999999999931,0.9999999611929214
16017,160.1699999999993,0.9999999612815228
16018,160.1799999999993,0.9999999613699349
16019,160.1899999999993,0.9999999614581581
16020,160.19999999999928,0.9999999615461929
16021,160.20999999999927,0.9999999616340395
16022,160.21999999999926,0.9999999617216984
16023,160.22999999999925,0.99999996180917
16024,160.23999999999924,0.9999999618964546
16025,160.24999999999923,0.9999999619835525
16026,160.25999999999922,0.9999999620704642
16027,160.26999999999921,0.99999996215719
16028,160.2799999999992,0.9999999622437302
16029,160.2899999999992,0.9999999623300854
16030,160.2999999999992,0.9999999624162557
16031,160.30999999999918,0.9999999625022415
16032,160.31999999999917,0.9999999625880434
16033,160.32999999999916,0.9999999626736615
16034,160.33999999999915,0.9999999627590963
16035,160.34999999999914,0.9999999628443481
16036,160.35999999999913,0.9999999629294173
16037,160.36999999999912,0.9999999630143042
16038,160.37999999999911,0.9999999630990092
16039,160.3899999999991,0.9999999631835326
16040,160.3999999999991,0.9999999632678749
16041,160.4099999999991,0.9999999633520363
16042,160.41999999999908,0.9999999634360173
16043,160.42999999999907,0.9999999635198181
16044,160.43999999999906,0.9999999636034392
16045,160.44999999999905,0.9999999636868809
16046,160.45999999999904,0.9999999637701436
16047,160.46999999999903,0.9999999638532275
16048,160.47999999999902,0.9999999639361331
16049,160.48999999999901,0.9999999640188607
16050,160.499999999999,0.9999999641014108
16051,160.509999999999,0.9999999641837835
16052,160.519999999999,0.9999999642659791
16053,160.52999999999898,0.9999999643479983
16054,160.53999999999897,0.9999999644298413
16055,160.54999999999896,0.9999999645115083
16056,160.55999999999895,0.9999999645929998
16057,160.56999999999894,0.9999999646743162
16058,160.57999999999893,0.9999999647554576
16059,160.58999999999892,0.9999999648364246
16060,160.59999999999891,0.9999999649172174
16061,160.6099999999989,0.9999999649978364
16062,160.6199999999989,0.9999999650782819
16063,160.6299999999989,0.9999999651585544
16064,160.63999999999888,0.999999965238654
16065,160.64999999999887,0.9999999653185812
16066,160.65999999999886,0.9999999653983364
16067,160.66999999999885,0.9999999654779197
16068,160.67999999999884,0.9999999655573316
16069,160.68999999999883,0.9999999656365725
16070,160.69999999999882,0.9999999657156426
16071,160.70999999999881,0.9999999657945424
16072,160.7199999999988,0.9999999658732721
16073,160.7299999999988,0.9999999659518322
16074,160.7399999999988,0.9999999660302228
16075,160.74999999999878,0.9999999661084443
16076,160.75999999999877,0.9999999661864972
16077,160.76999999999876,0.9999999662643817
16078,160.77999999999875,0.9999999663420981
16079,160.78999999999874,0.999999966419647
16080,160.79999999999873,0.9999999664970283
16081,160.80999999999872,0.9999999665742426
16082,160.8199999999987,0.9999999666512903
16083,160.8299999999987,0.9999999667281716
16084,160.8399999999987,0.9999999668048868
16085,160.8499999999987,0.9999999668814363
16086,160.85999999999868,0.9999999669578206
16087,160.86999999999867,0.9999999670340396
16088,160.87999999999866,0.999999967110094
16089,160.88999999999865,0.999999967185984
16090,160.89999999999864,0.9999999672617099
16091,160.90999999999863,0.9999999673372721
16092,160.91999999999862,0.9999999674126709
16093,160.9299999999986,0.9999999674879066
16094,160.9399999999986,0.9999999675629795
16095,160.9499999999986,0.99999996763789
16096,160.9599999999986,0.9999999677126384
16097,160.96999999999858,0.999999967787225
16098,160.97999999999857,0.9999999678616501
16099,160.98999999999856,0.9999999679359142
16100,160.99999999999855,0.9999999680100173
16101,161.00999999999854,0.99999996808396
16102,161.01999999999853,0.9999999681577425
16103,161.02999999999852,0.9999999682313652
16104,161.0399999999985,0.9999999683048283
16105,161.0499999999985,0.9999999683781321
16106,161.0599999999985,0.9999999684512771
16107,161.0699999999985,0.9999999685242635
16108,161.07999999999848,0.9999999685970916
16109,161.08999999999847,0.9999999686697618
16110,161.09999999999846,0.9999999687422744
16111,161.10999999999845,0.9999999688146296
16112,161.11999999999844,0.9999999688868277
16113,161.12999999999843,0.9999999689588693
16114,161.13999999999842,0.9999999690307545
16115,161.1499999999984,0.9999999691024836
16116,161.1599999999984,0.999999969174057
16117,161.1699999999984,0.9999999692454749
16118,161.1799999999984,0.9999999693167376
16119,161.18999999999838,0.9999999693878456
16120,161.19999999999837,0.9999999694587991
16121,161.20999999999836,0.9999999695295984
16122,161.21999999999835,0.9999999696002437
16123,161.22999999999834,0.9999999696707356
16124,161.23999999999833,0.9999999697410741
16125,161.24999999999832,0.9999999698112597
16126,161.2599999999983,0.9999999698812926
16127,161.2699999999983,0.9999999699511731
16128,161.2799999999983,0.9999999700209017
16129,161.2899999999983,0.9999999700904786
16130,161.29999999999828,0.9999999701599039
16131,161.30999999999827,0.9999999702291782
16132,161.31999999999826,0.9999999702983016
16133,161.32999999999825,0.9999999703672745
16134,161.33999999999824,0.9999999704360972
16135,161.34999999999823,0.99999997050477
16136,161.35999999999822,0.9999999705732932
16137,161.3699999999982,0.999999970641667
16138,161.3799999999982,0.9999999707098919
16139,161.3899999999982,0.999999970777968
16140,161.3999999999982,0.9999999708458956
16141,161.40999999999818,0.9999999709136753
16142,161.41999999999817,0.9999999709813071
16143,161.42999999999816,0.9999999710487913
16144,161.43999999999815,0.9999999711161284
16145,161.44999999999814,0.9999999711833185
16146,161.45999999999813,0.9999999712503621
16147,161.46999999999812,0.9999999713172593
16148,161.4799999999981,0.9999999713840104
16149,161.4899999999981,0.9999999714506158
16150,161.4999999999981,0.9999999715170758
16151,161.5099999999981,0.9999999715833905
16152,161.51999999999808,0.9999999716495604
16153,161.52999999999807,0.9999999717155859
16154,161.53999999999806,0.9999999717814669
16155,161.54999999999805,0.999999971847204
16156,161.55999999999804,0.9999999719127974
16157,161.56999999999803,0.9999999719782474
16158,161.57999999999802,0.9999999720435543
16159,161.589999999998,0.9999999721087184
16160,161.599999999998,0.9999999721737399
16161,161.609999999998,0.9999999722386191
16162,161.619999999998,0.9999999723033565
16163,161.62999999999798,0.9999999723679521
16164,161.63999999999797,0.9999999724324063
16165,161.64999999999796,0.9999999724967196
16166,161.65999999999795,0.9999999725608919
16167,161.66999999999794,0.9999999726249237
16168,161.67999999999793,0.9999999726888152
16169,161.68999999999792,0.9999999727525668
16170,161.6999999999979,0.9999999728161788
16171,161.7099999999979,0.9999999728796513
16172,161.7199999999979,0.9999999729429847
16173,161.7299999999979,0.9999999730061793
16174,161.73999999999788,0.9999999730692353
16175,161.74999999999787,0.999999973132153
16176,161.75999999999786,0.9999999731949328
16177,161.76999999999785,0.9999999732575748
16178,161.77999999999784,0.9999999733200795
16179,161.78999999999783,0.999999973382447
16180,161.79999999999782,0.9999999734446776
16181,161.8099999999978,0.9999999735067716
16182,161.8199999999978,0.9999999735687293
16183,161.8299999999978,0.9999999736305509
16184,161.8399999999978,0.9999999736922368
16185,161.84999999999778,0.9999999737537872
16186,161.85999999999777,0.9999999738152024
16187,161.86999999999776,0.9999999738764827
16188,161.87999999999775,0.9999999739376283
16189,161.88999999999774,0.9999999739986395
16190,161.89999999999773,0.9999999740595166
16191,161.90999999999772,0.9999999741202598
16192,161.9199999999977,0.9999999741808694
16193,161.9299999999977,0.9999999742413458
16194,161.9399999999977,0.9999999743016891
16195,161.9499999999977,0.9999999743618997
16196,161.95999999999768,0.9999999744219777
16197,161.96999999999767,0.9999999744819237
16198,161.97999999999766,0.9999999745417375
16199,161.98999999999765,0.9999999746014198
16200,161.99999999999764,0.9999999746609706
16201,162.00999999999763,0.9999999747203903
16202,162.01999999999762,0.9999999747796791
16203,162.0299999999976,0.9999999748388373
16204,162.0399999999976,0.9999999748978651
16205,162.0499999999976,0.9999999749567628
16206,162.0599999999976,0.9999999750155308
16207,162.06999999999758,0.9999999750741693
16208,162.07999999999757,0.9999999751326784
16209,162.08999999999756,0.9999999751910584
16210,162.09999999999755,0.9999999752493098
16211,162.10999999999754,0.9999999753074327
16212,162.11999999999753,0.9999999753654273
16213,162.12999999999752,0.9999999754232939
16214,162.1399999999975,0.9999999754810329
16215,162.1499999999975,0.9999999755386444
16216,162.1599999999975,0.9999999755961286
16217,162.1699999999975,0.9999999756534861
16218,162.17999999999748,0.9999999757107167
16219,162.18999999999747,0.9999999757678211
16220,162.19999999999746,0.9999999758247993
16221,162.20999999999745,0.9999999758816516
16222,162.21999999999744,0.9999999759383782
16223,162.22999999999743,0.9999999759949794
16224,162.23999999999742,0.9999999760514555
16225,162.2499999999974,0.9999999761078068
16226,162.2599999999974,0.9999999761640335
16227,162.2699999999974,0.9999999762201358
16228,162.2799999999974,0.999999976276114
16229,162.28999999999738,0.9999999763319684
16230,162.29999999999737,0.9999999763876991
16231,162.30999999999736,0.9999999764433066
16232,162.31999999999735,0.9999999764987909
16233,162.32999999999734,0.9999999765541525
16234,162.33999999999733,0.9999999766093914
16235,162.34999999999732,0.999999976664508
16236,162.3599999999973,0.9999999767195026
16237,162.3699999999973,0.9999999767743752
16238,162.3799999999973,0.9999999768291264
16239,162.3899999999973,0.9999999768837562
16240,162.39999999999728,0.9999999769382649
16241,162.40999999999727,0.9999999769926529
16242,162.41999999999726,0.9999999770469201
16243,162.42999999999725,0.9999999771010671
16244,162.43999999999724,0.999999977155094
16245,162.44999999999723,0.9999999772090011
16246,162.45999999999722,0.9999999772627886
16247,162.4699999999972,0.9999999773164567
16248,162.4799999999972,0.9999999773700057
16249,162.4899999999972,0.9999999774234358
16250,162.4999999999972,0.9999999774767474
16251,162.50999999999718,0.9999999775299406
16252,162.51999999999717,0.9999999775830156
16253,162.52999999999716,0.9999999776359728
16254,162.53999999999715,0.9999999776888123
16255,162.54999999999714,0.9999999777415345
16256,162.55999999999713,0.9999999777941395
16257,162.56999999999712,0.9999999778466275
16258,162.5799999999971,0.999999977898999
16259,162.5899999999971,0.999999977951254
16260,162.5999999999971,0.9999999780033927
16261,162.6099999999971,0.9999999780554155
16262,162.61999999999708,0.9999999781073226
16263,162.62999999999707,0.9999999781591142
16264,162.63999999999706,0.9999999782107906
16265,162.64999999999705,0.999999978262352
16266,162.65999999999704,0.9999999783137986
16267,162.66999999999703,0.9999999783651308
16268,162.67999999999702,0.9999999784163486
16269,162.689999999997,0.9999999784674524
16270,162.699999999997,0.9999999785184422
16271,162.709999999997,0.9999999785693187
16272,162.719999999997,0.9999999786200817
16273,162.72999999999698,0.9999999786707315
16274,162.73999999999697,0.9999999787212687
16275,162.74999999999696,0.999999978771693
16276,162.75999999999695,0.999999978822005
16277,162.76999999999694,0.9999999788722047
16278,162.77999999999693,0.9999999789222926
16279,162.78999999999692,0.9999999789722688
16280,162.7999999999969,0.9999999790221333
16281,162.8099999999969,0.9999999790718868
16282,162.8199999999969,0.9999999791215292
16283,162.8299999999969,0.9999999791710606
16284,162.83999999999688,0.9999999792204817
16285,162.84999999999687,0.9999999792697923
16286,162.85999999999686,0.9999999793189929
16287,162.86999999999685,0.9999999793680836
16288,162.87999999999684,0.9999999794170646
16289,162.88999999999683,0.9999999794659362
16290,162.89999999999682,0.9999999795146987
16291,162.9099999999968,0.9999999795633521
16292,162.9199999999968,0.9999999796118967
16293,162.9299999999968,0.9999999796603329
16294,162.9399999999968,0.9999999797086607
16295,162.94999999999678,0.9999999797568806
16296,162.95999999999677,0.9999999798049926
16297,162.96999999999676,0.9999999798529968
16298,162.97999999999675,0.9999999799008938
16299,162.98999999999674,0.9999999799486835
16300,162.99999999999673,0.9999999799963664
16301,163.00999999999672,0.9999999800439424
16302,163.0199999999967,0.999999980091412
16303,163.0299999999967,0.9999999801387753
16304,163.0399999999967,0.9999999801860325
16305,163.0499999999967,0.9999999802331839
16306,163.05999999999668,0.9999999802802296
16307,163.06999999999667,0.99999998032717
16308,163.07999999999666,0.9999999803740051
16309,163.08999999999665,0.9999999804207353
16310,163.09999999999664,0.9999999804673607
16311,163.10999999999663,0.9999999805138816
16312,163.11999999999662,0.9999999805602983
16313,163.1299999999966,0.9999999806066107
16314,163.1399999999966,0.9999999806528194
16315,163.1499999999966,0.9999999806989243
16316,163.1599999999966,0.9999999807449258
16317,163.16999999999658,0.9999999807908241
16318,163.17999999999657,0.9999999808366193
16319,163.18999999999656,0.9999999808823118
16320,163.19999999999655,0.9999999809279017
16321,163.20999999999654,0.999999980973389
16322,163.21999999999653,0.9999999810187744
16323,163.22999999999652,0.9999999810640579
16324,163.2399999999965,0.9999999811092395
16325,163.2499999999965,0.9999999811543195
16326,163.2599999999965,0.9999999811992984
16327,163.2699999999965,0.9999999812441761
16328,163.27999999999648,0.999999981288953
16329,163.28999999999647,0.9999999813336291
16330,163.29999999999646,0.9999999813782048
16331,163.30999999999645,0.9999999814226802
16332,163.31999999999644,0.9999999814670556
16333,163.32999999999643,0.9999999815113312
16334,163.33999999999642,0.9999999815555071
16335,163.3499999999964,0.9999999815995836
16336,163.3599999999964,0.9999999816435609
16337,163.3699999999964,0.9999999816874391
16338,163.3799999999964,0.9999999817312186
16339,163.38999999999638,0.9999999817748995
16340,163.39999999999637,0.9999999818184819
16341,163.40999999999636,0.9999999818619663
16342,163.41999999999635,0.9999999819053527
16343,163.42999999999634,0.9999999819486413
16344,163.43999999999633,0.9999999819918323
16345,163.44999999999632,0.9999999820349259
16346,163.4599999999963,0.9999999820779224
16347,163.4699999999963,0.999999982120822
16348,163.4799999999963,0.9999999821636247
16349,163.4899999999963,0.999999982206331
16350,163.49999999999628,0.9999999822489409
16351,163.50999999999627,0.9999999822914547
16352,163.51999999999626,0.9999999823338726
16353,163.52999999999625,0.9999999823761946
16354,163.53999999999624,0.9999999824184211
16355,163.54999999999623,0.9999999824605524
16356,163.55999999999622,0.9999999825025885
16357,163.5699999999962,0.9999999825445296
16358,163.5799999999962,0.999999982586376
16359,163.5899999999962,0.999999982628128
16360,163.5999999999962,0.9999999826697854
16361,163.60999999999618,0.9999999827113488
16362,163.61999999999617,0.9999999827528183
16363,163.62999999999616,0.999999982794194
16364,163.63999999999615,0.9999999828354761
16365,163.64999999999614,0.9999999828766649
16366,163.65999999999613,0.9999999829177606
16367,163.66999999999612,0.9999999829587632
16368,163.6799999999961,0.9999999829996732
16369,163.6899999999961,0.9999999830404905
16370,163.6999999999961,0.9999999830812154
16371,163.70999999999609,0.9999999831218482
16372,163.71999999999608,0.999999983162389
16373,163.72999999999607,0.999999983202838
16374,163.73999999999606,0.9999999832431955
16375,163.74999999999605,0.9999999832834615
16376,163.75999999999604,0.9999999833236363
16377,163.76999999999603,0.9999999833637201
16378,163.77999999999602,0.999999983403713
16379,163.789999999996,0.9999999834436153
16380,163.799999999996,0.9999999834834271
16381,163.809999999996,0.9999999835231488
16382,163.81999999999599,0.9999999835627803
16383,163.82999999999598,0.9999999836023219
16384,163.83999999999597,0.9999999836417739
16385,163.84999999999596,0.9999999836811364
16386,163.85999999999595,0.9999999837204095
16387,163.86999999999594,0.9999999837595936
16388,163.87999999999593,0.9999999837986887
16389,163.88999999999592,0.9999999838376951
16390,163.8999999999959,0.9999999838766129
16391,163.9099999999959,0.9999999839154424
16392,163.9199999999959,0.9999999839541837
16393,163.92999999999589,0.999999983992837
16394,163.93999999999588,0.9999999840314023
16395,163.94999999999587,0.9999999840698802
16396,163.95999999999586,0.9999999841082706
16397,163.96999999999585,0.9999999841465738
16398,163.97999999999584,0.9999999841847899
16399,163.98999999999583,0.999999984222919
16400,163.99999999999582,0.9999999842609616
16401,164.0099999999958,0.9999999842989176
16402,164.0199999999958,0.9999999843367872
16403,164.0299999999958,0.9999999843745707
16404,164.03999999999579,0.9999999844122682
16405,164.04999999999578,0.9999999844498799
16406,164.05999999999577,0.9999999844874061
16407,164.06999999999576,0.9999999845248467
16408,164.07999999999575,0.9999999845622023
16409,164.08999999999574,0.9999999845994727
16410,164.09999999999573,0.9999999846366582
16411,164.10999999999572,0.9999999846737591
16412,164.1199999999957,0.9999999847107753
16413,164.1299999999957,0.9999999847477072
16414,164.1399999999957,0.9999999847845551
16415,164.14999999999569,0.9999999848213189
16416,164.15999999999568,0.9999999848579989
16417,164.16999999999567,0.9999999848945953
16418,164.17999999999566,0.9999999849311082
16419,164.18999999999565,0.9999999849675378
16420,164.19999999999564,0.9999999850038844
16421,164.20999999999563,0.9999999850401481
16422,164.21999999999562,0.9999999850763289
16423,164.2299999999956,0.9999999851124273
16424,164.2399999999956,0.9999999851484432
16425,164.2499999999956,0.9999999851843769
16426,164.25999999999559,0.9999999852202286
16427,164.26999999999558,0.9999999852559984
16428,164.27999999999557,0.9999999852916865
16429,164.28999999999556,0.9999999853272932
16430,164.29999999999555,0.9999999853628184
16431,164.30999999999554,0.9999999853982625
16432,164.31999999999553,0.9999999854336256
16433,164.32999999999552,0.9999999854689078
16434,164.3399999999955,0.9999999855041094
16435,164.3499999999955,0.9999999855392305
16436,164.3599999999955,0.9999999855742713
16437,164.36999999999549,0.999999985609232
16438,164.37999999999548,0.9999999856441126
16439,164.38999999999547,0.9999999856789136
16440,164.39999999999546,0.9999999857136348
16441,164.40999999999545,0.9999999857482765
16442,164.41999999999544,0.9999999857828391
16443,164.42999999999543,0.9999999858173225
16444,164.43999999999542,0.9999999858517269
16445,164.4499999999954,0.9999999858860525
16446,164.4599999999954,0.9999999859202996
16447,164.4699999999954,0.9999999859544682
16448,164.47999999999539,0.9999999859885584
16449,164.48999999999538,0.9999999860225707
16450,164.49999999999537,0.999999986056505
16451,164.50999999999536,0.9999999860903613
16452,164.51999999999535,0.9999999861241402
16453,164.52999999999534,0.9999999861578417
16454,164.53999999999533,0.9999999861914658
16455,164.54999999999532,0.9999999862250127
16456,164.5599999999953,0.9999999862584829
16457,164.5699999999953,0.9999999862918761
16458,164.5799999999953,0.9999999863251927
16459,164.58999999999529,0.9999999863584329
16460,164.59999999999528,0.9999999863915968
16461,164.60999999999527,0.9999999864246846
16462,164.61999999999526,0.9999999864576964
16463,164.62999999999525,0.9999999864906324
16464,164.63999999999524,0.9999999865234926
16465,164.64999999999523,0.9999999865562775
16466,164.65999999999522,0.999999986588987
16467,164.6699999999952,0.9999999866216215
16468,164.6799999999952,0.9999999866541809
16469,164.6899999999952,0.9999999866866653
16470,164.69999999999519,0.9999999867190752
16471,164.70999999999518,0.9999999867514106
16472,164.71999999999517,0.9999999867836715
16473,164.72999999999516,0.9999999868158583
16474,164.73999999999515,0.9999999868479711
16475,164.74999999999514,0.99999998688001
16476,164.75999999999513,0.9999999869119751
16477,164.76999999999512,0.9999999869438667
16478,164.7799999999951,0.9999999869756849
16479,164.7899999999951,0.9999999870074299
16480,164.7999999999951,0.9999999870391018
16481,164.80999999999509,0.9999999870707007
16482,164.81999999999508,0.9999999871022268
16483,164.82999999999507,0.9999999871336803
16484,164.83999999999506,0.9999999871650614
16485,164.84999999999505,0.9999999871963702
16486,164.85999999999504,0.9999999872276067
16487,164.86999999999503,0.9999999872587714
16488,164.87999999999502,0.9999999872898642
16489,164.889999999995,0.9999999873208852
16490,164.899999999995,0.9999999873518347
16491,164.909999999995,0.9999999873827129
16492,164.91999999999499,0.9999999874135198
16493,164.92999999999498,0.9999999874442557
16494,164.93999999999497,0.9999999874749207
16495,164.94999999999496,0.9999999875055149
16496,164.95999999999495,0.9999999875360384
16497,164.96999999999494,0.9999999875664916
16498,164.97999999999493,0.9999999875968744
16499,164.98999999999492,0.9999999876271869
16500,164.9999999999949,0.9999999876574296
16501,165.0099999999949,0.9999999876876023
16502,165.0199999999949,0.9999999877177054
16503,165.02999999999489,0.9999999877477389
16504,165.03999999999488,0.999999987777703
16505,165.04999999999487,0.9999999878075979
16506,165.05999999999486,0.9999999878374236
16507,165.06999999999485,0.9999999878671805
16508,165.07999999999484,0.9999999878968684
16509,165.08999999999483,0.9999999879264877
16510,165.09999999999482,0.9999999879560385
16511,165.1099999999948,0.999999987985521
16512,165.1199999999948,0.9999999880149352
16513,165.1299999999948,0.9999999880442814
16514,165.13999999999479,0.9999999880735596
16515,165.14999999999478,0.9999999881027701
16516,165.15999999999477,0.9999999881319129
16517,165.16999999999476,0.9999999881609883
16518,165.17999999999475,0.9999999881899964
16519,165.18999999999474,0.9999999882189371
16520,165.19999999999473,0.9999999882478109
16521,165.20999999999472,0.9999999882766178
16522,165.2199999999947,0.999999988305358
16523,165.2299999999947,0.9999999883340315
16524,165.2399999999947,0.9999999883626386
16525,165.24999999999469,0.9999999883911793
16526,165.25999999999468,0.9999999884196539
16527,165.26999999999467,0.9999999884480624
16528,165.27999999999466,0.999999988476405
16529,165.28999999999465,0.9999999885046819
16530,165.29999999999464,0.9999999885328932
16531,165.30999999999463,0.999999988561039
16532,165.31999999999462,0.9999999885891194
16533,165.3299999999946,0.9999999886171348
16534,165.3399999999946,0.999999988645085
16535,165.3499999999946,0.9999999886729705
16536,165.35999999999459,0.999999988700791
16537,165.36999999999458,0.999999988728547
16538,165.37999999999457,0.9999999887562385
16539,165.38999999999456,0.9999999887838658
16540,165.39999999999455,0.9999999888114287
16541,165.40999999999454,0.9999999888389276
16542,165.41999999999453,0.9999999888663627
16543,165.42999999999452,0.9999999888937339
16544,165.4399999999945,0.9999999889210415
16545,165.4499999999945,0.9999999889482856
16546,165.4599999999945,0.9999999889754663
16547,165.46999999999449,0.9999999890025838
16548,165.47999999999448,0.9999999890296382
16549,165.48999999999447,0.9999999890566297
16550,165.49999999999446,0.9999999890835582
16551,165.50999999999445,0.9999999891104242
16552,165.51999999999444,0.9999999891372277
16553,165.52999999999443,0.9999999891639686
16554,165.53999999999442,0.9999999891906474
16555,165.5499999999944,0.999999989217264
16556,165.5599999999944,0.9999999892438186
16557,165.5699999999944,0.9999999892703113
16558,165.57999999999439,0.9999999892967424
16559,165.58999999999438,0.9999999893231117
16560,165.59999999999437,0.9999999893494197
16561,165.60999999999436,0.9999999893756664
16562,165.61999999999435,0.9999999894018518
16563,165.62999999999434,0.9999999894279762
16564,165.63999999999433,0.9999999894540396
16565,165.64999999999432,0.9999999894800422
16566,165.6599999999943,0.9999999895059842
16567,165.6699999999943,0.9999999895318656
16568,165.6799999999943,0.9999999895576868
16569,165.68999999999428,0.9999999895834475
16570,165.69999999999428,0.9999999896091482
16571,165.70999999999427,0.9999999896347889
16572,165.71999999999426,0.9999999896603696
16573,165.72999999999425,0.9999999896858907
16574,165.73999999999424,0.9999999897113522
16575,165.74999999999423,0.9999999897367541
16576,165.75999999999422,0.9999999897620967
16577,165.7699999999942,0.9999999897873801
16578,165.7799999999942,0.9999999898126044
16579,165.7899999999942,0.9999999898377697
16580,165.79999999999418,0.9999999898628763
16581,165.80999999999418,0.999999989887924
16582,165.81999999999417,0.9999999899129133
16583,165.82999999999416,0.999999989937844
16584,165.83999999999415,0.9999999899627166
16585,165.84999999999414,0.9999999899875308
16586,165.85999999999413,0.999999990012287
16587,165.86999999999412,0.9999999900369853
16588,165.8799999999941,0.9999999900616257
16589,165.8899999999941,0.9999999900862084
16590,165.8999999999941,0.9999999901107337
16591,165.90999999999408,0.9999999901352015
16592,165.91999999999408,0.9999999901596119
16593,165.92999999999407,0.9999999901839652
16594,165.93999999999406,0.9999999902082615
16595,165.94999999999405,0.9999999902325007
16596,165.95999999999404,0.9999999902566833
16597,165.96999999999403,0.9999999902808091
16598,165.97999999999402,0.9999999903048784
16599,165.989999999994,0.9999999903288912
16600,165.999999999994,0.9999999903528478
16601,166.009999999994,0.9999999903767481
16602,166.01999999999398,0.9999999904005924
16603,166.02999999999398,0.9999999904243808
16604,166.03999999999397,0.9999999904481133
16605,166.04999999999396,0.9999999904717901
16606,166.05999999999395,0.9999999904954114
16607,166.06999999999394,0.9999999905189773
16608,166.07999999999393,0.9999999905424878
16609,166.08999999999392,0.999999990565943
16610,166.0999999999939,0.9999999905893433
16611,166.1099999999939,0.9999999906126885
16612,166.1199999999939,0.9999999906359789
16613,166.12999999999388,0.9999999906592146
16614,166.13999999999388,0.9999999906823956
16615,166.14999999999387,0.9999999907055223
16616,166.15999999999386,0.9999999907285946
16617,166.16999999999385,0.9999999907516125
16618,166.17999999999384,0.9999999907745765
16619,166.18999999999383,0.9999999907974864
16620,166.19999999999382,0.9999999908203423
16621,166.2099999999938,0.9999999908431445
16622,166.2199999999938,0.9999999908658932
16623,166.2299999999938,0.9999999908885882
16624,166.23999999999378,0.9999999909112298
16625,166.24999999999378,0.9999999909338182
16626,166.25999999999377,0.9999999909563534
16627,166.26999999999376,0.9999999909788355
16628,166.27999999999375,0.9999999910012647
16629,166.28999999999374,0.9999999910236411
16630,166.29999999999373,0.9999999910459647
16631,166.30999999999372,0.9999999910682358
16632,166.3199999999937,0.9999999910904545
16633,166.3299999999937,0.9999999911126206
16634,166.3399999999937,0.9999999911347346
16635,166.34999999999368,0.9999999911567965
16636,166.35999999999368,0.9999999911788063
16637,166.36999999999367,0.9999999912007643
16638,166.37999999999366,0.9999999912226705
16639,166.38999999999365,0.999999991244525
16640,166.39999999999364,0.9999999912663279
16641,166.40999999999363,0.9999999912880795
16642,166.41999999999362,0.9999999913097796
16643,166.4299999999936,0.9999999913314286
16644,166.4399999999936,0.9999999913530264
16645,166.4499999999936,0.9999999913745733
16646,166.45999999999358,0.9999999913960693
16647,166.46999999999358,0.9999999914175146
16648,166.47999999999357,0.9999999914389092
16649,166.48999999999356,0.9999999914602532
16650,166.49999999999355,0.9999999914815468
16651,166.50999999999354,0.9999999915027902
16652,166.51999999999353,0.9999999915239833
16653,166.52999999999352,0.9999999915451263
16654,166.5399999999935,0.9999999915662193
16655,166.5499999999935,0.9999999915872625
16656,166.5599999999935,0.9999999916082559
16657,166.56999999999348,0.9999999916291997
16658,166.57999999999348,0.9999999916500939
16659,166.58999999999347,0.9999999916709387
16660,166.59999999999346,0.9999999916917343
16661,166.60999999999345,0.9999999917124804
16662,166.61999999999344,0.9999999917331777
16663,166.62999999999343,0.9999999917538258
16664,166.63999999999342,0.9999999917744251
16665,166.6499999999934,0.9999999917949757
16666,166.6599999999934,0.9999999918154775
16667,166.6699999999934,0.9999999918359308
16668,166.67999999999338,0.9999999918563356
16669,166.68999999999338,0.9999999918766921
16670,166.69999999999337,0.9999999918970004
16671,166.70999999999336,0.9999999919172605
16672,166.71999999999335,0.9999999919374727
16673,166.72999999999334,0.9999999919576368
16674,166.73999999999333,0.9999999919777532
16675,166.74999999999332,0.999999991997822
16676,166.7599999999933,0.9999999920178431
16677,166.7699999999933,0.9999999920378166
16678,166.7799999999933,0.9999999920577428
16679,166.78999999999328,0.9999999920776218
16680,166.79999999999328,0.9999999920974536
16681,166.80999999999327,0.9999999921172382
16682,166.81999999999326,0.999999992136976
16683,166.82999999999325,0.9999999921566669
16684,166.83999999999324,0.999999992176311
16685,166.84999999999323,0.9999999921959085
16686,166.85999999999322,0.9999999922154594
16687,166.8699999999932,0.9999999922349638
16688,166.8799999999932,0.999999992254422
16689,166.8899999999932,0.999999992273834
16690,166.89999999999318,0.9999999922931997
16691,166.90999999999318,0.9999999923125195
16692,166.91999999999317,0.9999999923317933
16693,166.92999999999316,0.9999999923510212
16694,166.93999999999315,0.9999999923702035
16695,166.94999999999314,0.9999999923893401
16696,166.95999999999313,0.9999999924084313
16697,166.96999999999312,0.999999992427477
16698,166.9799999999931,0.9999999924464774
16699,166.9899999999931,0.9999999924654326
16700,166.9999999999931,0.9999999924843426
16701,167.00999999999308,0.9999999925032077
16702,167.01999999999308,0.9999999925220278
16703,167.02999999999307,0.9999999925408031
16704,167.03999999999306,0.9999999925595338
16705,167.04999999999305,0.9999999925782197
16706,167.05999999999304,0.9999999925968612
16707,167.06999999999303,0.9999999926154582
16708,167.07999999999302,0.9999999926340111
16709,167.089999999993,0.9999999926525196
16710,167.099999999993,0.999999992670984
16711,167.109999999993,0.9999999926894044
16712,167.11999999999298,0.999999992707781
16713,167.12999999999298,0.9999999927261136
16714,167.13999999999297,0.9999999927444025
16715,167.14999999999296,0.9999999927626478
16716,167.15999999999295,0.9999999927808496
16717,167.16999999999294,0.999999992799008
16718,167.17999999999293,0.999999992817123
16719,167.18999999999292,0.9999999928351948
16720,167.1999999999929,0.9999999928532235
16721,167.2099999999929,0.9999999928712091
16722,167.2199999999929,0.9999999928891518
16723,167.22999999999288,0.9999999929070517
16724,167.23999999999288,0.9999999929249087
16725,167.24999999999287,0.9999999929427231
16726,167.25999999999286,0.9999999929604949
16727,167.26999999999285,0.9999999929782243
16728,167.27999999999284,0.9999999929959114
16729,167.28999999999283,0.9999999930135561
16730,167.29999999999282,0.9999999930311586
16731,167.3099999999928,0.9999999930487191
16732,167.3199999999928,0.9999999930662377
16733,167.3299999999928,0.9999999930837142
16734,167.33999999999278,0.999999993101149
16735,167.34999999999278,0.999999993118542
16736,167.35999999999277,0.9999999931358935
16737,167.36999999999276,0.9999999931532034
16738,167.37999999999275,0.999999993170472
16739,167.38999999999274,0.9999999931876992
16740,167.39999999999273,0.9999999932048851
16741,167.40999999999272,0.9999999932220298
16742,167.4199999999927,0.9999999932391336
16743,167.4299999999927,0.9999999932561964
16744,167.4399999999927,0.9999999932732182
16745,167.44999999999268,0.9999999932901993
16746,167.45999999999268,0.9999999933071397
16747,167.46999999999267,0.9999999933240395
16748,167.47999999999266,0.9999999933408988
16749,167.48999999999265,0.9999999933577177
16750,167.49999999999264,0.9999999933744963
16751,167.50999999999263,0.9999999933912347
16752,167.51999999999262,0.9999999934079329
16753,167.5299999999926,0.999999993424591
16754,167.5399999999926,0.9999999934412092
16755,167.5499999999926,0.9999999934577876
16756,167.55999999999258,0.999999993474326
16757,167.56999999999258,0.9999999934908249
16758,167.57999999999257,0.9999999935072841
16759,167.58999999999256,0.9999999935237038
16760,167.59999999999255,0.9999999935400842
16761,167.60999999999254,0.9999999935564251
16762,167.61999999999253,0.9999999935727268
16763,167.62999999999252,0.9999999935889894
16764,167.6399999999925,0.9999999936052129
16765,167.6499999999925,0.9999999936213974
16766,167.6599999999925,0.999999993637543
16767,167.66999999999248,0.9999999936536498
16768,167.67999999999248,0.9999999936697179
16769,167.68999999999247,0.9999999936857474
16770,167.69999999999246,0.9999999937017383
16771,167.70999999999245,0.9999999937176908
16772,167.71999999999244,0.9999999937336048
16773,167.72999999999243,0.9999999937494807
16774,167.73999999999242,0.9999999937653183
16775,167.7499999999924,0.9999999937811178
16776,167.7599999999924,0.9999999937968793
16777,167.7699999999924,0.9999999938126028
16778,167.77999999999238,0.9999999938282885
16779,167.78999999999238,0.9999999938439365
16780,167.79999999999237,0.9999999938595467
16781,167.80999999999236,0.9999999938751194
16782,167.81999999999235,0.9999999938906545
16783,167.82999999999234,0.9999999939061522
16784,167.83999999999233,0.9999999939216127
16785,167.84999999999232,0.9999999939370358
16786,167.8599999999923,0.9999999939524218
16787,167.8699999999923,0.9999999939677706
16788,167.8799999999923,0.9999999939830825
16789,167.88999999999228,0.9999999939983574
16790,167.89999999999227,0.9999999940135955
16791,167.90999999999227,0.9999999940287969
16792,167.91999999999226,0.9999999940439616
16793,167.92999999999225,0.9999999940590897
16794,167.93999999999224,0.9999999940741813
16795,167.94999999999223,0.9999999940892365
16796,167.95999999999222,0.9999999941042553
16797,167.9699999999922,0.9999999941192379
16798,167.9799999999922,0.9999999941341844
16799,167.9899999999922,0.9999999941490947
16800,167.99999999999218,0.999999994163969
16801,168.00999999999217,0.9999999941788075
16802,168.01999999999217,0.99999999419361
16803,168.02999999999216,0.9999999942083768
16804,168.03999999999215,0.9999999942231079
16805,168.04999999999214,0.9999999942378034
16806,168.05999999999213,0.9999999942524634
16807,168.06999999999212,0.999999994267088
16808,168.0799999999921,0.9999999942816772
16809,168.0899999999921,0.9999999942962311
16810,168.0999999999921,0.9999999943107498
16811,168.10999999999208,0.9999999943252335
16812,168.11999999999207,0.999999994339682
16813,168.12999999999207,0.9999999943540956
16814,168.13999999999206,0.9999999943684743
16815,168.14999999999205,0.9999999943828183
16816,168.15999999999204,0.9999999943971275
16817,168.16999999999203,0.9999999944114021
16818,168.17999999999202,0.999999994425642
16819,168.189999999992,0.9999999944398476
16820,168.199999999992,0.9999999944540188
16821,168.209999999992,0.9999999944681555
16822,168.21999999999198,0.9999999944822581
16823,168.22999999999197,0.9999999944963265
16824,168.23999999999197,0.9999999945103607
16825,168.24999999999196,0.9999999945243611
16826,168.25999999999195,0.9999999945383273
16827,168.26999999999194,0.9999999945522599
16828,168.27999999999193,0.9999999945661585
16829,168.28999999999192,0.9999999945800235
16830,168.2999999999919,0.9999999945938549
16831,168.3099999999919,0.9999999946076527
16832,168.3199999999919,0.9999999946214171
16833,168.32999999999188,0.999999994635148
16834,168.33999999999187,0.9999999946488456
16835,168.34999999999187,0.99999999466251
16836,168.35999999999186,0.9999999946761412
16837,168.36999999999185,0.9999999946897393
16838,168.37999999999184,0.9999999947033044
16839,168.38999999999183,0.9999999947168365
16840,168.39999999999182,0.9999999947303359
16841,168.4099999999918,0.9999999947438023
16842,168.4199999999918,0.9999999947572361
16843,168.4299999999918,0.9999999947706373
16844,168.43999999999178,0.9999999947840058
16845,168.44999999999177,0.9999999947973419
16846,168.45999999999177,0.9999999948106455
16847,168.46999999999176,0.9999999948239169
16848,168.47999999999175,0.9999999948371558
16849,168.48999999999174,0.9999999948503627
16850,168.49999999999173,0.9999999948635374
16851,168.50999999999172,0.9999999948766801
16852,168.5199999999917,0.9999999948897909
16853,168.5299999999917,0.9999999949028696
16854,168.5399999999917,0.9999999949159165
16855,168.54999999999168,0.9999999949289318
16856,168.55999999999167,0.9999999949419153
16857,168.56999999999167,0.9999999949548672
16858,168.57999999999166,0.9999999949677876
16859,168.58999999999165,0.9999999949806765
16860,168.59999999999164,0.999999994993534
16861,168.60999999999163,0.9999999950063602
16862,168.61999999999162,0.9999999950191552
16863,168.6299999999916,0.9999999950319188
16864,168.6399999999916,0.9999999950446515
16865,168.6499999999916,0.9999999950573532
16866,168.65999999999158,0.9999999950700238
16867,168.66999999999157,0.9999999950826636
16868,168.67999999999157,0.9999999950952725
16869,168.68999999999156,0.9999999951078506
16870,168.69999999999155,0.9999999951203982
16871,168.70999999999154,0.999999995132915
16872,168.71999999999153,0.9999999951454014
16873,168.72999999999152,0.9999999951578573
16874,168.7399999999915,0.9999999951702828
16875,168.7499999999915,0.9999999951826779
16876,168.7599999999915,0.9999999951950428
16877,168.76999999999148,0.9999999952073775
16878,168.77999999999147,0.9999999952196821
16879,168.78999999999147,0.9999999952319566
16880,168.79999999999146,0.9999999952442011
16881,168.80999999999145,0.9999999952564158
16882,168.81999999999144,0.9999999952686006
16883,168.82999999999143,0.9999999952807556
16884,168.83999999999142,0.9999999952928809
16885,168.8499999999914,0.9999999953049766
16886,168.8599999999914,0.9999999953170426
16887,168.8699999999914,0.9999999953290792
16888,168.87999999999138,0.9999999953410864
16889,168.88999999999137,0.9999999953530642
16890,168.89999999999137,0.9999999953650127
16891,168.90999999999136,0.999999995376932
16892,168.91999999999135,0.999999995388822
16893,168.92999999999134,0.9999999954006831
16894,168.93999999999133,0.999999995412515
16895,168.94999999999132,0.9999999954243181
16896,168.9599999999913,0.9999999954360921
16897,168.9699999999913,0.9999999954478375
16898,168.9799999999913,0.999999995459554
16899,168.98999999999128,0.9999999954712417
16900,168.99999999999127,0.999999995482901
16901,169.00999999999127,0.9999999954945316
16902,169.01999999999126,0.9999999955061337
16903,169.02999999999125,0.9999999955177074
16904,169.03999999999124,0.9999999955292527
16905,169.04999999999123,0.9999999955407698
16906,169.05999999999122,0.9999999955522585
16907,169.0699999999912,0.9999999955637191
16908,169.0799999999912,0.9999999955751516
16909,169.0899999999912,0.9999999955865562
16910,169.09999999999118,0.9999999955979326
16911,169.10999999999117,0.9999999956092812
16912,169.11999999999117,0.9999999956206019
16913,169.12999999999116,0.9999999956318949
16914,169.13999999999115,0.9999999956431602
16915,169.14999999999114,0.9999999956543978
16916,169.15999999999113,0.9999999956656077
16917,169.16999999999112,0.9999999956767902
16918,169.1799999999911,0.9999999956879453
16919,169.1899999999911,0.9999999956990728
16920,169.1999999999911,0.9999999957101732
16921,169.20999999999108,0.9999999957212462
16922,169.21999999999107,0.9999999957322919
16923,169.22999999999107,0.9999999957433106
16924,169.23999999999106,0.9999999957543022
16925,169.24999999999105,0.9999999957652668
16926,169.25999999999104,0.9999999957762044
16927,169.26999999999103,0.9999999957871151
16928,169.27999999999102,0.9999999957979989
16929,169.289999999991,0.999999995808856
16930,169.299999999991,0.9999999958196863
16931,169.309999999991,0.9999999958304902
16932,169.31999999999098,0.9999999958412673
16933,169.32999999999097,0.9999999958520179
16934,169.33999999999097,0.9999999958627421
16935,169.34999999999096,0.9999999958734399
16936,169.35999999999095,0.9999999958841114
16937,169.36999999999094,0.9999999958947565
16938,169.37999999999093,0.9999999959053755
16939,169.38999999999092,0.9999999959159682
16940,169.3999999999909,0.999999995926535
16941,169.4099999999909,0.9999999959370757
16942,169.4199999999909,0.9999999959475904
16943,169.42999999999088,0.9999999959580791
16944,169.43999999999087,0.999999995968542
16945,169.44999999999087,0.9999999959789792
16946,169.45999999999086,0.9999999959893906
16947,169.46999999999085,0.9999999959997763
16948,169.47999999999084,0.9999999960101364
16949,169.48999999999083,0.9999999960204711
16950,169.49999999999082,0.99999999603078
16951,169.5099999999908,0.9999999960410637
16952,169.5199999999908,0.9999999960513221
16953,169.5299999999908,0.999999996061555
16954,169.53999999999078,0.9999999960717627
16955,169.54999999999077,0.9999999960819451
16956,169.55999999999077,0.9999999960921025
16957,169.56999999999076,0.9999999961022348
16958,169.57999999999075,0.999999996112342
16959,169.58999999999074,0.9999999961224243
16960,169.59999999999073,0.9999999961324817
16961,169.60999999999072,0.9999999961425142
16962,169.6199999999907,0.999999996152522
16963,169.6299999999907,0.999999996162505
16964,169.6399999999907,0.9999999961724634
16965,169.64999999999068,0.9999999961823971
16966,169.65999999999067,0.9999999961923063
16967,169.66999999999067,0.9999999962021909
16968,169.67999999999066,0.9999999962120512
16969,169.68999999999065,0.999999996221887
16970,169.69999999999064,0.9999999962316984
16971,169.70999999999063,0.9999999962414857
16972,169.71999999999062,0.9999999962512487
16973,169.7299999999906,0.9999999962609876
16974,169.7399999999906,0.9999999962707024
16975,169.7499999999906,0.999999996280393
16976,169.75999999999058,0.9999999962900598
16977,169.76999999999057,0.9999999962997025
16978,169.77999999999057,0.9999999963093213
16979,169.78999999999056,0.9999999963189165
16980,169.79999999999055,0.9999999963284878
16981,169.80999999999054,0.9999999963380354
16982,169.81999999999053,0.9999999963475593
16983,169.82999999999052,0.9999999963570596
16984,169.8399999999905,0.9999999963665364
16985,169.8499999999905,0.9999999963759897
16986,169.8599999999905,0.9999999963854196
16987,169.86999999999048,0.9999999963948261
16988,169.87999999999047,0.9999999964042091
16989,169.88999999999047,0.9999999964135691
16990,169.89999999999046,0.9999999964229057
16991,169.90999999999045,0.9999999964322192
16992,169.91999999999044,0.9999999964415096
16993,169.92999999999043,0.9999999964507769
16994,169.93999999999042,0.9999999964600212
16995,169.9499999999904,0.9999999964692426
16996,169.9599999999904,0.9999999964784411
16997,169.9699999999904,0.9999999964876167
16998,169.97999999999038,0.9999999964967696
16999,169.98999999999037,0.9999999965058998
17000,169.99999999999037,0.9999999965150073
17001,170.00999999999036,0.9999999965240921
17002,170.01999999999035,0.9999999965331543
17003,170.02999999999034,0.9999999965421941
17004,170.03999999999033,0.9999999965512113
17005,170.04999999999032,0.9999999965602062
17006,170.0599999999903,0.9999999965691787
17007,170.0699999999903,0.9999999965781289
17008,170.0799999999903,0.9999999965870567
17009,170.08999999999028,0.9999999965959625
17010,170.09999999999027,0.9999999966048461
17011,170.10999999999026,0.9999999966137075
17012,170.11999999999026,0.999999996622547
17013,170.12999999999025,0.9999999966313644
17014,170.13999999999024,0.9999999966401599
17015,170.14999999999023,0.9999999966489335
17016,170.15999999999022,0.9999999966576852
17017,170.1699999999902,0.9999999966664153
17018,170.1799999999902,0.9999999966751234
17019,170.1899999999902,0.99999999668381
17020,170.19999999999018,0.9999999966924749
17021,170.20999999999017,0.9999999967011182
17022,170.21999999999016,0.9999999967097399
17023,170.22999999999016,0.9999999967183403
17024,170.23999999999015,0.9999999967269191
17025,170.24999999999014,0.9999999967354766
17026,170.25999999999013,0.9999999967440127
17027,170.26999999999012,0.9999999967525276
17028,170.2799999999901,0.9999999967610212
17029,170.2899999999901,0.9999999967694937
17030,170.2999999999901,0.999999996777945
17031,170.30999999999008,0.9999999967863752
17032,170.31999999999007,0.9999999967947845
17033,170.32999999999006,0.9999999968031726
17034,170.33999999999006,0.99999999681154
17035,170.34999999999005,0.9999999968198864
17036,170.35999999999004,0.999999996828212
17037,170.36999999999003,0.9999999968365166
17038,170.37999999999002,0.9999999968448008
17039,170.38999999999,0.9999999968530641
17040,170.39999999999,0.9999999968613068
17041,170.40999999999,0.9999999968695289
17042,170.41999999998998,0.9999999968777306
17043,170.42999999998997,0.9999999968859116
17044,170.43999999998996,0.9999999968940723
17045,170.44999999998996,0.9999999969022125
17046,170.45999999998995,0.9999999969103324
17047,170.46999999998994,0.999999996918432
17048,170.47999999998993,0.9999999969265114
17049,170.48999999998992,0.9999999969345705
17050,170.4999999999899,0.9999999969426095
17051,170.5099999999899,0.9999999969506284
17052,170.5199999999899,0.9999999969586272
17053,170.52999999998988,0.999999996966606
17054,170.53999999998987,0.9999999969745649
17055,170.54999999998986,0.9999999969825037
17056,170.55999999998986,0.9999999969904229
17057,170.56999999998985,0.9999999969983221
17058,170.57999999998984,0.9999999970062016
17059,170.58999999998983,0.9999999970140613
17060,170.59999999998982,0.9999999970219012
17061,170.6099999999898,0.9999999970297216
17062,170.6199999999898,0.9999999970375225
17063,170.6299999999898,0.9999999970453037
17064,170.63999999998978,0.9999999970530655
17065,170.64999999998977,0.9999999970608078
17066,170.65999999998976,0.9999999970685307
17067,170.66999999998976,0.9999999970762342
17068,170.67999999998975,0.9999999970839185
17069,170.68999999998974,0.9999999970915834
17070,170.69999999998973,0.9999999970992292
17071,170.70999999998972,0.9999999971068557
17072,170.7199999999897,0.9999999971144632
17073,170.7299999999897,0.9999999971220515
17074,170.7399999999897,0.9999999971296208
17075,170.74999999998968,0.9999999971371711
17076,170.75999999998967,0.9999999971447024
17077,170.76999999998966,0.9999999971522149
17078,170.77999999998966,0.9999999971597084
17079,170.78999999998965,0.9999999971671832
17080,170.79999999998964,0.9999999971746393
17081,170.80999999998963,0.9999999971820765
17082,170.81999999998962,0.9999999971894952
17083,170.8299999999896,0.999999997196895
17084,170.8399999999896,0.9999999972042765
17085,170.8499999999896,0.9999999972116392
17086,170.85999999998958,0.9999999972189836
17087,170.86999999998957,0.9999999972263094
17088,170.87999999998956,0.9999999972336169
17089,170.88999999998956,0.9999999972409059
17090,170.89999999998955,0.9999999972481767
17091,170.90999999998954,0.9999999972554291
17092,170.91999999998953,0.9999999972626633
17093,170.92999999998952,0.9999999972698792
17094,170.9399999999895,0.9999999972770771
17095,170.9499999999895,0.9999999972842568
17096,170.9599999999895,0.9999999972914185
17097,170.96999999998948,0.9999999972985621
17098,170.97999999998947,0.9999999973056878
17099,170.98999999998946,0.9999999973127955
17100,170.99999999998946,0.9999999973198853
17101,171.00999999998945,0.9999999973269572
17102,171.01999999998944,0.9999999973340115
17103,171.02999999998943,0.9999999973410478
17104,171.03999999998942,0.9999999973480664
17105,171.0499999999894,0.9999999973550674
17106,171.0599999999894,0.9999999973620507
17107,171.0699999999894,0.9999999973690165
17108,171.07999999998938,0.9999999973759646
17109,171.08999999998937,0.9999999973828952
17110,171.09999999998936,0.9999999973898084
17111,171.10999999998936,0.9999999973967041
17112,171.11999999998935,0.9999999974035825
17113,171.12999999998934,0.9999999974104434
17114,171.13999999998933,0.9999999974172872
17115,171.14999999998932,0.9999999974241136
17116,171.1599999999893,0.9999999974309227
17117,171.1699999999893,0.9999999974377147
17118,171.1799999999893,0.9999999974444896
17119,171.18999999998928,0.9999999974512473
17120,171.19999999998927,0.9999999974579881
17121,171.20999999998926,0.9999999974647117
17122,171.21999999998926,0.9999999974714184
17123,171.22999999998925,0.9999999974781082
17124,171.23999999998924,0.999999997484781
17125,171.24999999998923,0.999999997491437
17126,171.25999999998922,0.9999999974980761
17127,171.2699999999892,0.9999999975046986
17128,171.2799999999892,0.9999999975113042
17129,171.2899999999892,0.9999999975178931
17130,171.29999999998918,0.9999999975244654
17131,171.30999999998917,0.9999999975310211
17132,171.31999999998916,0.9999999975375602
17133,171.32999999998916,0.9999999975440828
17134,171.33999999998915,0.9999999975505889
17135,171.34999999998914,0.9999999975570785
17136,171.35999999998913,0.9999999975635516
17137,171.36999999998912,0.9999999975700085
17138,171.3799999999891,0.9999999975764489
17139,171.3899999999891,0.9999999975828731
17140,171.3999999999891,0.9999999975892809
17141,171.40999999998908,0.9999999975956726
17142,171.41999999998907,0.999999997602048
17143,171.42999999998906,0.9999999976084074
17144,171.43999999998906,0.9999999976147507
17145,171.44999999998905,0.9999999976210777
17146,171.45999999998904,0.9999999976273889
17147,171.46999999998903,0.999999997633684
17148,171.47999999998902,0.9999999976399632
17149,171.489999999989,0.9999999976462265
17150,171.499999999989,0.9999999976524738
17151,171.509999999989,0.9999999976587054
17152,171.51999999998898,0.9999999976649211
17153,171.52999999998897,0.9999999976711211
17154,171.53999999998896,0.9999999976773054
17155,171.54999999998896,0.9999999976834739
17156,171.55999999998895,0.9999999976896269
17157,171.56999999998894,0.9999999976957641
17158,171.57999999998893,0.9999999977018859
17159,171.58999999998892,0.9999999977079921
17160,171.5999999999889,0.9999999977140828
17161,171.6099999999889,0.999999997720158
17162,171.6199999999889,0.9999999977262177
17163,171.62999999998888,0.9999999977322622
17164,171.63999999998887,0.9999999977382913
17165,171.64999999998886,0.999999997744305
17166,171.65999999998886,0.9999999977503035
17167,171.66999999998885,0.9999999977562867
17168,171.67999999998884,0.9999999977622547
17169,171.68999999998883,0.9999999977682076
17170,171.69999999998882,0.9999999977741453
17171,171.7099999999888,0.999999997780068
17172,171.7199999999888,0.9999999977859755
17173,171.7299999999888,0.9999999977918681
17174,171.73999999998878,0.9999999977977456
17175,171.74999999998877,0.9999999978036083
17176,171.75999999998876,0.9999999978094559
17177,171.76999999998876,0.9999999978152888
17178,171.77999999998875,0.9999999978211068
17179,171.78999999998874,0.99999999782691
17180,171.79999999998873,0.9999999978326983
17181,171.80999999998872,0.999999997838472
17182,171.8199999999887,0.999999997844231
17183,171.8299999999887,0.9999999978499753
17184,171.8399999999887,0.999999997855705
17185,171.84999999998868,0.9999999978614201
17186,171.85999999998867,0.9999999978671207
17187,171.86999999998866,0.9999999978728067
17188,171.87999999998866,0.9999999978784782
17189,171.88999999998865,0.9999999978841352
17190,171.89999999998864,0.9999999978897779
17191,171.90999999998863,0.9999999978954062
17192,171.91999999998862,0.9999999979010201
17193,171.9299999999886,0.9999999979066198
17194,171.9399999999886,0.9999999979122051
17195,171.9499999999886,0.9999999979177762
17196,171.95999999998858,0.999999997923333
17197,171.96999999998857,0.9999999979288757
17198,171.97999999998856,0.9999999979344043
17199,171.98999999998856,0.9999999979399187
17200,171.99999999998855,0.9999999979454192
17201,172.00999999998854,0.9999999979509054
17202,172.01999999998853,0.9999999979563778
17203,172.02999999998852,0.9999999979618361
17204,172.0399999999885,0.9999999979672806
17205,172.0499999999885,0.9999999979727111
17206,172.0599999999885,0.9999999979781278
17207,172.06999999998848,0.9999999979835306
17208,172.07999999998847,0.9999999979889196
17209,172.08999999998846,0.9999999979942948
17210,172.09999999998846,0.9999999979996564
17211,172.10999999998845,0.9999999980050043
17212,172.11999999998844,0.9999999980103383
17213,172.12999999998843,0.9999999980156589
17214,172.13999999998842,0.9999999980209658
17215,172.1499999999884,0.9999999980262592
17216,172.1599999999884,0.9999999980315389
17217,172.1699999999884,0.9999999980368053
17218,172.17999999998838,0.9999999980420581
17219,172.18999999998837,0.9999999980472974
17220,172.19999999998836,0.9999999980525235
17221,172.20999999998836,0.9999999980577361
17222,172.21999999998835,0.9999999980629354
17223,172.22999999998834,0.9999999980681213
17224,172.23999999998833,0.999999998073294
17225,172.24999999998832,0.9999999980784534
17226,172.2599999999883,0.9999999980835996
17227,172.2699999999883,0.9999999980887327
17228,172.2799999999883,0.9999999980938526
17229,172.28999999998828,0.9999999980989595
17230,172.29999999998827,0.9999999981040532
17231,172.30999999998826,0.9999999981091338
17232,172.31999999998826,0.9999999981142014
17233,172.32999999998825,0.999999998119256
17234,172.33999999998824,0.9999999981242977
17235,172.34999999998823,0.9999999981293265
17236,172.35999999998822,0.9999999981343424
17237,172.3699999999882,0.9999999981393454
17238,172.3799999999882,0.9999999981443355
17239,172.3899999999882,0.999999998149313
17240,172.39999999998818,0.9999999981542775
17241,172.40999999998817,0.9999999981592294
17242,172.41999999998816,0.9999999981641685
17243,172.42999999998815,0.999999998169095
17244,172.43999999998815,0.9999999981740089
17245,172.44999999998814,0.99999999817891
17246,172.45999999998813,0.9999999981837987
17247,172.46999999998812,0.9999999981886748
17248,172.4799999999881,0.9999999981935384
17249,172.4899999999881,0.9999999981983895
17250,172.4999999999881,0.999999998203228
17251,172.50999999998808,0.9999999982080543
17252,172.51999999998807,0.999999998212868
17253,172.52999999998806,0.9999999982176694
17254,172.53999999998805,0.9999999982224586
17255,172.54999999998805,0.9999999982272353
17256,172.55999999998804,0.9999999982319997
17257,172.56999999998803,0.999999998236752
17258,172.57999999998802,0.999999998241492
17259,172.589999999988,0.9999999982462198
17260,172.599999999988,0.9999999982509354
17261,172.609999999988,0.999999998255639
17262,172.61999999998798,0.9999999982603305
17263,172.62999999998797,0.9999999982650098
17264,172.63999999998796,0.9999999982696771
17265,172.64999999998795,0.9999999982743324
17266,172.65999999998795,0.9999999982789758
17267,172.66999999998794,0.9999999982836071
17268,172.67999999998793,0.9999999982882265
17269,172.68999999998792,0.999999998292834
17270,172.6999999999879,0.9999999982974298
17271,172.7099999999879,0.9999999983020136
17272,172.7199999999879,0.9999999983065856
17273,172.72999999998788,0.9999999983111459
17274,172.73999999998787,0.9999999983156944
17275,172.74999999998786,0.9999999983202311
17276,172.75999999998785,0.9999999983247563
17277,172.76999999998785,0.9999999983292697
17278,172.77999999998784,0.9999999983337715
17279,172.78999999998783,0.9999999983382616
17280,172.79999999998782,0.9999999983427402
17281,172.8099999999878,0.9999999983472073
17282,172.8199999999878,0.9999999983516628
17283,172.8299999999878,0.9999999983561069
17284,172.83999999998778,0.9999999983605394
17285,172.84999999998777,0.9999999983649606
17286,172.85999999998776,0.9999999983693703
17287,172.86999999998775,0.9999999983737686
17288,172.87999999998775,0.9999999983781556
17289,172.88999999998774,0.9999999983825312
17290,172.89999999998773,0.9999999983868956
17291,172.90999999998772,0.9999999983912486
17292,172.9199999999877,0.9999999983955905
17293,172.9299999999877,0.9999999983999212
17294,172.9399999999877,0.9999999984042406
17295,172.94999999998768,0.9999999984085488
17296,172.95999999998767,0.9999999984128459
17297,172.96999999998766,0.999999998417132
17298,172.97999999998765,0.999999998421407
17299,172.98999999998765,0.9999999984256709
17300,172.99999999998764,0.9999999984299237
17301,173.00999999998763,0.9999999984341656
17302,173.01999999998762,0.9999999984383966
17303,173.0299999999876,0.9999999984426166
17304,173.0399999999876,0.9999999984468255
17305,173.0499999999876,0.9999999984510237
17306,173.05999999998758,0.999999998455211
17307,173.06999999998757,0.9999999984593875
17308,173.07999999998756,0.9999999984635531
17309,173.08999999998755,0.999999998467708
17310,173.09999999998755,0.9999999984718522
17311,173.10999999998754,0.9999999984759855
17312,173.11999999998753,0.9999999984801082
17313,173.12999999998752,0.9999999984842203
17314,173.1399999999875,0.9999999984883216
17315,173.1499999999875,0.9999999984924123
17316,173.1599999999875,0.9999999984964925
17317,173.16999999998748,0.999999998500562
17318,173.17999999998747,0.9999999985046211
17319,173.18999999998746,0.9999999985086695
17320,173.19999999998745,0.9999999985127075
17321,173.20999999998745,0.999999998516735
17322,173.21999999998744,0.9999999985207522
17323,173.22999999998743,0.9999999985247588
17324,173.23999999998742,0.9999999985287551
17325,173.2499999999874,0.999999998532741
17326,173.2599999999874,0.9999999985367165
17327,173.2699999999874,0.9999999985406818
17328,173.27999999998738,0.9999999985446368
17329,173.28999999998737,0.9999999985485815
17330,173.29999999998736,0.999999998552516
17331,173.30999999998735,0.9999999985564402
17332,173.31999999998735,0.9999999985603543
17333,173.32999999998734,0.9999999985642581
17334,173.33999999998733,0.9999999985681519
17335,173.34999999998732,0.9999999985720356
17336,173.3599999999873,0.9999999985759092
17337,173.3699999999873,0.9999999985797726
17338,173.3799999999873,0.9999999985836261
17339,173.38999999998728,0.9999999985874696
17340,173.39999999998727,0.9999999985913031
17341,173.40999999998726,0.9999999985951266
17342,173.41999999998725,0.9999999985989401
17343,173.42999999998725,0.9999999986027437
17344,173.43999999998724,0.9999999986065374
17345,173.44999999998723,0.9999999986103214
17346,173.45999999998722,0.9999999986140954
17347,173.4699999999872,0.9999999986178596
17348,173.4799999999872,0.999999998621614
17349,173.4899999999872,0.9999999986253587
17350,173.49999999998718,0.9999999986290936
17351,173.50999999998717,0.9999999986328189
17352,173.51999999998716,0.9999999986365343
17353,173.52999999998715,0.9999999986402401
17354,173.53999999998715,0.9999999986439364
17355,173.54999999998714,0.9999999986476229
17356,173.55999999998713,0.9999999986512998
17357,173.56999999998712,0.9999999986549672
17358,173.5799999999871,0.9999999986586251
17359,173.5899999999871,0.9999999986622734
17360,173.5999999999871,0.9999999986659122
17361,173.60999999998708,0.9999999986695415
17362,173.61999999998707,0.9999999986731614
17363,173.62999999998706,0.9999999986767718
17364,173.63999999998705,0.9999999986803728
17365,173.64999999998705,0.9999999986839644
17366,173.65999999998704,0.9999999986875466
17367,173.66999999998703,0.9999999986911196
17368,173.67999999998702,0.9999999986946831
17369,173.689999999987,0.9999999986982374
17370,173.699999999987,0.9999999987017825
17371,173.709999999987,0.9999999987053183
17372,173.71999999998698,0.9999999987088448
17373,173.72999999998697,0.9999999987123621
17374,173.73999999998696,0.9999999987158703
17375,173.74999999998695,0.9999999987193693
17376,173.75999999998695,0.9999999987228592
17377,173.76999999998694,0.9999999987263399
17378,173.77999999998693,0.9999999987298116
17379,173.78999999998692,0.9999999987332742
17380,173.7999999999869,0.9999999987367277
17381,173.8099999999869,0.9999999987401723
17382,173.8199999999869,0.9999999987436078
17383,173.82999999998688,0.9999999987470344
17384,173.83999999998687,0.999999998750452
17385,173.84999999998686,0.9999999987538607
17386,173.85999999998685,0.9999999987572604
17387,173.86999999998685,0.9999999987606513
17388,173.87999999998684,0.9999999987640332
17389,173.88999999998683,0.9999999987674064
17390,173.89999999998682,0.9999999987707707
17391,173.9099999999868,0.9999999987741263
17392,173.9199999999868,0.999999998777473
17393,173.9299999999868,0.999999998780811
17394,173.93999999998678,0.9999999987841403
17395,173.94999999998677,0.9999999987874608
17396,173.95999999998676,0.9999999987907727
17397,173.96999999998675,0.9999999987940759
17398,173.97999999998675,0.9999999987973704
17399,173.98999999998674,0.9999999988006564
17400,173.99999999998673,0.9999999988039336
17401,174.00999999998672,0.9999999988072024
17402,174.0199999999867,0.9999999988104625
17403,174.0299999999867,0.9999999988137142
17404,174.0399999999867,0.9999999988169572
17405,174.04999999998668,0.9999999988201919
17406,174.05999999998667,0.999999998823418
17407,174.06999999998666,0.9999999988266357
17408,174.07999999998665,0.9999999988298449
17409,174.08999999998665,0.9999999988330457
17410,174.09999999998664,0.9999999988362381
17411,174.10999999998663,0.9999999988394221
17412,174.11999999998662,0.9999999988425979
17413,174.1299999999866,0.9999999988457653
17414,174.1399999999866,0.9999999988489243
17415,174.1499999999866,0.9999999988520751
17416,174.15999999998658,0.9999999988552176
17417,174.16999999998657,0.9999999988583519
17418,174.17999999998656,0.999999998861478
17419,174.18999999998655,0.9999999988645957
17420,174.19999999998655,0.9999999988677054
17421,174.20999999998654,0.9999999988708068
17422,174.21999999998653,0.9999999988739001
17423,174.22999999998652,0.9999999988769854
17424,174.2399999999865,0.9999999988800625
17425,174.2499999999865,0.9999999988831315
17426,174.2599999999865,0.9999999988861924
17427,174.26999999998648,0.9999999988892454
17428,174.27999999998647,0.9999999988922903
17429,174.28999999998646,0.9999999988953271
17430,174.29999999998645,0.999999998898356
17431,174.30999999998645,0.9999999989013769
17432,174.31999999998644,0.99999999890439
17433,174.32999999998643,0.999999998907395
17434,174.33999999998642,0.9999999989103922
17435,174.3499999999864,0.9999999989133814
17436,174.3599999999864,0.9999999989163629
17437,174.3699999999864,0.9999999989193364
17438,174.37999999998638,0.9999999989223022
17439,174.38999999998637,0.9999999989252601
17440,174.39999999998636,0.9999999989282103
17441,174.40999999998635,0.9999999989311528
17442,174.41999999998635,0.9999999989340874
17443,174.42999999998634,0.9999999989370143
17444,174.43999999998633,0.9999999989399335
17445,174.44999999998632,0.999999998942845
17446,174.4599999999863,0.9999999989457489
17447,174.4699999999863,0.9999999989486451
17448,174.4799999999863,0.9999999989515337
17449,174.48999999998628,0.9999999989544146
17450,174.49999999998627,0.999999998957288
17451,174.50999999998626,0.9999999989601538
17452,174.51999999998625,0.9999999989630121
17453,174.52999999998625,0.9999999989658628
17454,174.53999999998624,0.999999998968706
17455,174.54999999998623,0.9999999989715416
17456,174.55999999998622,0.9999999989743699
17457,174.5699999999862,0.9999999989771906
17458,174.5799999999862,0.9999999989800039
17459,174.5899999999862,0.9999999989828098
17460,174.59999999998618,0.9999999989856083
17461,174.60999999998617,0.9999999989883994
17462,174.61999999998616,0.9999999989911831
17463,174.62999999998615,0.9999999989939595
17464,174.63999999998614,0.9999999989967285
17465,174.64999999998614,0.9999999989994903
17466,174.65999999998613,0.9999999990022448
17467,174.66999999998612,0.9999999990049919
17468,174.6799999999861,0.9999999990077318
17469,174.6899999999861,0.9999999990104645
17470,174.6999999999861,0.99999999901319
17471,174.70999999998608,0.9999999990159083
17472,174.71999999998607,0.9999999990186194
17473,174.72999999998606,0.9999999990213233
17474,174.73999999998605,0.99999999902402
17475,174.74999999998604,0.9999999990267097
17476,174.75999999998604,0.9999999990293922
17477,174.76999999998603,0.9999999990320676
17478,174.77999999998602,0.999999999034736
17479,174.789999999986,0.9999999990373972
17480,174.799999999986,0.9999999990400515
17481,174.809999999986,0.9999999990426988
17482,174.81999999998598,0.999999999045339
17483,174.82999999998597,0.9999999990479722
17484,174.83999999998596,0.9999999990505986
17485,174.84999999998595,0.9999999990532179
17486,174.85999999998594,0.9999999990558303
17487,174.86999999998594,0.9999999990584357
17488,174.87999999998593,0.9999999990610343
17489,174.88999999998592,0.999999999063626
17490,174.8999999999859,0.9999999990662108
17491,174.9099999999859,0.9999999990687888
17492,174.9199999999859,0.99999999907136
17493,174.92999999998588,0.9999999990739243
17494,174.93999999998587,0.9999999990764818
17495,174.94999999998586,0.9999999990790326
17496,174.95999999998585,0.9999999990815767
17497,174.96999999998584,0.9999999990841139
17498,174.97999999998584,0.9999999990866444
17499,174.98999999998583,0.9999999990891683
17500,174.99999999998582,0.9999999990916854
17501,175.0099999999858,0.9999999990941958
17502,175.0199999999858,0.9999999990966997
17503,175.0299999999858,0.9999999990991968
17504,175.03999999998578,0.9999999991016874
17505,175.04999999998577,0.9999999991041713
17506,175.05999999998576,0.9999999991066486
17507,175.06999999998575,0.9999999991091193
17508,175.07999999998574,0.9999999991115835
17509,175.08999999998574,0.9999999991140411
17510,175.09999999998573,0.9999999991164923
17511,175.10999999998572,0.9999999991189369
17512,175.1199999999857,0.999999999121375
17513,175.1299999999857,0.9999999991238067
17514,175.1399999999857,0.9999999991262319
17515,175.14999999998568,0.9999999991286507
17516,175.15999999998567,0.999999999131063
17517,175.16999999998566,0.9999999991334689
17518,175.17999999998565,0.9999999991358683
17519,175.18999999998564,0.9999999991382615
17520,175.19999999998564,0.9999999991406483
17521,175.20999999998563,0.9999999991430287
17522,175.21999999998562,0.9999999991454028
17523,175.2299999999856,0.9999999991477706
17524,175.2399999999856,0.9999999991501322
17525,175.2499999999856,0.9999999991524873
17526,175.25999999998558,0.9999999991548363
17527,175.26999999998557,0.999999999157179
17528,175.27999999998556,0.9999999991595154
17529,175.28999999998555,0.9999999991618457
17530,175.29999999998554,0.9999999991641697
17531,175.30999999998554,0.9999999991664875
17532,175.31999999998553,0.9999999991687992
17533,175.32999999998552,0.9999999991711047
17534,175.3399999999855,0.9999999991734041
17535,175.3499999999855,0.9999999991756974
17536,175.3599999999855,0.9999999991779845
17537,175.36999999998548,0.9999999991802656
17538,175.37999999998547,0.9999999991825406
17539,175.38999999998546,0.9999999991848095
17540,175.39999999998545,0.9999999991870724
17541,175.40999999998544,0.9999999991893292
17542,175.41999999998544,0.99999999919158
17543,175.42999999998543,0.9999999991938249
17544,175.43999999998542,0.9999999991960637
17545,175.4499999999854,0.9999999991982965
17546,175.4599999999854,0.9999999992005235
17547,175.4699999999854,0.9999999992027444
17548,175.47999999998538,0.9999999992049595
17549,175.48999999998537,0.9999999992071686
17550,175.49999999998536,0.9999999992093719
17551,175.50999999998535,0.9999999992115692
17552,175.51999999998534,0.9999999992137607
17553,175.52999999998534,0.9999999992159464
17554,175.53999999998533,0.9999999992181262
17555,175.54999999998532,0.9999999992203003
17556,175.5599999999853,0.9999999992224684
17557,175.5699999999853,0.9999999992246308
17558,175.5799999999853,0.9999999992267874
17559,175.58999999998528,0.9999999992289383
17560,175.59999999998527,0.9999999992310834
17561,175.60999999998526,0.9999999992332228
17562,175.61999999998525,0.9999999992353564
17563,175.62999999998524,0.9999999992374844
17564,175.63999999998524,0.9999999992396067
17565,175.64999999998523,0.9999999992417233
17566,175.65999999998522,0.9999999992438342
17567,175.6699999999852,0.9999999992459395
17568,175.6799999999852,0.9999999992480393
17569,175.6899999999852,0.9999999992501333
17570,175.69999999998518,0.9999999992522217
17571,175.70999999998517,0.9999999992543046
17572,175.71999999998516,0.9999999992563819
17573,175.72999999998515,0.9999999992584536
17574,175.73999999998514,0.9999999992605199
17575,175.74999999998514,0.9999999992625805
17576,175.75999999998513,0.9999999992646357
17577,175.76999999998512,0.9999999992666853
17578,175.7799999999851,0.9999999992687294
17579,175.7899999999851,0.9999999992707681
17580,175.7999999999851,0.9999999992728014
17581,175.80999999998508,0.9999999992748292
17582,175.81999999998507,0.9999999992768515
17583,175.82999999998506,0.9999999992788684
17584,175.83999999998505,0.9999999992808799
17585,175.84999999998504,0.9999999992828861
17586,175.85999999998504,0.9999999992848868
17587,175.86999999998503,0.9999999992868822
17588,175.87999999998502,0.9999999992888723
17589,175.889999999985,0.9999999992908569
17590,175.899999999985,0.9999999992928363
17591,175.909999999985,0.9999999992948104
17592,175.91999999998498,0.9999999992967792
17593,175.92999999998497,0.9999999992987427
17594,175.93999999998496,0.9999999993007009
17595,175.94999999998495,0.9999999993026539
17596,175.95999999998494,0.9999999993046017
17597,175.96999999998494,0.9999999993065442
17598,175.97999999998493,0.9999999993084815
17599,175.98999999998492,0.9999999993104136
17600,175.9999999999849,0.9999999993123405
17601,176.0099999999849,0.9999999993142623
17602,176.0199999999849,0.9999999993161789
17603,176.02999999998488,0.9999999993180902
17604,176.03999999998487,0.9999999993199966
17605,176.04999999998486,0.9999999993218978
17606,176.05999999998485,0.9999999993237938
17607,176.06999999998484,0.9999999993256848
17608,176.07999999998484,0.9999999993275707
17609,176.08999999998483,0.9999999993294515
17610,176.09999999998482,0.9999999993313273
17611,176.1099999999848,0.999999999333198
17612,176.1199999999848,0.9999999993350637
17613,176.1299999999848,0.9999999993369244
17614,176.13999999998478,0.99999999933878
17615,176.14999999998477,0.9999999993406308
17616,176.15999999998476,0.9999999993424764
17617,176.16999999998475,0.9999999993443172
17618,176.17999999998474,0.999999999346153
17619,176.18999999998474,0.9999999993479839
17620,176.19999999998473,0.9999999993498098
17621,176.20999999998472,0.9999999993516308
17622,176.2199999999847,0.9999999993534469
17623,176.2299999999847,0.9999999993552581
17624,176.2399999999847,0.9999999993570644
17625,176.24999999998468,0.999999999358866
17626,176.25999999998467,0.9999999993606625
17627,176.26999999998466,0.9999999993624543
17628,176.27999999998465,0.9999999993642413
17629,176.28999999998464,0.9999999993660235
17630,176.29999999998464,0.9999999993678008
17631,176.30999999998463,0.9999999993695733
17632,176.31999999998462,0.9999999993713411
17633,176.3299999999846,0.9999999993731041
17634,176.3399999999846,0.9999999993748624
17635,176.3499999999846,0.9999999993766159
17636,176.35999999998458,0.9999999993783647
17637,176.36999999998457,0.9999999993801088
17638,176.37999999998456,0.9999999993818481
17639,176.38999999998455,0.9999999993835829
17640,176.39999999998454,0.9999999993853128
17641,176.40999999998454,0.9999999993870382
17642,176.41999999998453,0.9999999993887588
17643,176.42999999998452,0.9999999993904749
17644,176.4399999999845,0.9999999993921863
17645,176.4499999999845,0.9999999993938931
17646,176.4599999999845,0.9999999993955953
17647,176.46999999998448,0.9999999993972928
17648,176.47999999998447,0.9999999993989858
17649,176.48999999998446,0.9999999994006742
17650,176.49999999998445,0.9999999994023581
17651,176.50999999998444,0.9999999994040374
17652,176.51999999998444,0.9999999994057122
17653,176.52999999998443,0.9999999994073824
17654,176.53999999998442,0.9999999994090482
17655,176.5499999999844,0.9999999994107094
17656,176.5599999999844,0.9999999994123662
17657,176.5699999999844,0.9999999994140184
17658,176.57999999998438,0.9999999994156662
17659,176.58999999998437,0.9999999994173095
17660,176.59999999998436,0.9999999994189485
17661,176.60999999998435,0.9999999994205829
17662,176.61999999998434,0.999999999422213
17663,176.62999999998434,0.9999999994238387
17664,176.63999999998433,0.9999999994254598
17665,176.64999999998432,0.9999999994270767
17666,176.6599999999843,0.9999999994286892
17667,176.6699999999843,0.9999999994302973
17668,176.6799999999843,0.9999999994319011
17669,176.68999999998428,0.9999999994335005
17670,176.69999999998427,0.9999999994350955
17671,176.70999999998426,0.9999999994366864
17672,176.71999999998425,0.9999999994382728
17673,176.72999999998424,0.999999999439855
17674,176.73999999998424,0.9999999994414328
17675,176.74999999998423,0.9999999994430064
17676,176.75999999998422,0.9999999994445758
17677,176.7699999999842,0.9999999994461409
17678,176.7799999999842,0.9999999994477018
17679,176.7899999999842,0.9999999994492583
17680,176.79999999998418,0.9999999994508108
17681,176.80999999998417,0.999999999452359
17682,176.81999999998416,0.9999999994539029
17683,176.82999999998415,0.9999999994554427
17684,176.83999999998414,0.9999999994569784
17685,176.84999999998414,0.9999999994585098
17686,176.85999999998413,0.9999999994600371
17687,176.86999999998412,0.9999999994615604
17688,176.8799999999841,0.9999999994630794
17689,176.8899999999841,0.9999999994645943
17690,176.8999999999841,0.9999999994661051
17691,176.90999999998408,0.9999999994676118
17692,176.91999999998407,0.9999999994691143
17693,176.92999999998406,0.9999999994706129
17694,176.93999999998405,0.9999999994721074
17695,176.94999999998404,0.9999999994735977
17696,176.95999999998403,0.9999999994750841
17697,176.96999999998403,0.9999999994765665
17698,176.97999999998402,0.9999999994780447
17699,176.989999999984,0.999999999479519
17700,176.999999999984,0.9999999994809893
17701,177.009999999984,0.9999999994824555
17702,177.01999999998398,0.9999999994839178
17703,177.02999999998397,0.9999999994853762
17704,177.03999999998396,0.9999999994868305
17705,177.04999999998395,0.9999999994882809
17706,177.05999999998394,0.9999999994897274
17707,177.06999999998393,0.9999999994911699
17708,177.07999999998393,0.9999999994926085
17709,177.08999999998392,0.9999999994940432
17710,177.0999999999839,0.9999999994954739
17711,177.1099999999839,0.9999999994969009
17712,177.1199999999839,0.9999999994983239
17713,177.12999999998388,0.9999999994997429
17714,177.13999999998387,0.9999999995011583
17715,177.14999999998386,0.9999999995025697
17716,177.15999999998385,0.9999999995039772
17717,177.16999999998384,0.999999999505381
17718,177.17999999998383,0.9999999995067809
17719,177.18999999998383,0.999999999508177
17720,177.19999999998382,0.9999999995095693
17721,177.2099999999838,0.9999999995109579
17722,177.2199999999838,0.9999999995123425
17723,177.2299999999838,0.9999999995137235
17724,177.23999999998378,0.9999999995151007
17725,177.24999999998377,0.9999999995164741
17726,177.25999999998376,0.9999999995178438
17727,177.26999999998375,0.9999999995192098
17728,177.27999999998374,0.9999999995205721
17729,177.28999999998373,0.9999999995219305
17730,177.29999999998373,0.9999999995232854
17731,177.30999999998372,0.9999999995246365
17732,177.3199999999837,0.999999999525984
17733,177.3299999999837,0.9999999995273278
17734,177.3399999999837,0.9999999995286678
17735,177.34999999998368,0.9999999995300043
17736,177.35999999998367,0.9999999995313371
17737,177.36999999998366,0.9999999995326663
17738,177.37999999998365,0.9999999995339918
17739,177.38999999998364,0.9999999995353137
17740,177.39999999998363,0.999999999536632
17741,177.40999999998363,0.9999999995379467
17742,177.41999999998362,0.9999999995392578
17743,177.4299999999836,0.9999999995405653
17744,177.4399999999836,0.9999999995418692
17745,177.4499999999836,0.9999999995431696
17746,177.45999999998358,0.9999999995444665
17747,177.46999999998357,0.9999999995457598
17748,177.47999999998356,0.9999999995470497
17749,177.48999999998355,0.9999999995483358
17750,177.49999999998354,0.9999999995496186
17751,177.50999999998353,0.9999999995508978
17752,177.51999999998353,0.9999999995521736
17753,177.52999999998352,0.9999999995534458
17754,177.5399999999835,0.9999999995547145
17755,177.5499999999835,0.9999999995559798
17756,177.5599999999835,0.9999999995572416
17757,177.56999999998348,0.9999999995585
17758,177.57999999998347,0.9999999995597549
17759,177.58999999998346,0.9999999995610065
17760,177.59999999998345,0.9999999995622545
17761,177.60999999998344,0.9999999995634992
17762,177.61999999998343,0.9999999995647404
17763,177.62999999998343,0.9999999995659783
17764,177.63999999998342,0.9999999995672127
17765,177.6499999999834,0.9999999995684439
17766,177.6599999999834,0.9999999995696716
17767,177.6699999999834,0.9999999995708959
17768,177.67999999998338,0.9999999995721169
17769,177.68999999998337,0.9999999995733345
17770,177.69999999998336,0.9999999995745489
17771,177.70999999998335,0.9999999995757599
17772,177.71999999998334,0.9999999995769675
17773,177.72999999998333,0.9999999995781719
17774,177.73999999998333,0.9999999995793729
17775,177.74999999998332,0.9999999995805707
17776,177.7599999999833,0.9999999995817652
17777,177.7699999999833,0.9999999995829564
17778,177.7799999999833,0.9999999995841443
17779,177.78999999998328,0.999999999585329
17780,177.79999999998327,0.9999999995865105
17781,177.80999999998326,0.9999999995876887
17782,177.81999999998325,0.9999999995888637
17783,177.82999999998324,0.9999999995900354
17784,177.83999999998323,0.9999999995912039
17785,177.84999999998323,0.9999999995923692
17786,177.85999999998322,0.9999999995935314
17787,177.8699999999832,0.9999999995946902
17788,177.8799999999832,0.999999999595846
17789,177.8899999999832,0.9999999995969986
17790,177.89999999998318,0.999999999598148
17791,177.90999999998317,0.9999999995992942
17792,177.91999999998316,0.9999999996004373
17793,177.92999999998315,0.9999999996015773
17794,177.93999999998314,0.9999999996027141
17795,177.94999999998313,0.9999999996038478
17796,177.95999999998313,0.9999999996049784
17797,177.96999999998312,0.9999999996061059
17798,177.9799999999831,0.9999999996072303
17799,177.9899999999831,0.9999999996083515
17800,177.9999999999831,0.9999999996094697
17801,178.00999999998308,0.9999999996105848
17802,178.01999999998307,0.9999999996116969
17803,178.02999999998306,0.999999999612806
17804,178.03999999998305,0.999999999613912
17805,178.04999999998304,0.9999999996150148
17806,178.05999999998303,0.9999999996161147
17807,178.06999999998303,0.9999999996172115
17808,178.07999999998302,0.9999999996183054
17809,178.089999999983,0.9999999996193962
17810,178.099999999983,0.999999999620484
17811,178.109999999983,0.9999999996215688
17812,178.11999999998298,0.9999999996226507
17813,178.12999999998297,0.9999999996237295
17814,178.13999999998296,0.9999999996248055
17815,178.14999999998295,0.9999999996258784
17816,178.15999999998294,0.9999999996269483
17817,178.16999999998293,0.9999999996280153
17818,178.17999999998293,0.9999999996290795
17819,178.18999999998292,0.9999999996301406
17820,178.1999999999829,0.9999999996311988
17821,178.2099999999829,0.9999999996322542
17822,178.2199999999829,0.9999999996333065
17823,178.22999999998288,0.999999999634356
17824,178.23999999998287,0.9999999996354026
17825,178.24999999998286,0.9999999996364464
17826,178.25999999998285,0.9999999996374872
17827,178.26999999998284,0.9999999996385251
17828,178.27999999998283,0.9999999996395603
17829,178.28999999998283,0.9999999996405926
17830,178.29999999998282,0.999999999641622
17831,178.3099999999828,0.9999999996426485
17832,178.3199999999828,0.9999999996436723
17833,178.3299999999828,0.9999999996446932
17834,178.33999999998278,0.9999999996457113
17835,178.34999999998277,0.9999999996467266
17836,178.35999999998276,0.999999999647739
17837,178.36999999998275,0.9999999996487487
17838,178.37999999998274,0.9999999996497556
17839,178.38999999998273,0.9999999996507597
17840,178.39999999998273,0.999999999651761
17841,178.40999999998272,0.9999999996527597
17842,178.4199999999827,0.9999999996537554
17843,178.4299999999827,0.9999999996547485
17844,178.4399999999827,0.9999999996557388
17845,178.44999999998268,0.9999999996567264
17846,178.45999999998267,0.9999999996577112
17847,178.46999999998266,0.9999999996586934
17848,178.47999999998265,0.9999999996596728
17849,178.48999999998264,0.9999999996606495
17850,178.49999999998263,0.9999999996616235
17851,178.50999999998263,0.9999999996625948
17852,178.51999999998262,0.9999999996635635
17853,178.5299999999826,0.9999999996645293
17854,178.5399999999826,0.9999999996654926
17855,178.5499999999826,0.9999999996664533
17856,178.55999999998258,0.9999999996674112
17857,178.56999999998257,0.9999999996683665
17858,178.57999999998256,0.9999999996693191
17859,178.58999999998255,0.9999999996702691
17860,178.59999999998254,0.9999999996712166
17861,178.60999999998253,0.9999999996721612
17862,178.61999999998253,0.9999999996731034
17863,178.62999999998252,0.999999999674043
17864,178.6399999999825,0.9999999996749799
17865,178.6499999999825,0.9999999996759142
17866,178.6599999999825,0.9999999996768459
17867,178.66999999998248,0.9999999996777751
17868,178.67999999998247,0.9999999996787017
17869,178.68999999998246,0.9999999996796257
17870,178.69999999998245,0.9999999996805472
17871,178.70999999998244,0.9999999996814661
17872,178.71999999998243,0.9999999996823825
17873,178.72999999998243,0.9999999996832963
17874,178.73999999998242,0.9999999996842076
17875,178.7499999999824,0.9999999996851163
17876,178.7599999999824,0.9999999996860226
17877,178.7699999999824,0.9999999996869263
17878,178.77999999998238,0.9999999996878275
17879,178.78999999998237,0.9999999996887262
17880,178.79999999998236,0.9999999996896225
17881,178.80999999998235,0.9999999996905162
17882,178.81999999998234,0.9999999996914074
17883,178.82999999998233,0.9999999996922962
17884,178.83999999998233,0.9999999996931825
17885,178.84999999998232,0.9999999996940664
17886,178.8599999999823,0.9999999996949478
17887,178.8699999999823,0.9999999996958268
17888,178.8799999999823,0.9999999996967033
17889,178.88999999998228,0.9999999996975774
17890,178.89999999998227,0.999999999698449
17891,178.90999999998226,0.9999999996993182
17892,178.91999999998225,0.9999999997001849
17893,178.92999999998224,0.9999999997010494
17894,178.93999999998223,0.9999999997019113
17895,178.94999999998223,0.999999999702771
17896,178.95999999998222,0.9999999997036282
17897,178.9699999999822,0.9999999997044831
17898,178.9799999999822,0.9999999997053355
17899,178.9899999999822,0.9999999997061856
17900,178.99999999998218,0.9999999997070332
17901,179.00999999998217,0.9999999997078787
17902,179.01999999998216,0.9999999997087217
17903,179.02999999998215,0.9999999997095623
17904,179.03999999998214,0.9999999997104007
17905,179.04999999998213,0.9999999997112365
17906,179.05999999998213,0.9999999997120702
17907,179.06999999998212,0.9999999997129015
17908,179.0799999999821,0.9999999997137307
17909,179.0899999999821,0.9999999997145573
17910,179.0999999999821,0.9999999997153818
17911,179.10999999998208,0.9999999997162039
17912,179.11999999998207,0.9999999997170237
17913,179.12999999998206,0.9999999997178413
17914,179.13999999998205,0.9999999997186565
17915,179.14999999998204,0.9999999997194695
17916,179.15999999998203,0.9999999997202802
17917,179.16999999998202,0.9999999997210887
17918,179.17999999998202,0.9999999997218949
17919,179.189999999982,0.9999999997226989
17920,179.199999999982,0.9999999997235006
17921,179.209999999982,0.9999999997243001
17922,179.21999999998198,0.9999999997250973
17923,179.22999999998197,0.9999999997258925
17924,179.23999999998196,0.9999999997266853
17925,179.24999999998195,0.9999999997274759
17926,179.25999999998194,0.9999999997282643
17927,179.26999999998193,0.9999999997290505
17928,179.27999999998192,0.9999999997298346
17929,179.28999999998192,0.9999999997306164
17930,179.2999999999819,0.999999999731396
17931,179.3099999999819,0.9999999997321735
17932,179.3199999999819,0.9999999997329487
17933,179.32999999998188,0.9999999997337219
17934,179.33999999998187,0.9999999997344928
17935,179.34999999998186,0.9999999997352617
17936,179.35999999998185,0.9999999997360284
17937,179.36999999998184,0.9999999997367929
17938,179.37999999998183,0.9999999997375553
17939,179.38999999998182,0.9999999997383155
17940,179.39999999998182,0.9999999997390737
17941,179.4099999999818,0.9999999997398298
17942,179.4199999999818,0.9999999997405836
17943,179.4299999999818,0.9999999997413355
17944,179.43999999998178,0.9999999997420852
17945,179.44999999998177,0.9999999997428327
17946,179.45999999998176,0.9999999997435783
17947,179.46999999998175,0.9999999997443217
17948,179.47999999998174,0.999999999745063
17949,179.48999999998173,0.9999999997458023
17950,179.49999999998172,0.9999999997465395
17951,179.50999999998172,0.9999999997472747
17952,179.5199999999817,0.9999999997480078
17953,179.5299999999817,0.9999999997487389
17954,179.5399999999817,0.9999999997494678
17955,179.54999999998168,0.9999999997501948
17956,179.55999999998167,0.9999999997509197
17957,179.56999999998166,0.9999999997516427
17958,179.57999999998165,0.9999999997523635
17959,179.58999999998164,0.9999999997530823
17960,179.59999999998163,0.9999999997537992
17961,179.60999999998162,0.999999999754514
17962,179.61999999998162,0.9999999997552268
17963,179.6299999999816,0.9999999997559377
17964,179.6399999999816,0.9999999997566464
17965,179.6499999999816,0.9999999997573533
17966,179.65999999998158,0.9999999997580582
17967,179.66999999998157,0.9999999997587611
17968,179.67999999998156,0.9999999997594621
17969,179.68999999998155,0.999999999760161
17970,179.69999999998154,0.999999999760858
17971,179.70999999998153,0.9999999997615531
17972,179.71999999998152,0.9999999997622462
17973,179.72999999998152,0.9999999997629373
17974,179.7399999999815,0.9999999997636265
17975,179.7499999999815,0.9999999997643138
17976,179.7599999999815,0.9999999997649992
17977,179.76999999998148,0.9999999997656825
17978,179.77999999998147,0.9999999997663641
17979,179.78999999998146,0.9999999997670437
17980,179.79999999998145,0.9999999997677214
17981,179.80999999998144,0.9999999997683972
17982,179.81999999998143,0.9999999997690711
17983,179.82999999998142,0.9999999997697431
17984,179.83999999998142,0.9999999997704132
17985,179.8499999999814,0.9999999997710814
17986,179.8599999999814,0.9999999997717478
17987,179.8699999999814,0.9999999997724123
17988,179.87999999998138,0.9999999997730749
17989,179.88999999998137,0.9999999997737357
17990,179.89999999998136,0.9999999997743946
17991,179.90999999998135,0.9999999997750516
17992,179.91999999998134,0.9999999997757067
17993,179.92999999998133,0.9999999997763601
17994,179.93999999998132,0.9999999997770117
17995,179.94999999998132,0.9999999997776614
17996,179.9599999999813,0.9999999997783092
17997,179.9699999999813,0.9999999997789553
17998,179.9799999999813,0.9999999997795995
17999,179.98999999998128,0.9999999997802419
18000,179.99999999998127,0.9999999997808825
18001,180.00999999998126,0.9999999997815213
18002,180.01999999998125,0.9999999997821584
18003,180.02999999998124,0.9999999997827935
18004,180.03999999998123,0.9999999997834269
18005,180.04999999998122,0.9999999997840586
18006,180.05999999998122,0.9999999997846885
18007,180.0699999999812,0.9999999997853166
18008,180.0799999999812,0.9999999997859429
18009,180.0899999999812,0.9999999997865674
18010,180.09999999998118,0.9999999997871902
18011,180.10999999998117,0.9999999997878113
18012,180.11999999998116,0.9999999997884306
18013,180.12999999998115,0.9999999997890482
18014,180.13999999998114,0.9999999997896639
18015,180.14999999998113,0.999999999790278
18016,180.15999999998112,0.9999999997908904
18017,180.16999999998112,0.999999999791501
18018,180.1799999999811,0.99999999979211
18019,180.1899999999811,0.9999999997927171
18020,180.1999999999811,0.9999999997933225
18021,180.20999999998108,0.9999999997939263
18022,180.21999999998107,0.9999999997945284
18023,180.22999999998106,0.9999999997951288
18024,180.23999999998105,0.9999999997957274
18025,180.24999999998104,0.9999999997963244
18026,180.25999999998103,0.9999999997969197
18027,180.26999999998102,0.9999999997975133
18028,180.27999999998102,0.9999999997981053
18029,180.289999999981,0.9999999997986956
18030,180.299999999981,0.9999999997992841
18031,180.309999999981,0.9999999997998711
18032,180.31999999998098,0.9999999998004564
18033,180.32999999998097,0.99999999980104
18034,180.33999999998096,0.999999999801622
18035,180.34999999998095,0.9999999998022023
18036,180.35999999998094,0.9999999998027811
18037,180.36999999998093,0.9999999998033581
18038,180.37999999998092,0.9999999998039336
18039,180.38999999998092,0.9999999998045074
18040,180.3999999999809,0.9999999998050796
18041,180.4099999999809,0.9999999998056501
18042,180.4199999999809,0.9999999998062191
18043,180.42999999998088,0.9999999998067864
18044,180.43999999998087,0.9999999998073522
18045,180.44999999998086,0.9999999998079163
18046,180.45999999998085,0.9999999998084789
18047,180.46999999998084,0.9999999998090399
18048,180.47999999998083,0.9999999998095993
18049,180.48999999998082,0.9999999998101571
18050,180.49999999998082,0.9999999998107133
18051,180.5099999999808,0.999999999811268
18052,180.5199999999808,0.999999999811821
18053,180.5299999999808,0.9999999998123725
18054,180.53999999998078,0.9999999998129224
18055,180.54999999998077,0.9999999998134709
18056,180.55999999998076,0.9999999998140177
18057,180.56999999998075,0.999999999814563
18058,180.57999999998074,0.9999999998151068
18059,180.58999999998073,0.9999999998156489
18060,180.59999999998072,0.9999999998161896
18061,180.60999999998072,0.9999999998167287
18062,180.6199999999807,0.9999999998172664
18063,180.6299999999807,0.9999999998178025
18064,180.6399999999807,0.9999999998183371
18065,180.64999999998068,0.9999999998188701
18066,180.65999999998067,0.9999999998194017
18067,180.66999999998066,0.9999999998199317
18068,180.67999999998065,0.9999999998204603
18069,180.68999999998064,0.9999999998209873
18070,180.69999999998063,0.9999999998215128
18071,180.70999999998062,0.9999999998220369
18072,180.71999999998062,0.9999999998225595
18073,180.7299999999806,0.9999999998230805
18074,180.7399999999806,0.9999999998236001
18075,180.7499999999806,0.9999999998241182
18076,180.75999999998058,0.9999999998246349
18077,180.76999999998057,0.9999999998251502
18078,180.77999999998056,0.9999999998256639
18079,180.78999999998055,0.9999999998261762
18080,180.79999999998054,0.999999999826687
18081,180.80999999998053,0.9999999998271963
18082,180.81999999998052,0.9999999998277043
18083,180.82999999998052,0.9999999998282108
18084,180.8399999999805,0.9999999998287159
18085,180.8499999999805,0.9999999998292195
18086,180.8599999999805,0.9999999998297217
18087,180.86999999998048,0.9999999998302225
18088,180.87999999998047,0.9999999998307217
18089,180.88999999998046,0.9999999998312197
18090,180.89999999998045,0.9999999998317162
18091,180.90999999998044,0.9999999998322113
18092,180.91999999998043,0.9999999998327049
18093,180.92999999998042,0.9999999998331972
18094,180.93999999998042,0.9999999998336881
18095,180.9499999999804,0.9999999998341776
18096,180.9599999999804,0.9999999998346657
18097,180.9699999999804,0.9999999998351524
18098,180.97999999998038,0.9999999998356377
18099,180.98999999998037,0.9999999998361216
18100,180.99999999998036,0.9999999998366043
18101,181.00999999998035,0.9999999998370854
18102,181.01999999998034,0.9999999998375653
18103,181.02999999998033,0.9999999998380438
18104,181.03999999998032,0.9999999998385208
18105,181.04999999998032,0.9999999998389966
18106,181.0599999999803,0.999999999839471
18107,181.0699999999803,0.999999999839944
18108,181.0799999999803,0.9999999998404157
18109,181.08999999998028,0.9999999998408861
18110,181.09999999998027,0.999999999841355
18111,181.10999999998026,0.9999999998418228
18112,181.11999999998025,0.999999999842289
18113,181.12999999998024,0.9999999998427541
18114,181.13999999998023,0.9999999998432177
18115,181.14999999998022,0.9999999998436802
18116,181.15999999998022,0.9999999998441411
18117,181.1699999999802,0.9999999998446009
18118,181.1799999999802,0.9999999998450594
18119,181.1899999999802,0.9999999998455165
18120,181.19999999998018,0.9999999998459722
18121,181.20999999998017,0.9999999998464267
18122,181.21999999998016,0.99999999984688
18123,181.22999999998015,0.9999999998473319
18124,181.23999999998014,0.9999999998477825
18125,181.24999999998013,0.999999999848232
18126,181.25999999998012,0.9999999998486799
18127,181.26999999998012,0.9999999998491268
18128,181.2799999999801,0.9999999998495723
18129,181.2899999999801,0.9999999998500165
18130,181.2999999999801,0.9999999998504595
18131,181.30999999998008,0.9999999998509013
18132,181.31999999998007,0.9999999998513417
18133,181.32999999998006,0.9999999998517809
18134,181.33999999998005,0.9999999998522188
18135,181.34999999998004,0.9999999998526555
18136,181.35999999998003,0.999999999853091
18137,181.36999999998002,0.9999999998535252
18138,181.37999999998001,0.9999999998539582
18139,181.38999999998,0.9999999998543898
18140,181.39999999998,0.9999999998548204
18141,181.40999999998,0.9999999998552496
18142,181.41999999997998,0.9999999998556777
18143,181.42999999997997,0.9999999998561044
18144,181.43999999997996,0.99999999985653
18145,181.44999999997995,0.9999999998569544
18146,181.45999999997994,0.9999999998573775
18147,181.46999999997993,0.9999999998577995
18148,181.47999999997992,0.9999999998582203
18149,181.48999999997991,0.9999999998586397
18150,181.4999999999799,0.9999999998590581
18151,181.5099999999799,0.9999999998594753
18152,181.5199999999799,0.9999999998598912
18153,181.52999999997988,0.999999999860306
18154,181.53999999997987,0.9999999998607195
18155,181.54999999997986,0.999999999861132
18156,181.55999999997985,0.9999999998615432
18157,181.56999999997984,0.9999999998619532
18158,181.57999999997983,0.9999999998623621
18159,181.58999999997982,0.9999999998627698
18160,181.59999999997981,0.9999999998631762
18161,181.6099999999798,0.9999999998635816
18162,181.6199999999798,0.9999999998639858
18163,181.6299999999798,0.9999999998643888
18164,181.63999999997978,0.9999999998647907
18165,181.64999999997977,0.9999999998651915
18166,181.65999999997976,0.9999999998655911
18167,181.66999999997975,0.9999999998659895
18168,181.67999999997974,0.9999999998663868
18169,181.68999999997973,0.999999999866783
18170,181.69999999997972,0.999999999867178
18171,181.70999999997971,0.9999999998675719
18172,181.7199999999797,0.9999999998679646
18173,181.7299999999797,0.9999999998683563
18174,181.7399999999797,0.9999999998687468
18175,181.74999999997968,0.9999999998691362
18176,181.75999999997967,0.9999999998695245
18177,181.76999999997966,0.9999999998699116
18178,181.77999999997965,0.9999999998702976
18179,181.78999999997964,0.9999999998706827
18180,181.79999999997963,0.9999999998710665
18181,181.80999999997962,0.9999999998714492
18182,181.81999999997961,0.9999999998718309
18183,181.8299999999796,0.9999999998722113
18184,181.8399999999796,0.9999999998725908
18185,181.8499999999796,0.9999999998729692
18186,181.85999999997958,0.9999999998733464
18187,181.86999999997957,0.9999999998737227
18188,181.87999999997956,0.9999999998740978
18189,181.88999999997955,0.9999999998744719
18190,181.89999999997954,0.9999999998748448
18191,181.90999999997953,0.9999999998752167
18192,181.91999999997952,0.9999999998755875
18193,181.92999999997951,0.9999999998759572
18194,181.9399999999795,0.9999999998763259
18195,181.9499999999795,0.9999999998766935
18196,181.9599999999795,0.9999999998770601
18197,181.96999999997948,0.9999999998774257
18198,181.97999999997947,0.9999999998777901
18199,181.98999999997946,0.9999999998781536
18200,181.99999999997945,0.999999999878516
18201,182.00999999997944,0.9999999998788773
18202,182.01999999997943,0.9999999998792376
18203,182.02999999997942,0.9999999998795969
18204,182.03999999997941,0.999999999879955
18205,182.0499999999794,0.9999999998803123
18206,182.0599999999794,0.9999999998806685
18207,182.0699999999794,0.9999999998810236
18208,182.07999999997938,0.9999999998813777
18209,182.08999999997937,0.9999999998817308
18210,182.09999999997936,0.9999999998820829
18211,182.10999999997935,0.9999999998824339
18212,182.11999999997934,0.999999999882784
18213,182.12999999997933,0.999999999883133
18214,182.13999999997932,0.9999999998834811
18215,182.14999999997931,0.9999999998838282
18216,182.1599999999793,0.9999999998841742
18217,182.1699999999793,0.9999999998845193
18218,182.1799999999793,0.9999999998848633
18219,182.18999999997928,0.9999999998852064
18220,182.19999999997927,0.9999999998855484
18221,182.20999999997926,0.9999999998858895
18222,182.21999999997925,0.9999999998862297
18223,182.22999999997924,0.9999999998865687
18224,182.23999999997923,0.9999999998869069
18225,182.24999999997922,0.9999999998872441
18226,182.25999999997921,0.9999999998875803
18227,182.2699999999792,0.9999999998879155
18228,182.2799999999792,0.9999999998882498
18229,182.2899999999792,0.9999999998885831
18230,182.29999999997918,0.9999999998889154
18231,182.30999999997917,0.9999999998892468
18232,182.31999999997916,0.9999999998895772
